filename,width,height,class,xmin,xmax,ymin,ymax
201806260750_003,38,24,Boat,482,520,315,339
201806260750_004,30,32,Boat,447,477,353,385
201806260750_007,9,3,Boat,596,605,277,280
201806260750_008,10,4,Boat,541,551,279,283
201806260750_009,11,4,Boat,442,453,284,288
201806260750_010,20,9,Boat,271,291,288,297
201806260750_011,33,11,Boat,9,42,297,308
201806260750_010,12,11,Motorboat,687,699,266,277
201806260750_011,12,10,Motorboat,640,652,266,276
201806260750_005,9,9,Miscboat,983,992,271,280
201806260750_006,10,10,Miscboat,979,989,270,280
201806260750_007,11,11,Miscboat,980,991,269,280
201806260750_008,10,9,Miscboat,982,992,270,279
201806260750_009,11,10,Miscboat,982,993,269,279
201806260750_010,12,11,Miscboat,980,992,269,280
201806260750_011,9,7,Miscboat,983,992,274,281
201806260750_012,10,8,Miscboat,983,993,274,282
201806260750_013,10,8,Miscboat,983,993,276,284
201806260750_014,9,8,Miscboat,983,992,273,281
201806260750_012,138,105,Militaryship,381,519,207,312
201806260750_013,65,43,Militaryship,612,677,248,291
201806260750_014,40,27,Militaryship,706,746,256,283
201806260750_015,39,39,Militaryship,749,788,248,287
201806260750_016,26,9,Militaryship,785,811,270,279
201806260750_017,23,10,Militaryship,800,823,266,276
201806260750_018,29,12,Militaryship,807,836,265,277
201806260750_019,16,6,Militaryship,524,540,273,279
201806260750_005,23,13,Miscboat,951,974,265,278
201806260750_006,25,14,Miscboat,949,974,264,278
201806260750_007,28,15,Miscboat,948,976,263,278
201806260750_008,23,11,Miscboat,952,975,266,277
201806260750_009,25,12,Miscboat,951,976,265,277
201806260750_010,28,13,Miscboat,948,976,264,277
201806260750_011,24,13,Miscboat,953,977,267,280
201806260750_012,26,14,Miscboat,950,976,267,281
201806260750_013,29,15,Miscboat,947,976,266,281
201806260750_014,12,9,Miscboat,963,975,271,280
201806260750_015,13,10,Miscboat,962,975,271,281
201806260750_016,14,11,Miscboat,961,975,270,281
201806260750_017,15,9,Miscboat,960,975,270,279
201806260750_013,64,108,Passengership,-2,62,224,332
201806260750_014,82,60,Passengership,317,399,237,297
201806260750_015,54,43,Passengership,492,546,248,291
201806260750_016,39,31,Passengership,585,624,252,283
201806260750_017,27,19,Passengership,638,665,261,280
201806260750_018,23,22,Passengership,672,695,258,280
201806260750_019,21,18,Passengership,398,419,266,284
201806260750_014,41,21,Motorboat,250,291,273,294
201806260750_001,13,9,Motorboat,49,62,288,297
201806260750_004,6,7,Motorboat,785,791,269,276
201806260750_013,29,18,Motorboat,450,479,269,287
201806260750_021,39,20,Motorboat,1197,1236,265,285
201806260750_015,36,12,Miscboat,945,981,268,280
201806260750_021,10,14,Seamark,966,976,265,279
201806260750_021,8,18,Seamark,998,1006,270,288
201806260750_021,7,24,Seamark,1017,1024,274,298
201806260801_000,64,121,Sailboat,885,949,174,295
201806260801_001,89,163,Sailboat,1026,1115,147,310
201806260801_006,47,84,Sailboat,202,249,221,305
201806260801_007,61,117,Sailboat,191,252,197,314
201806260801_005,28,89,Sailboat,592,620,199,288
201806260801_006,53,151,Sailboat,419,472,157,308
201806260801_007,58,204,Sailboat,458,516,111,315
201806260801_008,66,261,Sailboat,257,323,90,351
201806260801_007,49,184,Sailboat,384,433,128,312
201806260801_008,79,320,Sailboat,171,250,29,349
201806260801_005,22,69,Sailboat,482,504,219,288
201806260801_006,37,104,Sailboat,259,296,201,305
201806260801_007,63,142,Sailboat,250,313,172,314
201806260801_008,54,184,Sailboat,16,70,160,344
201806260801_006,83,19,Motorboat,648,731,282,301
201806260801_007,123,30,Motorboat,788,911,286,316
201806260801_008,220,51,Motorboat,742,962,315,366
201806260801_006,32,153,Sailboat,475,507,154,307
201806260801_007,72,207,Sailboat,558,630,107,314
201806260801_008,98,325,Sailboat,330,428,26,351
201806260801_006,33,201,Sailboat,610,643,109,310
201806260801_007,88,255,Sailboat,698,786,60,315
201806260801_008,138,342,Sailboat,535,673,21,363
201806260801_005,21,9,Boat,949,970,277,286
201806260801_006,34,13,Boat,947,981,283,296
201806260801_007,51,17,Boat,1152,1203,286,303
201806260801_008,55,21,Boat,1191,1246,300,321
201806260801_005,37,19,Motorboat,831,868,267,286
201806260801_006,61,31,Motorboat,759,820,265,296
201806260801_007,66,38,Motorboat,928,994,262,300
201806260801_005,34,84,Sailboat,783,817,207,291
201806260801_006,89,181,Sailboat,682,771,127,308
201806260801_007,119,242,Sailboat,811,930,82,324
201806260801_008,263,368,Sailboat,781,1044,8,376
201806260801_005,41,97,Sailboat,646,687,191,288
201806260801_006,62,153,Sailboat,488,550,151,304
201806260801_005,40,136,Sailboat,691,731,154,290
201806260801_006,44,197,Sailboat,560,604,110,307
201806260801_011,5,16,Seamark,603,608,273,289
201806260801_012,13,23,Seamark,499,512,271,294
201806260801_013,9,25,Seamark,337,346,278,303
201806260801_014,13,31,Seamark,17,30,289,320
201806260801_010,7,20,Seamark,1051,1058,269,289
201806260801_011,7,21,Seamark,874,881,271,292
201806260801_012,17,30,Seamark,861,878,268,298
201806260801_013,14,45,Seamark,874,888,271,316
201806260801_014,31,112,Seamark,1042,1073,266,378
201806260801_014,3,18,Seamark,790,793,269,287
201806260801_015,9,21,Seamark,507,516,268,289
201806260801_016,8,23,Seamark,180,188,281,304
201806260801_017,10,33,Seamark,5,15,282,315
201806260801_013,10,8,Sailboat,1235,1245,281,289
201806260801_014,17,27,Sailboat,1117,1134,259,286
201806260801_015,17,27,Sailboat,840,857,259,286
201806260801_016,18,28,Sailboat,522,540,261,289
201806260801_017,32,101,Sailboat,319,351,207,308
201806260801_012,11,21,Seamark,1194,1205,270,291
201806260801_013,5,15,Seamark,1209,1214,280,295
201806260801_014,6,21,Seamark,1201,1207,271,292
201806260801_015,11,23,Seamark,998,1009,272,295
201806260801_016,8,25,Seamark,805,813,271,296
201806260801_017,17,41,Seamark,876,893,268,309
201806260801_018,26,61,Seamark,865,891,262,323
201806260801_019,29,88,Seamark,980,1009,267,355
201806260801_020,17,28,Cruiseship,825,842,246,274
201806260801_021,18,30,Cruiseship,866,884,245,275
201806260801_022,29,25,Cruiseship,913,942,252,277
201806260801_023,21,21,Cruiseship,930,951,253,274
201806260801_019,4,10,Seamark,510,514,274,284
201806260801_020,4,11,Seamark,466,470,275,286
201806260801_021,10,20,Seamark,470,480,270,290
201806260801_022,7,17,Seamark,501,508,272,289
201806260801_023,5,16,Seamark,483,488,273,289
201806260801_024,15,24,Seamark,435,450,271,295
201806260801_019,4,10,Seamark,876,880,273,283
201806260801_020,4,11,Seamark,881,885,273,284
201806260801_021,6,14,Seamark,951,957,271,285
201806260801_022,5,15,Seamark,1044,1049,275,290
201806260801_023,10,24,Seamark,1107,1117,267,291
201806260801_007,55,196,Sailboat,599,654,120,316
201806260801_008,56,267,Sailboat,468,524,93,360
201806260801_005,12,7,Boat,964,976,278,285
201806260801_005,25,118,Sailboat,396,421,181,299
201806260801_005,20,93,Sailboat,374,394,197,290
201806260801_007,109,173,Sailboat,83,192,141,314
201806260801_006,45,201,Sailboat,78,123,129,330
201806260801_005,25,74,Sailboat,530,555,215,289
201806260801_006,46,127,Sailboat,365,411,178,305
201806260801_005,22,88,Sailboat,565,587,200,288
201806260801_006,37,108,Sailboat,318,355,198,306
201806260801_005,39,111,Sailboat,743,782,177,288
201806260801_008,79,273,Sailboat,76,155,75,348
201806260801_009,76,339,Sailboat,1202,1278,40,379
201806260801_009,136,215,Sailboat,1062,1198,140,355
201806260801_009,99,212,Sailboat,965,1064,127,339
201806260801_009,143,251,Sailboat,780,923,81,332
201806260801_009,44,75,Sailboat,464,508,225,300
201806260801_009,35,51,Sailboat,417,452,286,337
201806260801_009,177,394,Sailboat,4,181,2,396
201806260801_009,25,52,Sailboat,277,302,249,301
201806260801_005,35,10,Motorboat,434,469,278,288
201806260801_005,39,15,Motorboat,332,371,275,290
201806260801_005,34,11,Motorboat,990,1024,275,286
201806260801_023,26,8,Motorboat,424,450,276,284
201806260801_023,28,8,Motorboat,378,406,275,283
201806260801_023,37,11,Motorboat,315,352,275,286
201806260801_004,30,13,Miscboat,289,319,286,299
201806260801_010,7,18,Seamark,177,184,284,302
201806260801_010,5,14,Seamark,817,822,271,285
201806260801_012,13,18,Seamark,925,938,266,284
201806260801_024,17,30,Seamark,1192,1209,264,294
201806260801_010,19,22,Miscellaneous,1260,1279,394,416
201806260801_009,52,170,Sailboat,1071,1123,186,356
201806260811_000,20,42,Seamark,360,380,265,307
201806260811_001,15,44,Seamark,244,259,274,318
201806260811_002,20,65,Seamark,109,129,274,339
201806260811_001,5,11,Seamark,775,780,272,283
201806260811_002,6,12,Seamark,846,852,272,284
201806260811_003,7,13,Seamark,995,1002,275,288
201806260811_004,7,24,Seamark,991,998,270,294
201806260811_005,8,31,Seamark,1217,1225,277,308
201806260811_002,62,17,Miscboat,593,655,263,280
201806260811_003,68,19,Miscboat,686,754,261,280
201806260811_004,89,25,Miscboat,595,684,258,283
201806260811_005,106,29,Miscboat,656,762,258,287
201806260811_006,129,35,Miscboat,887,1016,257,292
201806260811_007,115,49,Miscboat,1166,1281,254,303
201806260811_002,34,22,Miscboat,554,588,257,279
201806260811_003,43,28,Miscboat,639,682,254,282
201806260811_004,48,32,Miscboat,544,592,251,283
201806260811_005,52,32,Miscboat,594,646,254,286
201806260811_006,64,39,Miscboat,811,875,249,288
201806260811_007,78,64,Miscboat,1076,1154,236,300
201806260811_005,13,14,Motorboat,521,534,272,286
201806260811_006,14,15,Motorboat,724,738,273,288
201806260811_007,22,21,Motorboat,967,989,275,296
201806260811_008,35,28,Motorboat,1100,1135,278,306
201806260811_010,6,36,Seamark,223,229,294,330
201806260811_011,12,70,Seamark,95,107,318,388
201806260811_014,6,13,Seamark,613,619,281,294
201806260811_015,19,32,Seamark,885,904,259,291
201806260811_016,62,21,Passengership,617,679,260,281
201806260811_017,75,27,Passengership,936,1011,262,289
201806260811_023,6,18,Seamark,699,705,271,289
201806260811_024,13,32,Seamark,501,514,273,305
201806260811_008,38,13,Boat,16,54,294,307
201806260811_008,28,21,Boat,82,110,287,308
201806260811_014,19,9,Boat,734,753,283,292
201806260811_024,39,34,Boat,25,64,298,332
201806260811_010,90,217,Sailboat,8,98,117,334
201806260811_013,171,404,Sailboat,1110,1281,1,405
201806260811_014,129,25,Passengership,681,810,262,287
201806260811_023,59,75,Militaryship,835,894,205,280
201806260811_023,141,57,Militaryship,694,835,222,279
201806260811_008,3,27,Seamark,19,22,303,330
201806260811_008,3,28,Seamark,55,58,300,328
201806260811_008,4,30,Seamark,89,93,299,329
201806260811_010,6,58,Seamark,1086,1092,296,354
201806260811_013,10,99,Seamark,664,674,338,437
201806260811_014,19,66,Seamark,17,36,323,389
201806260811_024,10,17,Seamark,452,462,274,291
201806260811_024,13,15,Seamark,859,872,283,298
201806260811_024,24,43,Seamark,1038,1062,282,325
201806260811_002,71,20,Cargoship,842,913,259,279
201806260811_003,76,27,Cargoship,977,1053,258,285
201806260811_004,94,30,Cargoship,930,1024,256,286
201806260811_005,119,37,Cargoship,1058,1177,253,290
201806260821_000,7,24,Seamark,778,785,276,300
201806260821_001,6,29,Seamark,819,825,284,313
201806260821_000,246,117,Militaryship,832,1078,180,297
201806260821_001,319,138,Militaryship,859,1178,162,300
201806260821_002,329,147,Militaryship,942,1271,161,308
201806260821_003,283,142,Militaryship,995,1278,179,321
201806260821_001,15,45,Sailboat,467,482,241,286
201806260821_002,10,64,Sailboat,471,481,225,289
201806260821_003,30,98,Sailboat,360,390,200,298
201806260821_004,46,167,Sailboat,195,241,154,321
201806260821_011,92,73,Miscboat,12,104,258,331
201806260821_012,82,101,Militaryship,2,84,207,308
201806260821_013,86,129,Militaryship,42,128,183,312
201806260821_014,206,189,Militaryship,-85,121,141,330
201806260821_010,17,75,Sailboat,26,43,231,306
201806260821_011,25,134,Sailboat,198,223,174,308
201806260821_015,156,178,Militaryship,78,234,153,331
201806260821_016,126,258,Militaryship,3,129,107,365
201806260821_014,51,65,Cruiseship,186,237,228,293
201806260821_015,94,86,Cruiseship,313,407,206,292
201806260821_016,121,108,Cruiseship,356,477,190,298
201806260821_017,174,130,Cruiseship,254,428,173,303
201806260821_018,229,159,Cruiseship,173,402,156,315
201806260821_019,466,278,Cruiseship,-108,358,68,346
201806260821_019,44,82,Militaryship,352,396,213,295
201806260821_020,129,108,Militaryship,122,251,209,317
201806260821_016,34,52,Militaryship,484,518,235,287
201806260821_017,45,58,Militaryship,431,476,229,287
201806260821_018,47,76,Militaryship,417,464,223,299
201806260821_019,66,86,Militaryship,400,466,212,298
201806260821_020,119,117,Militaryship,254,373,194,311
201806260821_021,83,46,Militaryship,91,174,274,320
201806260821_022,127,102,Militaryship,50,177,233,335
201806260821_017,21,10,Miscboat,484,505,271,281
201806260821_018,23,11,Miscboat,484,507,272,283
201806260821_019,25,12,Miscboat,482,507,271,283
201806260821_020,40,22,Miscboat,405,445,272,294
201806260821_020,9,6,Boat,573,582,276,282
201806260821_021,12,11,Boat,450,462,278,289
201806260821_022,20,17,Boat,427,447,283,300
201806260821_023,49,26,Boat,99,148,312,338
201806260821_024,50,28,Motorboat,206,256,279,307
201806260821_014,29,96,Sailboat,238,267,189,285
201806260821_015,58,126,Sailboat,418,476,169,295
201806260821_016,41,124,Sailboat,527,568,155,279
201806260821_017,64,150,Sailboat,476,540,137,287
201806260821_018,76,158,Sailboat,476,552,125,283
201806260821_019,71,172,Sailboat,488,559,110,282
201806260821_020,113,220,Sailboat,394,507,65,285
201806260821_021,180,296,Sailboat,212,392,9,305
201806260821_022,223,314,Sailboat,178,401,1,315
201806260821_023,293,335,Sailboat,8,301,6,341
201806260821_024,151,337,Sailboat,0,151,4,341
201806260821_017,20,8,Passengership,537,557,270,278
201806260821_018,22,9,Passengership,548,570,270,279
201806260821_019,24,10,Passengership,560,584,269,279
201806260821_020,24,13,Passengership,514,538,271,284
201806260821_021,26,14,Passengership,388,414,275,289
201806260821_022,29,15,Passengership,402,431,276,291
201806260821_023,72,28,Passengership,279,351,278,306
201806260821_024,92,46,Passengership,130,222,279,325
201806260821_023,41,22,Motorboat,356,397,275,297
201806260821_024,60,27,Motorboat,247,307,282,309
201806260821_025,90,48,Motorboat,1,91,297,345
201806260821_025,16,24,Motorboat,365,381,262,286
201806260821_026,19,16,Motorboat,387,406,268,284
201806260821_027,23,24,Motorboat,403,426,265,289
201806260821_019,19,36,Sailboat,671,690,240,276
201806260821_020,19,39,Sailboat,650,669,238,277
201806260821_022,26,65,Sailboat,621,647,216,281
201806260821_023,29,76,Sailboat,604,633,205,281
201806260821_024,32,85,Sailboat,571,603,198,283
201806260821_025,43,106,Sailboat,606,649,180,286
201806260821_026,49,121,Sailboat,656,705,167,288
201806260821_027,77,202,Sailboat,757,834,102,304
201806260821_027,38,62,Sailboat,488,526,222,284
201806260821_026,24,8,Ferry,479,503,268,276
201806260821_020,130,312,Cruiseship,3,133,42,354
201806260821_005,77,17,Motorboat,1098,1175,273,290
201806260821_011,35,29,Motorboat,1142,1177,263,292
201806260821_020,28,25,Militaryship,374,402,271,296
201806260821_000,60,63,Militaryship,1213,1273,216,279
201806260821_000,108,153,Militaryship,1091,1199,148,301
201806260821_014,48,98,Militaryship,134,182,209,307
201806260821_005,45,17,Miscboat,1022,1067,271,288
201806260821_026,15,18,Miscboat,595,610,261,279
201806260821_015,79,82,Miscboat,0,79,256,338
201806260821_000,36,96,Seamark,915,951,261,357
201806260821_003,30,108,Seamark,1225,1255,315,423
201806260821_004,16,12,Miscellaneous,769,785,355,367
201806260821_004,6,7,Miscellaneous,788,794,358,365
201806260821_004,5,7,Miscellaneous,763,768,359,366
201806260821_005,18,19,Boat,1104,1122,276,295
201806260831_000,58,48,Motorboat,207,265,263,311
201806260831_001,50,68,Motorboat,1,51,267,335
201806260831_002,76,126,Sailboat,184,260,185,311
201806260831_003,60,189,Sailboat,5,65,152,341
201806260831_000,34,59,Miscboat,697,731,235,294
201806260831_001,54,84,Miscboat,702,756,214,298
201806260831_002,91,100,Miscboat,798,889,218,318
201806260831_003,245,443,Miscboat,1030,1275,3,446
201806260831_000,37,86,Sailboat,418,455,208,294
201806260831_001,51,94,Sailboat,402,453,194,288
201806260831_002,64,122,Sailboat,374,438,172,294
201806260831_003,54,120,Sailboat,358,412,190,310
201806260831_004,76,139,Sailboat,296,372,169,308
201806260831_005,96,168,Sailboat,328,424,134,302
201806260831_006,91,222,Sailboat,243,334,91,313
201806260831_003,104,192,Sailboat,243,347,120,312
201806260831_004,144,244,Sailboat,130,274,79,323
201806260831_005,117,199,Sailboat,10,127,137,336
201806260831_005,90,161,Sailboat,236,326,150,311
201806260831_006,75,203,Sailboat,164,239,118,321
201806260831_002,48,109,Sailboat,262,310,199,308
201806260831_003,82,237,Sailboat,59,141,107,344
201806260831_002,37,91,Sailboat,462,499,196,287
201806260831_003,50,120,Sailboat,415,465,178,298
201806260831_005,114,180,Sailboat,155,269,139,319
201806260831_006,153,257,Sailboat,6,159,95,352
201806260831_002,17,19,Motorboat,737,754,275,294
201806260831_003,35,40,Motorboat,789,824,272,312
201806260831_004,75,55,Motorboat,893,968,278,333
201806260831_005,130,108,Motorboat,1149,1279,308,416
201806260831_001,8,5,Boat,535,543,276,281
201806260831_002,9,5,Boat,549,558,281,286
201806260831_003,21,23,Boat,486,507,279,302
201806260831_004,26,22,Boat,455,481,291,313
201806260831_005,69,46,Boat,203,272,318,364
201806260831_002,9,7,Boat,725,734,282,289
201806260831_003,26,19,Boat,759,785,279,298
201806260831_004,32,28,Boat,848,880,285,313
201806260831_005,44,34,Boat,945,989,301,335
201806260831_006,111,81,Boat,1170,1281,335,416
201806260831_002,20,6,Miscboat,650,670,265,271
201806260831_003,22,7,Miscboat,659,681,265,272
201806260831_005,21,7,Miscboat,688,709,267,274
201806260831_001,44,16,Ferry,484,528,266,282
201806260831_002,38,23,Passengership,516,554,255,278
201806260831_003,68,27,Ferry,601,669,259,286
201806260831_004,74,24,Ferry,681,755,262,286
201806260831_005,46,35,Passengership,512,558,249,284
201806260831_006,84,40,Miscboat,704,788,251,291
201806260831_007,58,38,Passengership,889,947,241,279
201806260831_008,132,77,Passengership,917,1049,232,309
201806260831_009,186,144,Passengership,1092,1278,211,355
201806260831_002,12,90,Sailboat,712,724,194,284
201806260831_003,32,124,Sailboat,731,763,168,292
201806260831_004,33,150,Sailboat,796,829,148,298
201806260831_005,41,43,Passengership,785,826,248,291
201806260831_006,71,55,Passengership,786,857,242,297
201806260831_007,145,181,Passengership,983,1128,145,326
201806260831_005,48,192,Sailboat,829,877,115,307
201806260831_006,82,285,Sailboat,869,951,45,330
201806260831_007,58,44,Passengership,533,591,241,285
201806260831_008,76,85,Passengership,370,446,207,292
201806260831_009,115,107,Passengership,302,417,201,308
201806260831_010,156,138,Passengership,165,321,185,323
201806260831_011,174,183,Passengership,7,181,161,344
201806260831_002,46,14,Ferry,565,611,266,280
201806260831_003,52,15,Ferry,616,668,265,280
201806260831_004,50,14,Ferry,694,744,266,280
201806260831_005,69,24,Ferry,714,783,263,287
201806260831_007,132,45,Ferry,837,969,254,299
201806260831_008,285,78,Ferry,919,1204,261,339
201806260831_007,61,86,Miscboat,380,441,215,301
201806260831_008,109,150,Miscboat,58,167,180,330
201806260831_005,25,18,Miscboat,490,515,266,284
201806260831_006,28,20,Miscboat,441,469,266,286
201806260831_007,51,29,Miscboat,482,533,262,291
201806260831_008,88,42,Miscboat,270,358,261,303
201806260831_009,141,69,Miscboat,134,275,258,327
201806260831_008,37,42,Passengership,897,934,257,299
201806260831_009,87,74,Passengership,997,1084,254,328
201806260831_010,148,122,Passengership,1134,1282,248,370
201806260831_008,48,34,Miscboat,850,898,258,292
201806260831_009,63,44,Miscboat,921,984,257,301
201806260831_010,111,64,Miscboat,981,1092,267,331
201806260831_011,75,90,Miscboat,1201,1276,275,365
201806260831_008,15,18,Miscboat,835,850,271,289
201806260831_009,15,19,Miscboat,889,904,273,292
201806260831_010,55,35,Miscboat,917,972,274,309
201806260831_011,95,52,Miscboat,1033,1128,281,333
201806260831_008,11,14,Miscboat,787,798,269,283
201806260831_009,12,15,Miscboat,818,830,269,284
201806260831_010,13,16,Miscboat,815,828,269,285
201806260831_011,45,33,Miscboat,846,891,266,299
201806260831_012,79,66,Miscboat,1063,1142,264,330
201806260831_008,28,29,Miscboat,803,831,259,288
201806260831_009,36,37,Miscboat,842,878,256,293
201806260831_010,45,46,Miscboat,857,902,252,298
201806260831_011,93,64,Miscboat,929,1022,248,312
201806260831_008,37,47,Passengership,444,481,240,287
201806260831_009,28,56,Passengership,424,452,237,293
201806260831_010,62,49,Passengership,320,382,250,299
201806260831_011,101,74,Passengership,192,293,248,322
201806260831_012,69,80,Passengership,1,70,275,355
201806260831_011,34,38,Miscboat,893,927,268,306
201806260831_012,61,190,Miscboat,1219,1280,167,357
201806260831_008,24,24,Motorboat,769,793,260,284
201806260831_009,26,26,Motorboat,794,820,259,285
201806260831_010,35,30,Motorboat,782,817,261,291
201806260831_011,38,34,Motorboat,804,842,260,294
201806260831_012,100,61,Motorboat,950,1050,256,317
201806260831_005,21,19,Passengership,572,593,258,277
201806260831_006,35,23,Passengership,533,568,259,282
201806260831_007,30,20,Passengership,622,652,260,280
201806260831_008,31,21,Passengership,505,536,263,284
201806260831_009,37,29,Passengership,493,530,260,289
201806260831_010,37,29,Passengership,441,478,262,291
201806260831_011,56,50,Passengership,388,444,244,294
201806260831_012,75,57,Passengership,353,428,248,305
201806260831_013,127,107,Passengership,160,287,217,324
201806260831_014,62,143,Passengership,7,69,199,342
201806260831_005,8,7,Motorboat,609,617,268,275
201806260831_006,9,8,Motorboat,578,587,267,275
201806260831_007,9,8,Motorboat,670,679,267,275
201806260831_008,8,13,Motorboat,562,570,264,277
201806260831_009,9,14,Motorboat,562,571,264,278
201806260831_010,16,12,Motorboat,514,530,271,283
201806260831_011,16,10,Motorboat,494,510,273,283
201806260831_012,18,11,Motorboat,521,539,274,285
201806260831_013,29,20,Motorboat,436,465,273,293
201806260831_014,36,20,Motorboat,319,355,277,297
201806260831_015,53,35,Motorboat,187,240,275,310
201806260831_016,74,47,Motorboat,109,183,276,323
201806260831_016,14,12,Boat,563,577,291,303
201806260831_017,20,14,Boat,396,416,315,329
201806260831_005,27,10,Motorboat,636,663,264,274
201806260831_006,30,11,Motorboat,606,636,263,274
201806260831_007,33,12,Motorboat,702,735,261,273
201806260831_008,10,15,Motorboat,619,629,262,277
201806260831_009,11,16,Motorboat,625,636,262,278
201806260831_010,12,18,Motorboat,589,601,261,279
201806260831_011,11,17,Motorboat,577,588,263,280
201806260831_012,12,19,Motorboat,624,636,261,280
201806260831_013,13,21,Motorboat,565,578,260,281
201806260831_014,21,25,Motorboat,479,500,261,286
201806260831_015,25,32,Motorboat,413,438,262,294
201806260831_016,36,19,Motorboat,439,475,273,292
201806260831_017,41,23,Motorboat,386,427,273,296
201806260831_018,61,41,Motorboat,344,405,271,312
201806260831_019,89,48,Motorboat,241,330,279,327
201806260831_008,19,8,Miscboat,598,617,268,276
201806260831_009,25,22,Miscboat,600,625,259,281
201806260831_010,23,20,Miscboat,565,588,260,280
201806260831_011,21,18,Miscboat,555,576,262,280
201806260831_012,34,21,Miscboat,593,627,262,283
201806260831_013,31,19,Miscboat,535,566,265,284
201806260831_014,28,17,Miscboat,447,475,269,286
201806260831_015,40,34,Miscboat,365,405,261,295
201806260831_016,53,32,Miscboat,384,437,267,299
201806260831_017,74,34,Miscboat,305,379,271,305
201806260831_018,130,59,Miscboat,192,322,263,322
201806260831_019,174,75,Miscboat,40,214,274,349
201806260831_020,74,24,Motorboat,1045,1119,284,308
201806260831_021,76,24,Motorboat,983,1059,286,310
201806260831_022,102,33,Motorboat,1052,1154,298,331
201806260831_004,57,47,Boat,981,1038,314,361
201806260831_005,47,62,Boat,1098,1145,323,385
201806260831_007,117,82,Sailboat,1,118,283,365
201806260831_001,52,82,Sailboat,300,352,214,296
201806260831_002,54,136,Sailboat,293,347,168,304
201806260831_005,66,336,Sailboat,0,66,21,357
201806260831_017,81,73,Motorboat,1097,1178,259,332
201806260831_007,86,39,Motorboat,116,202,303,342
201806260831_022,56,29,Motorboat,973,1029,293,322
201806260831_000,93,146,Miscboat,1187,1280,299,445
201806260831_010,17,10,Miscellaneous,393,410,420,430
201806260841_000,70,36,Passengership,947,1017,263,299
201806260841_001,100,50,Passengership,794,894,254,304
201806260841_002,163,68,Passengership,1002,1165,253,321
201806260841_000,52,20,Ferry,652,704,262,282
201806260841_001,48,16,Ferry,400,448,265,281
201806260841_002,70,22,Ferry,454,524,262,284
201806260841_003,58,18,Ferry,373,431,264,282
201806260841_004,73,24,Ferry,353,426,263,287
201806260841_005,142,118,Ferry,333,475,192,310
201806260841_006,130,108,Ferry,245,375,196,304
201806260841_007,171,58,Ferry,121,292,259,317
201806260841_008,180,66,Passengership,120,300,238,304
201806260841_009,179,114,Passengership,1,180,211,325
201806260841_001,32,29,Motorboat,296,328,267,296
201806260841_002,47,34,Motorboat,323,370,264,298
201806260841_003,109,73,Motorboat,19,128,258,331
201806260841_001,36,29,Passengership,650,686,258,287
201806260841_002,50,33,Passengership,793,843,258,291
201806260841_003,73,82,Passengership,807,880,223,305
201806260841_004,211,144,Passengership,1036,1247,223,367
201806260841_002,21,14,Miscboat,422,443,269,283
201806260841_003,47,26,Miscboat,296,343,265,291
201806260841_004,74,35,Miscboat,196,270,263,298
201806260841_005,134,51,Miscboat,30,164,274,325
201806260841_000,38,48,Passengership,792,830,237,285
201806260841_001,49,43,Passengership,600,649,243,286
201806260841_002,61,41,Passengership,730,791,247,288
201806260841_003,88,82,Passengership,710,798,218,300
201806260841_004,162,150,Passengership,825,987,181,331
201806260841_005,163,286,Passengership,1117,1280,92,378
201806260841_004,46,42,Miscboat,267,313,250,292
201806260841_005,104,50,Miscboat,171,275,258,308
201806260841_002,23,18,Miscboat,705,728,265,283
201806260841_003,25,20,Miscboat,683,708,266,286
201806260841_004,72,57,Miscboat,755,827,250,307
201806260841_005,126,60,Miscboat,945,1071,260,320
201806260841_006,202,96,Miscboat,1024,1226,263,359
201806260841_002,15,18,Passengership,445,460,263,281
201806260841_003,27,28,Passengership,356,383,255,283
201806260841_004,39,40,Passengership,314,353,249,289
201806260841_005,74,52,Passengership,291,365,250,302
201806260841_006,115,69,Passengership,119,234,244,313
201806260841_007,68,109,Passengership,1,69,230,339
201806260841_004,11,10,Boat,516,527,276,286
201806260841_005,16,17,Boat,572,588,283,300
201806260841_006,49,33,Boat,433,482,295,328
201806260841_004,45,70,Miscboat,709,754,225,295
201806260841_005,56,93,Miscboat,852,908,212,305
201806260841_006,70,121,Miscboat,853,923,195,316
201806260841_007,117,175,Miscboat,915,1032,164,339
201806260841_008,104,103,Miscboat,1169,1273,267,370
201806260841_002,43,11,Ferry,468,511,268,279
201806260841_005,107,30,Ferry,366,473,261,291
201806260841_006,125,35,Ferry,254,379,261,296
201806260841_008,214,57,Ferry,20,234,267,324
201806260841_007,20,98,Sailboat,370,390,191,289
201806260841_008,23,119,Sailboat,408,431,172,291
201806260841_007,17,7,Motorboat,406,423,277,284
201806260841_008,17,8,Motorboat,463,480,277,285
201806260841_009,19,9,Motorboat,431,450,279,288
201806260841_010,29,15,Motorboat,368,397,280,295
201806260841_011,50,23,Motorboat,267,317,285,308
201806260841_012,64,33,Motorboat,171,235,291,324
201806260841_005,76,106,Sailboat,706,782,182,288
201806260841_006,52,128,Sailboat,680,732,170,298
201806260841_007,94,139,Sailboat,654,748,153,292
201806260841_008,97,159,Sailboat,752,849,142,301
201806260841_009,133,219,Sailboat,773,906,92,311
201806260841_010,230,289,Sailboat,787,1017,31,320
201806260841_011,179,261,Sailboat,906,1085,75,336
201806260841_013,142,58,Sailboat,1138,1280,324,382
201806260841_012,168,357,Sailboat,1105,1273,12,369
201806260841_011,18,14,Boat,351,369,285,299
201806260841_012,21,22,Boat,321,342,289,311
201806260841_013,52,32,Boat,99,151,300,332
201806260841_007,17,11,Motorboat,426,443,272,283
201806260841_008,12,11,Motorboat,494,506,272,283
201806260841_009,13,12,Motorboat,470,483,273,285
201806260841_010,30,17,Motorboat,412,442,272,289
201806260841_011,31,21,Motorboat,369,400,275,296
201806260841_012,37,29,Motorboat,348,385,279,308
201806260841_013,57,47,Motorboat,153,210,279,326
201806260841_011,36,32,Miscboat,442,478,256,288
201806260841_012,49,49,Miscboat,461,510,249,298
201806260841_013,53,50,Miscboat,342,395,251,301
201806260841_014,79,59,Miscboat,242,321,250,309
201806260841_015,126,88,Miscboat,133,259,238,326
201806260841_010,49,138,Sailboat,714,763,157,295
201806260841_011,90,196,Sailboat,781,871,107,303
201806260841_012,130,281,Sailboat,896,1026,47,328
201806260841_013,182,355,Sailboat,952,1134,1,356
201806260841_014,150,358,Sailboat,1050,1200,2,360
201806260841_014,136,179,Sailboat,885,1021,148,327
201806260841_015,169,284,Sailboat,1076,1245,85,369
201806260841_016,25,23,Boat,417,442,262,285
201806260841_017,22,27,Boat,332,354,264,291
201806260841_014,39,28,Motorboat,784,823,266,294
201806260841_015,53,42,Motorboat,857,910,258,300
201806260841_016,61,39,Motorboat,818,879,268,307
201806260841_017,92,56,Motorboat,845,937,264,320
201806260841_011,21,57,Sailboat,563,584,221,278
201806260841_012,23,64,Sailboat,609,632,215,279
201806260841_013,26,74,Sailboat,525,551,208,282
201806260841_014,22,77,Sailboat,514,536,205,282
201806260841_015,25,92,Sailboat,544,569,195,287
201806260841_016,27,80,Sailboat,442,469,202,282
201806260841_017,46,109,Sailboat,352,398,176,285
201806260841_011,49,83,Sailboat,730,779,195,278
201806260841_012,51,87,Sailboat,785,836,192,279
201806260841_013,51,95,Sailboat,714,765,184,279
201806260841_014,56,100,Sailboat,710,766,178,278
201806260841_015,60,107,Sailboat,759,819,172,279
201806260841_016,56,109,Sailboat,684,740,164,273
201806260841_017,54,111,Sailboat,652,706,161,272
201806260841_002,16,19,Motorboat,370,386,277,296
201806260841_002,13,16,Motorboat,404,417,273,289
201806260841_002,16,16,Motorboat,386,402,274,290
201806260841_005,54,16,Motorboat,705,759,267,283
201806260841_014,164,61,Motorboat,1107,1271,303,364
201806260841_006,27,77,Sailboat,639,666,206,283
201806260841_011,162,62,Sailboat,1107,1269,352,414
201806260841_010,40,183,Sailboat,260,300,125,308
201806260841_012,156,221,Sailboat,972,1128,116,337
201806260841_011,71,309,Sailboat,10,81,32,341
201806260841_000,97,64,Motorboat,331,428,270,334
201806260841_002,13,7,Motorboat,533,546,270,277
201806260841_010,119,30,Motorboat,897,1016,302,332
201806260841_014,87,34,Boat,1,88,310,344
201806260841_000,31,33,Passengership,840,871,255,288
201806260841_000,25,25,Motorboat,563,588,268,293
201806260841_004,120,76,Miscboat,8,128,247,323
201806260841_004,54,33,Miscboat,126,180,277,310
201806260841_002,3,2,Motorboat,537,540,274,276
201806260901_004,4,14,Seamark,275,279,266,280
201806260901_005,4,15,Seamark,338,342,267,282
201806260901_006,19,27,Seamark,212,231,268,295
201806260901_001,26,27,Passengership,498,524,257,284
201806260901_002,39,31,Passengership,432,471,254,285
201806260901_003,77,73,Passengership,295,372,233,306
201806260901_004,92,101,Passengership,-4,88,237,338
201806260901_008,96,52,Miscboat,1000,1096,250,302
201806260901_005,21,11,Miscboat,469,490,266,277
201806260901_006,24,26,Miscboat,396,420,254,280
201806260901_007,27,30,Miscboat,279,306,252,282
201806260901_008,32,19,Miscboat,171,203,268,287
201806260901_009,41,54,Miscboat,15,56,249,303
201806260901_005,24,10,Miscboat,491,515,266,276
201806260901_006,40,29,Miscboat,432,472,251,280
201806260901_007,49,36,Miscboat,328,377,247,283
201806260901_008,39,19,Miscboat,234,273,267,286
201806260901_009,27,30,Miscboat,108,135,260,290
201806260901_008,22,21,Miscboat,208,230,265,286
201806260901_009,35,36,Miscboat,64,99,259,295
201806260901_008,71,97,Miscboat,1049,1120,218,315
201806260901_009,109,169,Miscboat,1119,1228,178,347
201806260901_005,31,11,Miscboat,521,552,265,276
201806260901_006,32,32,Miscboat,478,510,248,280
201806260901_007,39,39,Miscboat,383,422,243,282
201806260901_008,41,18,Miscboat,280,321,267,285
201806260901_009,34,36,Miscboat,149,183,256,292
201806260901_005,15,12,Motorboat,558,573,263,275
201806260901_006,16,13,Motorboat,503,519,262,275
201806260901_007,18,14,Motorboat,416,434,261,275
201806260901_008,31,22,Motorboat,324,355,262,284
201806260901_009,43,22,Motorboat,200,243,270,292
201806260901_005,60,21,Passengership,556,616,256,277
201806260901_006,50,39,Passengership,515,565,242,281
201806260901_007,66,31,Passengership,437,503,252,283
201806260901_008,70,28,Passengership,361,431,253,281
201806260901_009,87,36,Passengership,247,334,252,288
201806260901_007,28,56,Sailboat,644,672,228,284
201806260901_008,45,75,Sailboat,588,633,213,288
201806260901_009,60,80,Sailboat,503,563,212,292
201806260901_010,45,88,Sailboat,400,445,205,293
201806260901_011,65,114,Sailboat,178,243,187,301
201806260901_010,5,16,Seamark,929,934,280,296
201806260901_011,6,18,Seamark,868,874,283,301
201806260901_012,16,29,Seamark,699,715,282,311
201806260901_013,7,37,Seamark,609,616,286,323
201806260901_012,21,54,Seamark,971,992,290,344
201806260901_013,15,88,Seamark,1111,1126,309,397
201806260901_008,32,14,Motorboat,925,957,274,288
201806260901_009,36,9,Motorboat,900,936,277,286
201806260901_010,40,14,Motorboat,853,893,276,290
201806260901_011,59,16,Motorboat,755,814,279,295
201806260901_012,75,19,Motorboat,558,633,279,298
201806260901_007,15,15,Motorboat,884,899,269,284
201806260901_008,13,14,Motorboat,871,884,270,284
201806260901_009,14,15,Motorboat,831,845,269,284
201806260901_010,21,20,Motorboat,770,791,269,289
201806260901_011,23,24,Motorboat,658,681,269,293
201806260901_012,37,31,Motorboat,431,468,269,300
201806260901_013,41,54,Motorboat,254,295,254,308
201806260901_016,32,171,Sailboat,1023,1055,139,310
201806260901_017,88,34,Miscboat,1151,1239,277,311
201806260901_002,9,7,Miscboat,543,552,265,272
201806260901_008,28,49,Miscboat,457,485,234,283
201806260901_017,134,48,Miscboat,945,1079,258,306
201806260901_017,92,35,Miscboat,857,949,259,294
201806260901_013,128,195,Sailboat,453,581,121,316
201806260901_009,62,25,Boat,1050,1112,291,316
201806260901_001,4,7,Seamark,91,95,274,281
201806260901_001,5,7,Seamark,371,376,272,279
201806260901_010,4,21,Seamark,1018,1022,282,303
201806260901_016,13,139,Seamark,937,950,359,498
201806260901_016,7,13,Seamark,81,88,290,303
201806260901_019,7,17,Seamark,1210,1217,273,290
201806260901_020,4,19,Seamark,606,610,265,284
201806260901_020,5,22,Seamark,1178,1183,271,293
201806260901_019,5,12,Seamark,806,811,269,281
201806260911_000,18,60,Seamark,919,937,258,318
201806260911_001,33,103,Seamark,1020,1053,258,361
201806260911_004,3,9,Seamark,385,388,272,281
201806260911_005,3,9,Seamark,352,355,272,281
201806260911_007,5,9,Seamark,343,348,274,283
201806260911_008,2,11,Seamark,357,359,273,284
201806260911_010,5,14,Seamark,316,321,273,287
201806260911_011,3,15,Seamark,265,268,275,290
201806260911_012,17,24,Seamark,152,169,277,301
201806260911_001,3,11,Seamark,482,485,269,280
201806260911_002,3,13,Seamark,446,449,268,281
201806260911_003,3,14,Seamark,388,391,269,283
201806260911_004,6,12,Seamark,335,341,275,287
201806260911_005,4,17,Seamark,284,288,273,290
201806260911_006,4,19,Seamark,237,241,274,293
201806260911_007,7,20,Seamark,212,219,277,297
201806260911_008,7,26,Seamark,172,179,276,302
201806260911_009,22,35,Seamark,27,49,284,319
201806260911_000,7,10,Seamark,873,880,264,274
201806260911_001,5,11,Seamark,778,783,266,277
201806260911_002,6,12,Seamark,768,774,266,278
201806260911_003,8,17,Seamark,739,747,261,278
201806260911_004,6,16,Seamark,724,730,266,282
201806260911_005,4,17,Seamark,717,721,265,282
201806260911_006,13,28,Seamark,722,735,260,288
201806260911_007,9,22,Seamark,774,783,265,287
201806260911_008,6,25,Seamark,845,851,264,289
201806260911_009,17,39,Seamark,889,906,258,297
201806260911_010,16,47,Seamark,1008,1024,262,309
201806260911_004,4,5,Seamark,635,639,269,274
201806260911_005,7,10,Seamark,616,623,265,275
201806260911_006,6,9,Seamark,615,621,267,276
201806260911_007,5,8,Seamark,650,655,267,275
201806260911_008,8,14,Seamark,687,695,263,277
201806260911_009,7,13,Seamark,684,691,264,277
201806260911_010,6,12,Seamark,722,728,265,277
201806260911_011,3,13,Seamark,754,757,265,278
201806260911_012,8,20,Seamark,767,775,260,280
201806260911_013,7,18,Seamark,778,785,264,282
201806260911_014,6,18,Seamark,764,770,265,283
201806260911_015,9,25,Seamark,774,783,268,293
201806260911_016,10,25,Seamark,787,797,265,290
201806260911_017,9,29,Seamark,773,782,267,296
201806260911_018,15,45,Seamark,809,824,257,302
201806260911_019,17,56,Seamark,897,914,263,319
201806260911_020,33,110,Seamark,1064,1097,259,369
201806260911_004,6,10,Seamark,619,625,267,277
201806260911_005,7,11,Seamark,600,607,266,277
201806260911_006,8,12,Seamark,595,603,265,277
201806260911_007,5,12,Seamark,629,634,267,279
201806260911_008,3,13,Seamark,670,673,265,278
201806260911_009,9,14,Seamark,662,671,265,279
201806260911_010,6,17,Seamark,699,705,265,282
201806260911_011,4,18,Seamark,735,739,266,284
201806260911_012,11,30,Seamark,758,769,267,297
201806260911_013,15,37,Seamark,795,810,265,302
201806260911_014,14,48,Seamark,824,838,267,315
201806260911_015,20,93,Seamark,924,944,265,358
201806260911_018,12,13,Seamark,775,787,273,286
201806260911_019,3,17,Seamark,822,825,272,289
201806260911_020,2,19,Seamark,797,799,277,296
201806260911_021,16,35,Seamark,819,835,285,320
201806260911_022,23,131,Seamark,1065,1088,333,464
201806260911_021,16,19,Motorboat,341,357,271,290
201806260911_025,7,8,Motorboat,136,143,281,289
201806260911_001,3,7,Seamark,504,507,270,277
201806260921_001,17,51,Sailboat,369,386,236,287
201806260921_002,34,72,Sailboat,137,171,225,297
201806260921_023,17,7,Motorboat,897,914,277,284
201806260921_023,15,7,Motorboat,874,889,277,284
201806260921_023,18,11,Motorboat,817,835,272,283
201806260921_020,45,68,Miscboat,102,147,239,307
201806260921_023,11,30,Sailboat,798,809,254,284
201806260921_023,19,50,Sailboat,777,796,233,283
201806260921_023,18,56,Sailboat,756,774,226,282
201806260921_023,18,38,Sailboat,638,656,243,281
201806260921_023,18,42,Sailboat,662,680,240,282
201806260921_023,29,53,Sailboat,600,629,231,284
201806260921_022,8,16,Seamark,745,753,271,287
201806260921_022,4,9,Seamark,710,714,271,280
201806260921_022,4,18,Seamark,764,768,280,298
201806260921_022,5,12,Seamark,1009,1014,270,282
201806260931_001,22,13,Motorboat,287,309,276,289
201806260931_002,24,12,Motorboat,263,287,277,289
201806260931_002,11,75,Sailboat,456,467,214,289
201806260931_003,22,87,Sailboat,458,480,208,295
201806260931_004,23,98,Sailboat,448,471,200,298
201806260931_005,38,150,Sailboat,328,366,168,318
201806260931_002,22,47,Sailboat,415,437,240,287
201806260931_003,38,86,Sailboat,422,460,210,296
201806260931_004,38,100,Sailboat,418,456,198,298
201806260931_005,50,133,Sailboat,290,340,178,311
201806260931_000,40,68,Sailboat,386,426,222,290
201806260931_001,41,77,Sailboat,340,381,216,293
201806260931_002,52,98,Sailboat,294,346,196,294
201806260931_003,62,127,Sailboat,249,311,177,304
201806260931_004,83,164,Sailboat,160,243,150,314
201806260931_005,88,162,Sailboat,33,121,151,313
201806260931_002,22,61,Sailboat,392,414,228,289
201806260931_003,25,75,Sailboat,393,418,220,295
201806260931_002,18,51,Sailboat,364,382,238,289
201806260931_003,22,68,Sailboat,361,383,227,295
201806260931_002,13,51,Sailboat,348,361,237,288
201806260931_003,17,64,Sailboat,337,354,232,296
201806260931_004,28,78,Sailboat,317,345,221,299
201806260931_005,53,108,Sailboat,146,199,203,311
201806260931_002,32,81,Sailboat,495,527,208,289
201806260931_003,26,102,Sailboat,518,544,192,294
201806260931_005,60,189,Sailboat,407,467,125,314
201806260931_005,48,18,Miscboat,1041,1089,288,306
201806260931_006,63,23,Miscboat,1040,1103,294,317
201806260931_005,59,17,Motorboat,1111,1170,291,308
201806260931_006,68,24,Motorboat,1147,1215,296,320
201806260931_005,40,175,Sailboat,585,625,138,313
201806260931_006,82,359,Sailboat,373,455,3,362
201806260931_002,38,7,Motorboat,625,663,279,286
201806260931_003,42,8,Motorboat,673,715,281,289
201806260931_004,46,9,Motorboat,716,762,285,294
201806260931_005,106,17,Motorboat,721,827,296,313
201806260931_006,215,46,Motorboat,635,850,311,357
201806260931_002,24,104,Sailboat,596,620,179,283
201806260931_003,71,147,Sailboat,611,682,153,300
201806260931_004,39,174,Sailboat,657,696,128,302
201806260931_005,67,247,Sailboat,634,701,70,317
201806260931_006,114,357,Sailboat,462,576,1,358
201806260931_002,21,80,Sailboat,527,548,208,288
201806260931_003,20,107,Sailboat,551,571,192,299
201806260931_004,32,123,Sailboat,569,601,175,298
201806260931_005,49,191,Sailboat,503,552,122,313
201806260931_006,99,317,Sailboat,237,336,31,348
201806260931_002,27,76,Sailboat,468,495,213,289
201806260931_003,32,88,Sailboat,480,512,206,294
201806260931_004,38,111,Sailboat,480,518,189,300
201806260931_005,29,164,Sailboat,375,404,147,311
201806260931_001,38,20,Motorboat,642,680,268,288
201806260931_002,41,22,Motorboat,686,727,266,288
201806260931_003,39,31,Motorboat,746,785,264,295
201806260931_004,60,29,Motorboat,789,849,268,297
201806260931_009,10,16,Seamark,1091,1101,272,288
201806260931_010,5,10,Seamark,963,968,271,281
201806260931_011,4,14,Seamark,1020,1024,269,283
201806260931_012,10,17,Seamark,709,719,269,286
201806260931_013,7,17,Seamark,469,476,271,288
201806260931_014,6,20,Seamark,346,352,274,294
201806260931_015,14,24,Seamark,254,268,277,301
201806260931_016,9,32,Seamark,78,87,277,309
201806260931_017,9,34,Seamark,8,17,284,318
201806260931_008,4,15,Seamark,736,740,269,284
201806260931_009,14,17,Seamark,721,735,271,288
201806260931_010,7,19,Seamark,537,544,269,288
201806260931_011,6,25,Seamark,506,512,269,294
201806260931_008,5,19,Seamark,988,993,271,290
201806260931_009,15,27,Seamark,1004,1019,268,295
201806260931_010,11,29,Seamark,903,914,267,296
201806260931_011,13,40,Seamark,1058,1071,269,309
201806260931_012,32,110,Seamark,1104,1136,267,377
201806260931_013,19,39,Seamark,945,964,259,298
201806260931_014,18,36,Seamark,903,921,263,299
201806260931_015,16,33,Seamark,927,943,267,300
201806260931_016,11,35,Seamark,902,913,270,305
201806260931_017,11,45,Seamark,1073,1084,269,314
201806260931_018,36,82,Seamark,979,1015,268,350
201806260931_013,7,18,Seamark,952,959,272,290
201806260931_014,3,17,Seamark,910,913,275,292
201806260931_019,5,14,Seamark,753,758,269,283
201806260931_020,2,14,Seamark,737,739,269,283
201806260931_016,15,15,Sailboat,883,898,265,280
201806260931_017,12,18,Sailboat,960,972,264,282
201806260931_018,15,29,Sailboat,680,695,255,284
201806260931_019,18,55,Sailboat,584,602,229,284
201806260931_020,20,55,Sailboat,519,539,233,288
201806260931_019,5,10,Seamark,345,350,275,285
201806260931_020,6,11,Seamark,282,288,277,288
201806260931_021,14,18,Seamark,207,221,278,296
201806260931_022,5,14,Seamark,173,178,281,295
201806260931_023,51,18,Cargoship,426,477,262,280
201806260931_024,58,21,Cargoship,362,420,262,283
201806260931_025,58,14,Cargoship,364,422,266,280
201806260931_026,60,18,Cargoship,358,418,266,284
201806260931_021,16,26,Seamark,711,727,263,289
201806260931_022,8,20,Seamark,743,751,269,289
201806260931_023,8,22,Seamark,750,758,269,291
201806260931_024,15,33,Seamark,719,734,265,298
201806260931_025,14,36,Seamark,760,774,270,306
201806260931_026,22,70,Seamark,921,943,274,344
201806260931_020,45,13,Cargoship,490,535,266,279
201806260931_021,42,13,Cargoship,450,492,266,279
201806260931_022,49,14,Cargoship,456,505,264,278
201806260931_017,15,25,Cruiseship,1025,1040,249,274
201806260931_018,13,24,Cruiseship,753,766,249,273
201806260931_019,14,26,Cruiseship,696,710,245,271
201806260931_020,16,30,Cruiseship,667,683,244,274
201806260931_021,19,36,Cruiseship,632,651,241,277
201806260931_022,19,36,Cruiseship,649,668,241,277
201806260931_023,20,33,Cruiseship,633,653,242,275
201806260931_024,22,36,Cruiseship,583,605,240,276
201806260931_025,23,39,Cruiseship,598,621,238,277
201806260931_026,24,39,Cruiseship,619,643,236,275
201806260931_022,47,21,Miscboat,285,332,262,283
201806260931_023,45,23,Miscboat,247,292,260,283
201806260931_006,73,263,Sailboat,46,119,88,351
201806260931_002,14,60,Sailboat,441,455,228,288
201806260931_006,70,282,Sailboat,2,72,61,343
201806260931_005,85,134,Sailboat,201,286,176,310
201806260931_006,102,302,Sailboat,149,251,43,345
201806260931_006,86,308,Sailboat,93,179,43,351
201806260931_005,55,188,Sailboat,452,507,128,316
201806260931_005,117,237,Sailboat,763,880,79,316
201806260931_007,114,221,Sailboat,1155,1269,126,347
201806260931_007,147,225,Sailboat,949,1096,105,330
201806260931_007,49,74,Sailboat,528,577,216,290
201806260931_007,34,77,Sailboat,441,475,219,296
201806260931_007,78,385,Sailboat,103,181,1,386
201806260931_007,13,52,Sailboat,344,357,241,293
201806260931_021,40,81,Sailboat,421,461,216,297
201806260931_022,29,94,Sailboat,349,378,207,301
201806260931_023,61,168,Sailboat,99,160,158,326
201806260931_007,47,17,Motorboat,590,637,272,289
201806260931_023,18,7,Boat,165,183,314,321
201806260931_008,4,17,Seamark,65,69,281,298
201806260931_016,4,9,Seamark,950,954,271,280
201806260931_025,4,9,Seamark,855,859,272,281
201806260931_004,9,8,Miscellaneous,248,257,305,313
201806260931_007,8,7,Miscellaneous,865,873,305,312
201806260931_007,8,12,Miscellaneous,545,553,317,329
201806260931_007,19,16,Miscellaneous,110,129,386,402
201806260931_007,12,8,Miscellaneous,255,267,357,365
201806260931_022,11,5,Boat,378,389,294,299
201806260941_000,19,33,Seamark,784,803,262,295
201806260941_001,12,32,Seamark,859,871,266,298
201806260941_002,17,52,Seamark,873,890,270,322
201806260941_003,35,112,Seamark,994,1029,261,373
201806260941_004,7,16,Seamark,792,799,269,285
201806260941_005,16,26,Seamark,793,809,263,289
201806260941_006,15,24,Seamark,845,860,266,290
201806260941_007,10,29,Seamark,856,866,267,296
201806260941_008,11,34,Seamark,852,863,267,301
201806260941_009,8,53,Seamark,872,880,267,320
201806260941_010,26,76,Seamark,989,1015,265,341
201806260941_011,15,37,Seamark,1223,1238,275,312
201806260941_012,14,34,Seamark,1127,1141,296,330
201806260941_013,10,58,Seamark,1214,1224,307,365
201806260941_005,21,7,Miscboat,546,567,276,283
201806260941_006,34,13,Miscboat,552,586,270,283
201806260941_007,31,12,Miscboat,510,541,274,286
201806260941_008,28,11,Miscboat,434,462,278,289
201806260941_009,31,12,Miscboat,352,383,280,292
201806260941_010,34,13,Miscboat,293,327,282,295
201806260941_011,67,27,Miscboat,143,210,281,308
201806260941_006,8,24,Seamark,1088,1096,273,297
201806260941_007,8,26,Seamark,1149,1157,278,304
201806260941_007,9,36,Seamark,876,885,282,318
201806260941_008,13,54,Seamark,948,961,289,343
201806260941_009,9,26,Seamark,1047,1056,272,298
201806260941_010,8,24,Seamark,1138,1146,283,307
201806260941_002,93,41,Militaryship,1092,1185,240,281
201806260941_003,119,52,Militaryship,1065,1184,233,285
201806260941_004,156,68,Militaryship,1017,1173,225,293
201806260941_005,118,72,Militaryship,1073,1191,211,283
201806260941_006,155,94,Militaryship,1129,1284,201,295
201806260941_007,116,67,Militaryship,1164,1280,231,298
201806260941_008,63,79,Militaryship,1203,1266,217,296
201806260941_009,93,89,Militaryship,1184,1277,200,289
201806260941_007,13,14,Passengership,1033,1046,267,281
201806260941_008,13,13,Passengership,994,1007,267,280
201806260941_009,14,14,Passengership,958,972,263,277
201806260941_010,23,26,Passengership,958,981,259,285
201806260941_011,29,23,Passengership,902,931,263,286
201806260941_012,46,42,Passengership,562,608,258,300
201806260941_013,74,58,Passengership,234,308,259,317
201806260941_012,161,35,Militaryship,1120,1281,272,307
201806260941_013,238,113,Militaryship,1043,1281,202,315
201806260941_014,23,17,Militaryship,474,497,267,284
201806260941_015,34,43,Militaryship,353,387,250,293
201806260941_016,59,55,Militaryship,280,339,248,303
201806260941_017,38,45,Miscboat,135,173,248,293
201806260941_018,49,58,Miscboat,138,187,241,299
201806260941_019,62,73,Miscboat,109,171,233,306
201806260941_020,40,103,Militaryship,62,102,216,319
201806260941_021,46,119,Militaryship,86,132,196,315
201806260941_022,35,89,Militaryship,146,181,212,301
201806260941_023,108,129,Militaryship,83,191,183,312
201806260941_024,161,226,Militaryship,3,164,111,337
201806260941_020,64,71,Miscboat,9,73,252,323
201806260941_021,76,110,Militaryship,49,125,198,308
201806260941_022,126,174,Militaryship,19,145,146,320
201806260941_023,76,70,Cruiseship,230,306,218,288
201806260941_024,112,99,Cruiseship,318,430,197,296
201806260941_025,142,177,Cruiseship,290,432,125,302
201806260941_026,192,145,Cruiseship,203,395,165,310
201806260941_027,323,248,Cruiseship,56,379,74,322
201806260941_014,46,9,Motorboat,956,1002,270,279
201806260941_015,87,23,Motorboat,885,972,268,291
201806260941_016,59,17,Motorboat,1012,1071,270,287
201806260941_016,45,18,Motorboat,950,995,275,293
201806260941_017,73,17,Motorboat,1185,1258,288,305
201806260941_015,53,29,Miscboat,819,872,263,292
201806260941_016,76,24,Miscboat,881,957,264,288
201806260941_017,92,26,Miscboat,1082,1174,275,301
201806260941_002,33,18,Boat,5,38,285,303
201806260941_003,58,26,Boat,61,119,281,307
201806260941_004,63,27,Boat,146,209,274,301
201806260941_005,59,28,Boat,278,337,270,298
201806260941_006,66,28,Boat,460,526,274,302
201806260941_007,57,25,Boat,605,662,272,297
201806260941_008,47,17,Boat,729,776,278,295
201806260941_009,52,19,Boat,838,890,275,294
201806260941_010,50,18,Boat,980,1030,278,296
201806260941_011,27,20,Boat,1074,1101,277,297
201806260941_012,26,32,Boat,879,905,268,300
201806260941_013,22,20,Boat,742,764,273,293
201806260941_014,21,18,Boat,751,772,273,291
201806260941_015,20,26,Boat,686,706,271,297
201806260941_016,20,19,Boat,758,778,272,291
201806260941_017,19,14,Boat,906,925,278,292
201806260941_018,25,23,Boat,1144,1169,277,300
201806260941_017,15,15,Motorboat,629,644,266,281
201806260941_018,16,16,Motorboat,776,792,265,281
201806260941_019,29,22,Motorboat,972,1001,266,288
201806260941_020,41,29,Motorboat,1174,1215,266,295
201806260941_021,27,74,Sailboat,188,215,234,308
201806260941_022,35,29,Motorboat,236,271,289,318
201806260941_023,15,37,Militaryship,307,322,245,282
201806260941_024,16,41,Militaryship,441,457,238,279
201806260941_025,40,52,Militaryship,442,482,232,284
201806260941_026,45,47,Militaryship,424,469,238,285
201806260941_027,92,79,Militaryship,376,468,221,300
201806260941_023,29,106,Sailboat,327,356,174,280
201806260941_024,57,134,Sailboat,457,514,158,292
201806260941_025,51,134,Sailboat,490,541,144,278
201806260941_026,64,144,Sailboat,475,539,133,277
201806260941_027,80,183,Sailboat,485,565,111,294
201806260941_017,29,7,Motorboat,816,845,272,279
201806260941_017,16,7,Motorboat,800,816,272,279
201806260941_017,19,8,Motorboat,779,798,272,280
201806260941_017,31,52,Sailboat,684,715,230,282
201806260941_025,16,29,Sailboat,629,645,245,274
201806260941_022,32,91,Cruiseship,181,213,198,289
201806260941_014,79,30,Militaryship,1083,1162,266,296
201806260941_026,21,45,Militaryship,399,420,240,285
201806260941_015,163,78,Militaryship,1089,1252,240,318
201806260941_002,61,33,Miscboat,1218,1279,256,289
201806260941_014,98,40,Miscboat,1171,1269,282,322
201806260941_004,4,14,Seamark,769,773,275,289
201806260941_004,4,10,Seamark,963,967,279,289
201806260941_002,30,62,Cruiseship,169,199,223,285
201806260952_000,59,34,Passengership,263,322,273,307
201806260952_001,112,42,Passengership,1,113,290,332
201806260952_000,30,29,Motorboat,328,358,273,302
201806260952_001,62,27,Motorboat,177,239,288,315
201806260952_001,20,18,Boat,344,364,286,304
201806260952_002,79,40,Boat,14,93,329,369
201806260952_001,38,94,Sailboat,573,611,191,285
201806260952_002,45,112,Sailboat,604,649,174,286
201806260952_003,57,147,Sailboat,675,732,161,308
201806260952_004,69,175,Sailboat,751,820,123,298
201806260952_005,134,290,Sailboat,841,975,29,319
201806260952_006,177,198,Miscboat,1095,1272,191,389
201806260952_001,13,15,Motorboat,358,371,267,282
201806260952_002,17,24,Motorboat,363,380,259,283
201806260952_003,26,17,Motorboat,409,435,266,283
201806260952_004,25,23,Motorboat,426,451,263,286
201806260952_005,31,24,Motorboat,391,422,265,289
201806260952_006,48,46,Motorboat,292,340,264,310
201806260952_007,109,80,Motorboat,-4,105,262,342
201806260952_004,21,30,Passengership,673,694,249,279
201806260952_005,48,84,Passengership,693,741,211,295
201806260952_006,43,74,Passengership,717,760,217,291
201806260952_007,50,86,Passengership,757,807,211,297
201806260952_008,103,95,Passengership,866,969,223,318
201806260952_009,84,101,Passengership,1196,1280,302,403
201806260952_005,30,49,Sailboat,516,546,228,277
201806260952_006,35,57,Sailboat,504,539,224,281
201806260952_007,48,88,Sailboat,444,492,198,286
201806260952_008,54,96,Sailboat,430,484,190,286
201806260952_009,41,129,Sailboat,385,426,177,306
201806260952_005,38,52,Sailboat,473,511,229,281
201806260952_006,49,66,Sailboat,442,491,219,285
201806260952_007,55,74,Sailboat,387,442,215,289
201806260952_008,56,112,Sailboat,276,332,194,306
201806260952_008,36,28,Militaryship,521,557,247,275
201806260952_009,38,37,Militaryship,512,550,243,280
201806260952_010,46,54,Militaryship,462,508,235,289
201806260952_011,40,46,Militaryship,454,494,237,283
201806260952_012,167,47,Ferry,349,516,260,307
201806260952_013,77,85,Militaryship,372,449,210,295
201806260952_014,122,102,Militaryship,219,341,203,305
201806260952_015,195,172,Militaryship,2,197,162,334
201806260952_008,69,137,Sailboat,383,452,157,294
201806260952_009,114,195,Sailboat,254,368,112,307
201806260952_009,117,186,Sailboat,123,240,133,319
201806260952_010,138,318,Sailboat,1,139,24,342
201806260952_008,80,139,Sailboat,187,267,173,312
201806260952_009,95,204,Sailboat,5,100,133,337
201806260952_010,100,156,Sailboat,175,275,159,315
201806260952_011,78,219,Sailboat,147,225,106,325
201806260952_012,91,160,Sailboat,1,92,180,340
201806260952_010,7,8,Boat,488,495,281,289
201806260952_011,12,14,Boat,419,431,290,304
201806260952_009,39,122,Sailboat,433,472,174,296
201806260952_011,135,47,Motorboat,123,258,274,321
201806260952_012,71,41,Motorboat,78,149,293,334
201806260952_011,87,310,Sailboat,878,965,16,326
201806260952_012,97,127,Motorboat,1183,1280,294,421
201806260952_011,26,37,Motorboat,848,874,275,312
201806260952_012,114,82,Motorboat,1022,1136,282,364
201806260952_008,17,84,Sailboat,727,744,194,278
201806260952_009,31,133,Sailboat,757,788,167,300
201806260952_010,40,180,Sailboat,776,816,123,303
201806260952_005,29,12,Ferry,626,655,262,274
201806260952_006,43,18,Ferry,643,686,258,276
201806260952_007,44,18,Ferry,648,692,259,277
201806260952_008,40,16,Ferry,677,717,261,277
201806260952_009,118,28,Ferry,627,745,255,283
201806260952_010,86,21,Ferry,571,657,262,283
201806260952_011,102,25,Ferry,496,598,265,290
201806260952_013,138,79,Ferry,0,138,261,340
201806260952_014,16,13,Motorboat,528,544,266,279
201806260952_009,63,41,Ferry,658,721,242,283
201806260952_010,44,46,Passengership,732,776,243,289
201806260952_011,63,62,Passengership,775,838,233,295
201806260952_012,122,166,Passengership,836,958,151,317
201806260952_013,228,370,Passengership,1049,1277,27,397
201806260952_010,28,29,Passengership,704,732,253,282
201806260952_011,33,38,Passengership,737,770,247,285
201806260952_012,50,56,Passengership,773,823,239,295
201806260952_013,87,78,Passengership,853,940,234,312
201806260952_014,205,188,Passengership,1062,1267,191,379
201806260952_013,73,43,Miscboat,283,356,260,303
201806260952_014,134,56,Miscboat,15,149,269,325
201806260952_014,78,36,Motorboat,880,958,268,304
201806260952_015,138,95,Motorboat,1143,1281,272,367
201806260952_014,21,32,Motorboat,855,876,264,296
201806260952_015,85,52,Motorboat,1009,1094,275,327
201806260952_013,33,50,Passengership,447,480,238,288
201806260952_014,60,33,Passengership,339,399,257,290
201806260952_015,106,100,Passengership,207,313,212,312
201806260952_016,164,127,Passengership,1,165,203,330
201806260952_016,65,44,Motorboat,903,968,267,311
201806260952_017,96,48,Motorboat,1005,1101,277,325
201806260952_018,83,201,Motorboat,1198,1281,178,379
201806260952_014,32,25,Motorboat,763,795,257,282
201806260952_015,34,27,Motorboat,822,856,257,284
201806260952_016,50,43,Motorboat,853,903,257,300
201806260952_017,91,58,Motorboat,908,999,254,312
201806260952_018,159,98,Motorboat,985,1144,239,337
201806260952_013,29,23,Passengership,511,540,258,281
201806260952_014,37,38,Passengership,456,493,243,281
201806260952_015,47,32,Passengership,426,473,263,295
201806260952_016,67,40,Passengership,351,418,257,297
201806260952_017,88,53,Passengership,277,365,247,300
201806260952_018,129,89,Passengership,128,257,224,313
201806260952_019,104,144,Passengership,1,105,193,337
201806260952_017,23,12,Motorboat,474,497,272,284
201806260952_018,25,13,Motorboat,417,442,274,287
201806260952_019,36,21,Motorboat,348,384,274,295
201806260952_020,56,26,Motorboat,192,248,283,309
201806260952_014,18,14,Miscboat,581,599,261,275
201806260952_015,20,15,Miscboat,592,612,259,274
201806260952_016,22,16,Miscboat,570,592,259,275
201806260952_017,27,21,Miscboat,555,582,258,279
201806260952_018,30,23,Miscboat,513,543,257,280
201806260952_019,36,20,Miscboat,474,510,266,286
201806260952_020,49,21,Miscboat,408,457,268,289
201806260952_021,83,50,Miscboat,208,291,254,304
201806260952_014,14,13,Motorboat,601,615,262,275
201806260952_015,20,24,Motorboat,610,630,255,279
201806260952_016,18,22,Motorboat,592,610,258,280
201806260952_017,16,20,Motorboat,585,601,259,279
201806260952_018,25,20,Motorboat,542,567,264,284
201806260952_019,23,18,Motorboat,510,533,266,284
201806260952_020,28,20,Motorboat,458,486,268,288
201806260952_021,39,44,Motorboat,304,343,254,298
201806260952_022,94,45,Motorboat,109,203,281,326
201806260952_023,60,51,Motorboat,6,66,292,343
201806260952_012,49,42,Boat,140,189,323,365
201806260952_009,64,205,Sailboat,108,172,122,327
201806260952_011,73,253,Sailboat,13,86,91,344
201806260952_000,270,317,Sailboat,2,272,3,320
201806260952_014,88,104,Passengership,964,1052,230,334
201806260952_021,94,85,Motorboat,1017,1111,257,342
201806260952_010,107,86,Motorboat,1110,1217,314,400
201806260952_009,44,48,Motorboat,835,879,267,315
201806260952_010,86,75,Motorboat,1019,1105,296,371
201806260952_010,28,45,Motorboat,989,1017,310,355
201806260952_010,44,40,Motorboat,870,914,285,325
201806260952_024,62,24,Motorboat,848,910,291,315
201806260952_024,102,30,Motorboat,919,1021,292,322
201806260952_014,47,49,Miscboat,809,856,247,296
201806260952_024,109,40,Miscboat,7,116,269,309
201806260952_004,34,11,Ferry,575,609,263,274
201806260952_016,200,216,Militaryship,1044,1244,142,358
201806260952_010,59,33,Motorboat,353,412,266,299
201806260952_011,51,29,Motorboat,262,313,280,309
201806260952_012,20,15,Motorboat,559,579,262,277
201806260952_013,18,14,Motorboat,560,578,263,277
201806261334_001,78,99,Militaryship,1002,1080,219,318
201806261334_002,128,128,Militaryship,1141,1269,236,364
201806261334_001,54,55,Passengership,307,361,230,285
201806261334_002,59,37,Passengership,94,153,252,289
201806261334_003,8,32,Seamark,1017,1025,295,327
201806261334_004,20,110,Seamark,1124,1144,334,444
201806261334_001,16,14,Motorboat,814,830,276,290
201806261334_002,18,17,Motorboat,730,748,275,292
201806261334_003,25,25,Motorboat,619,644,269,294
201806261334_004,50,43,Motorboat,57,107,265,308
201806261334_004,6,44,Seamark,442,448,286,330
201806261334_005,13,80,Seamark,171,184,317,397
201806261334_003,85,14,Sailboat,746,831,285,299
201806261334_004,126,218,Sailboat,275,401,98,316
201806261334_005,211,356,Sailboat,2,213,4,360
201806261334_006,98,38,Motorboat,937,1035,272,310
201806261334_007,133,49,Motorboat,1096,1229,280,329
201806261334_007,159,31,Motorboat,960,1119,283,314
201806261334_008,178,71,Motorboat,1010,1188,277,348
201806261334_009,7,20,Seamark,1068,1075,281,301
201806261334_010,12,33,Seamark,874,886,271,304
201806261334_011,15,43,Seamark,971,986,283,326
201806261334_012,23,78,Seamark,886,909,273,351
201806261334_015,10,18,Seamark,210,220,269,287
201806261334_016,11,21,Seamark,76,87,268,289
201806261334_015,8,17,Seamark,712,720,278,295
201806261334_016,9,31,Seamark,765,774,267,298
201806261334_017,15,43,Seamark,825,840,272,315
201806261334_018,29,108,Seamark,1195,1224,281,389
201806261334_018,7,19,Seamark,650,657,270,289
201806261334_019,8,25,Seamark,653,661,271,296
201806261334_020,13,30,Seamark,736,749,276,306
201806261334_021,21,60,Seamark,777,798,275,335
201806261334_022,49,168,Seamark,998,1047,282,450
201806261334_022,13,22,Seamark,788,801,276,298
201806261334_023,12,29,Seamark,810,822,279,308
201806261334_024,20,51,Seamark,867,887,278,329
201806261334_025,32,133,Seamark,1128,1160,282,415
201806261334_027,13,39,Seamark,883,896,295,334
201806261334_028,8,65,Seamark,904,912,310,375
201806261334_061,21,48,Sailboat,763,784,238,286
201806261334_062,30,54,Sailboat,328,358,232,286
201806261334_064,30,54,Sailboat,353,383,232,286
201806261334_065,36,83,Sailboat,322,358,211,294
201806261334_066,48,91,Sailboat,366,414,206,297
201806261334_067,48,123,Sailboat,184,232,181,304
201806261334_061,17,39,Sailboat,826,843,247,286
201806261334_062,33,58,Sailboat,386,419,225,283
201806261334_063,34,59,Sailboat,445,479,225,284
201806261334_064,44,74,Sailboat,426,470,212,286
201806261334_065,28,127,Sailboat,447,475,173,300
201806261334_066,30,133,Sailboat,480,510,163,296
201806261334_067,37,152,Sailboat,294,331,155,307
201806261334_068,44,217,Sailboat,293,337,112,329
201806261334_066,51,122,Sailboat,420,471,172,294
201806261334_067,51,161,Sailboat,238,289,145,306
201806261334_061,25,48,Sailboat,920,945,241,289
201806261334_062,28,10,Motorboat,503,531,272,282
201806261334_063,38,8,Motorboat,563,601,275,283
201806261334_064,35,7,Motorboat,578,613,278,285
201806261334_065,48,15,Motorboat,622,670,280,295
201806261334_066,62,11,Motorboat,696,758,284,295
201806261334_067,112,19,Motorboat,588,700,291,310
201806261334_068,154,60,Motorboat,726,880,306,366
201806261334_063,24,13,Motorboat,898,922,277,290
201806261334_064,14,11,Motorboat,1004,1018,285,296
201806261334_064,31,74,Sailboat,279,310,213,287
201806261334_065,34,121,Sailboat,241,275,177,298
201806261334_066,46,84,Sailboat,269,315,211,295
201806261334_067,43,104,Sailboat,57,100,198,302
201806261334_068,46,139,Sailboat,13,59,175,314
201806261334_061,22,52,Sailboat,726,748,233,285
201806261334_062,24,58,Sailboat,294,318,228,286
201806261334_063,37,91,Sailboat,336,373,210,301
201806261334_064,32,88,Sailboat,312,344,203,291
201806261334_065,41,115,Sailboat,282,323,182,297
201806261334_066,47,97,Sailboat,318,365,200,297
201806261334_067,52,125,Sailboat,108,160,178,303
201806261334_066,49,136,Sailboat,565,614,161,297
201806261334_067,34,181,Sailboat,401,435,126,307
201806261334_068,24,204,Sailboat,538,562,130,334
201806261334_067,53,195,Sailboat,633,686,90,285
201806261334_068,204,304,Sailboat,738,942,47,351
201806261334_066,45,135,Sailboat,514,559,162,297
201806261334_067,38,168,Sailboat,357,395,139,307
201806261334_068,57,266,Sailboat,426,483,63,329
201806261334_064,30,8,Motorboat,763,793,279,287
201806261334_065,35,12,Motorboat,871,906,284,296
201806261334_066,48,15,Motorboat,1006,1054,285,300
201806261334_067,67,19,Motorboat,976,1043,291,310
201806261334_068,72,33,Motorboat,1204,1276,300,333
201806261334_064,21,7,Motorboat,727,748,279,286
201806261334_065,23,8,Motorboat,826,849,285,293
201806261334_066,62,14,Motorboat,931,993,283,297
201806261334_067,53,17,Motorboat,913,966,289,306
201806261334_068,71,26,Motorboat,1110,1181,297,323
201806261334_061,25,11,Motorboat,952,977,278,289
201806261334_062,28,12,Motorboat,542,570,271,283
201806261334_063,31,13,Motorboat,614,645,270,283
201806261334_064,32,17,Motorboat,636,668,270,287
201806261334_065,38,21,Motorboat,703,741,270,291
201806261334_066,56,29,Motorboat,786,842,267,296
201806261334_067,75,32,Motorboat,696,771,267,299
201806261334_061,21,58,Sailboat,896,917,230,288
201806261334_062,23,65,Sailboat,479,502,221,286
201806261334_063,25,73,Sailboat,543,568,217,290
201806261334_064,31,98,Sailboat,542,573,184,282
201806261334_065,40,129,Sailboat,573,613,158,287
201806261334_066,52,186,Sailboat,629,681,115,301
201806261334_067,107,248,Sailboat,471,578,58,306
201806261334_068,111,318,Sailboat,577,688,22,340
201806261334_037,35,21,Boat,316,351,285,306
201806261334_068,39,224,Sailboat,247,286,99,323
201806261334_061,13,45,Sailboat,846,859,241,286
201806261334_061,17,45,Sailboat,804,821,240,285
201806261334_061,23,46,Sailboat,866,889,241,287
201806261334_066,26,165,Sailboat,196,222,142,307
201806261334_064,20,46,Sailboat,386,406,240,286
201806261334_068,36,152,Sailboat,164,200,168,320
201806261334_068,67,161,Sailboat,71,138,157,318
201806261334_068,23,180,Sailboat,208,231,144,324
201806261334_068,52,245,Sailboat,358,410,81,326
201806261334_000,11,27,Seamark,141,152,264,291
201806261334_006,16,150,Seamark,987,1003,403,553
201806261334_006,8,20,Seamark,182,190,269,289
201806261334_011,8,25,Seamark,61,69,267,292
201806261334_018,8,18,Seamark,197,205,262,280
201806261334_060,10,14,Seamark,869,879,276,290
201806261334_003,76,99,Sailboat,753,829,199,298
201806261404_000,126,227,Sailboat,85,211,108,335
201806261404_001,130,249,Sailboat,1147,1277,96,345
201806261404_002,5,12,Seamark,622,627,271,283
201806261404_003,7,15,Seamark,614,621,270,285
201806261404_004,5,12,Seamark,540,545,273,285
201806261404_005,6,22,Seamark,567,573,265,287
201806261404_006,8,23,Seamark,419,427,269,292
201806261404_007,8,28,Seamark,324,332,267,295
201806261404_002,5,20,Seamark,879,884,270,290
201806261404_003,8,21,Seamark,898,906,273,294
201806261404_004,7,24,Seamark,866,873,272,296
201806261404_005,6,30,Seamark,954,960,270,300
201806261404_006,12,39,Seamark,893,905,269,308
201806261404_007,14,54,Seamark,997,1011,271,325
201806261404_008,35,165,Seamark,1072,1107,267,432
201806261404_007,4,9,Seamark,931,935,278,287
201806261404_008,5,18,Seamark,631,636,267,285
201806261404_009,8,20,Seamark,212,220,267,287
201806261404_010,7,21,Seamark,48,55,280,301
201806261404_003,6,10,Seamark,994,1000,276,286
201806261404_004,4,10,Seamark,954,958,275,285
201806261404_005,3,14,Seamark,1022,1025,272,286
201806261404_006,4,12,Seamark,929,933,272,284
201806261404_011,4,8,Seamark,574,578,270,278
201806261404_012,5,12,Seamark,395,400,269,281
201806261404_013,5,21,Seamark,255,260,262,283
201806261404_014,5,20,Seamark,128,133,268,288
201806261404_009,7,21,Seamark,739,746,270,291
201806261404_010,9,24,Seamark,785,794,278,302
201806261404_011,16,65,Seamark,879,895,265,330
201806261404_012,5,13,Seamark,810,815,272,285
201806261404_013,6,14,Seamark,769,775,270,284
201806261404_014,5,22,Seamark,800,805,271,293
201806261404_015,12,36,Seamark,898,910,272,308
201806261404_016,23,80,Seamark,957,980,274,354
201806261404_017,48,23,Miscboat,1119,1167,264,287
201806261404_018,63,29,Miscboat,1131,1194,261,290
201806261404_019,56,41,Miscboat,1224,1280,255,296
201806261404_017,5,19,Seamark,749,754,268,287
201806261404_018,7,25,Seamark,727,734,268,293
201806261404_019,13,38,Seamark,785,798,267,305
201806261404_020,24,93,Seamark,938,962,262,355
201806261404_021,23,22,Seamark,806,829,266,288
201806261404_022,13,25,Seamark,814,827,266,291
201806261404_023,18,72,Seamark,912,930,294,366
201806261404_011,16,27,Cruiseship,902,918,250,277
201806261404_012,17,29,Cruiseship,762,779,246,275
201806261404_013,17,28,Cruiseship,696,713,243,271
201806261404_014,17,34,Cruiseship,679,696,241,275
201806261404_015,18,36,Cruiseship,699,717,239,275
201806261404_016,23,38,Cruiseship,516,539,235,273
201806261404_017,25,41,Cruiseship,383,408,233,274
201806261404_018,34,54,Cruiseship,302,336,224,278
201806261404_019,29,52,Cruiseship,273,302,223,275
201806261404_020,31,63,Cruiseship,197,228,219,282
201806261404_016,59,33,Militaryship,1107,1166,250,283
201806261404_017,74,33,Militaryship,1041,1115,249,282
201806261404_018,93,41,Militaryship,1036,1129,245,286
201806261404_019,96,55,Militaryship,1109,1205,237,292
201806261404_020,109,57,Militaryship,1161,1270,239,296
201806261404_021,158,83,Militaryship,1052,1210,224,307
201806261404_022,124,86,Militaryship,1133,1257,213,299
201806261404_023,166,95,Militaryship,1107,1273,213,308
201806261404_022,27,10,Motorboat,512,539,272,282
201806261404_023,30,11,Motorboat,353,383,275,286
201806261404_024,49,24,Motorboat,173,222,272,296
201806261404_021,7,16,Seamark,817,824,272,288
201806261404_022,5,17,Seamark,821,826,277,294
201806261404_023,12,40,Seamark,784,796,267,307
201806261404_024,29,99,Seamark,921,950,263,362
201806261404_021,18,15,Passengership,1024,1042,269,284
201806261404_022,20,16,Passengership,991,1011,268,284
201806261404_023,45,24,Passengership,868,913,261,285
201806261404_024,83,52,Passengership,720,803,241,293
201806261404_025,16,17,Passengership,464,480,261,278
201806261404_026,13,22,Passengership,340,353,259,281
201806261404_027,51,35,Passengership,281,332,253,288
201806261404_028,46,30,Passengership,184,230,261,291
201806261404_029,93,74,Passengership,1,94,242,316
201806261404_017,11,9,Boat,1019,1030,275,284
201806261404_018,12,10,Boat,984,996,273,283
201806261404_019,7,6,Boat,1065,1072,280,286
201806261404_020,8,7,Boat,1134,1142,282,289
201806261404_021,8,7,Boat,1060,1068,280,287
201806261404_025,6,37,Seamark,846,852,294,331
201806261404_026,16,69,Seamark,869,885,314,383
201806261404_025,397,182,Militaryship,876,1273,138,320
201806261404_026,439,235,Militaryship,826,1265,100,335
201806261404_027,337,127,Miscboat,932,1269,223,350
201806261404_026,41,21,Motorboat,780,821,265,286
201806261404_027,45,23,Motorboat,813,858,264,287
201806261404_028,70,14,Motorboat,837,907,272,286
201806261404_029,59,31,Motorboat,1072,1131,274,305
201806261404_029,21,22,Motorboat,1046,1067,280,302
201806261404_030,39,26,Motorboat,1224,1263,290,316
201806261404_028,81,25,Motorboat,827,908,266,291
201806261404_030,76,21,Motorboat,1154,1230,288,309
201806261404_031,106,44,Miscboat,1141,1247,267,311
201806261404_032,42,28,Miscboat,1205,1247,280,308
201806261404_031,55,44,Militaryship,118,173,241,285
201806261404_032,43,47,Militaryship,53,96,249,296
201806261404_033,46,70,Militaryship,32,78,225,295
201806261404_034,40,59,Militaryship,3,43,244,303
201806261404_025,8,8,Boat,748,756,275,283
201806261404_026,9,10,Boat,650,659,272,282
201806261404_027,12,9,Boat,671,683,272,281
201806261404_028,11,9,Boat,690,701,273,282
201806261404_029,11,12,Boat,896,907,275,287
201806261404_030,13,11,Boat,1003,1016,278,289
201806261404_031,12,8,Boat,1036,1048,282,290
201806261404_032,15,11,Boat,1094,1109,282,293
201806261404_029,13,10,Motorboat,832,845,271,281
201806261404_030,14,11,Motorboat,889,903,272,283
201806261404_031,15,12,Motorboat,881,896,271,283
201806261404_032,32,11,Motorboat,880,912,273,284
201806261404_033,35,12,Motorboat,1078,1113,277,289
201806261404_034,28,10,Motorboat,1196,1224,286,296
201806261404_035,31,14,Motorboat,1215,1246,285,299
201806261404_029,13,8,Motorboat,803,816,271,279
201806261404_030,14,9,Motorboat,857,871,271,280
201806261404_031,19,9,Motorboat,849,868,273,282
201806261404_032,23,10,Motorboat,857,880,273,283
201806261404_033,25,11,Motorboat,1055,1080,277,288
201806261404_034,34,12,Motorboat,1162,1196,283,295
201806261404_035,27,16,Motorboat,1185,1212,282,298
201806261404_029,16,8,Motorboat,786,802,273,281
201806261404_030,18,9,Motorboat,838,856,273,282
201806261404_031,20,8,Motorboat,829,849,274,282
201806261404_032,19,8,Motorboat,838,857,274,282
201806261404_033,21,9,Motorboat,1033,1054,278,287
201806261404_034,24,9,Motorboat,1138,1162,286,295
201806261404_035,26,15,Motorboat,1156,1182,284,299
201806261404_031,36,49,Sailboat,733,769,233,282
201806261404_032,29,54,Sailboat,743,772,229,283
201806261404_034,38,70,Sailboat,1030,1068,224,294
201806261404_035,45,95,Sailboat,1025,1070,202,297
201806261404_031,26,41,Sailboat,706,732,240,281
201806261404_032,18,51,Sailboat,721,739,232,283
201806261404_034,21,61,Sailboat,1000,1021,231,292
201806261404_035,34,73,Sailboat,988,1022,222,295
201806261404_032,11,9,Motorboat,709,720,273,282
201806261404_033,24,18,Motorboat,874,898,270,288
201806261404_034,24,10,Motorboat,974,998,282,292
201806261404_035,14,12,Motorboat,972,986,281,293
201806261404_029,14,11,Motorboat,653,667,269,280
201806261404_030,15,12,Motorboat,692,707,268,280
201806261404_031,17,16,Motorboat,671,688,265,281
201806261404_032,19,19,Motorboat,664,683,264,283
201806261404_033,25,22,Motorboat,832,857,264,286
201806261404_034,29,24,Motorboat,924,953,267,291
201806261404_035,35,25,Motorboat,918,953,269,294
201806261404_036,36,32,Motorboat,1229,1265,274,306
201806261404_036,64,87,Militaryship,6,70,207,294
201806261404_037,70,75,Militaryship,38,108,216,291
201806261404_038,110,140,Militaryship,79,189,163,303
201806261404_039,133,105,Militaryship,86,219,208,313
201806261404_040,174,138,Militaryship,1,175,191,329
201806261404_038,32,58,Cruiseship,202,234,224,282
201806261404_039,54,63,Cruiseship,284,338,219,282
201806261404_040,64,72,Cruiseship,340,404,213,285
201806261404_038,43,85,Sailboat,212,255,190,275
201806261404_039,31,93,Sailboat,337,368,183,276
201806261404_040,45,98,Sailboat,411,456,179,277
201806261404_038,41,79,Militaryship,167,208,212,291
201806261404_039,65,89,Militaryship,219,284,207,296
201806261404_040,73,102,Militaryship,239,312,195,297
201806261404_001,23,7,Motorboat,686,709,281,288
201806261404_011,18,8,Motorboat,746,764,267,275
201806261404_017,26,22,Motorboat,80,106,261,283
201806261404_031,21,15,Motorboat,1254,1275,302,317
201806261404_029,13,9,Motorboat,816,829,272,281
201806261404_024,9,8,Motorboat,1162,1171,285,293
201806261404_000,170,400,Sailboat,841,1011,1,401
201806261404_000,95,343,Sailboat,749,844,40,383
201806261404_000,129,365,Sailboat,566,695,1,366
201806261404_000,117,355,Sailboat,377,494,1,356
201806261404_000,111,325,Sailboat,260,371,24,349
201806261404_000,61,185,Sailboat,24,85,147,332
201806261404_001,53,78,Sailboat,725,778,214,292
201806261404_001,230,394,Sailboat,437,667,5,399
201806261404_001,14,66,Sailboat,644,658,227,293
201806261404_001,16,46,Sailboat,552,568,242,288
201806261404_009,36,86,Sailboat,1139,1175,224,310
201806261404_032,25,83,Sailboat,1178,1203,221,304
201806261404_034,17,77,Sailboat,953,970,214,291
201806261404_001,47,19,Motorboat,790,837,274,293
201806261404_000,179,81,Motorboat,1101,1280,352,433
201806261404_028,160,98,Militaryship,985,1145,223,321
201806261404_028,124,93,Miscboat,1152,1276,289,382
201806261404_001,17,17,Seamark,399,416,383,400
201806261404_001,9,7,Seamark,750,759,323,330
201806261404_016,4,16,Seamark,193,197,266,282
201806261404_029,9,36,Seamark,993,1002,284,320
201806261404_029,109,27,Motorboat,1047,1156,270,297
201806261404_026,33,17,Motorboat,720,753,266,283
201806261404_027,36,19,Motorboat,734,770,264,283
201806261404_028,37,10,Motorboat,760,797,277,287
201806261404_029,70,17,Motorboat,995,1065,285,302
201806261434_000,22,22,Passengership,605,627,264,286
201806261434_001,31,31,Passengership,290,321,254,285
201806261434_002,37,37,Passengership,495,532,252,289
201806261434_003,42,36,Passengership,730,772,262,298
201806261434_004,64,76,Passengership,807,871,240,316
201806261434_005,126,100,Passengership,948,1074,235,335
201806261434_006,114,187,Passengership,1166,1280,201,388
201806261434_000,39,24,Militaryship,848,887,262,286
201806261434_001,44,41,Militaryship,248,292,241,282
201806261434_002,31,36,Militaryship,461,492,250,286
201806261434_003,44,38,Militaryship,683,727,252,290
201806261434_004,68,74,Militaryship,738,806,228,302
201806261434_005,99,104,Militaryship,831,930,205,309
201806261434_006,203,137,Militaryship,876,1079,202,339
201806261434_005,26,29,Miscboat,800,826,264,293
201806261434_006,64,43,Miscboat,811,875,267,310
201806261434_000,40,15,Ferry,719,759,271,286
201806261434_001,56,18,Ferry,88,144,270,288
201806261434_002,87,32,Ferry,178,265,265,297
201806261434_003,40,12,Motorboat,324,364,270,282
201806261434_004,49,25,Motorboat,317,366,263,288
201806261434_005,81,27,Motorboat,271,352,262,289
201806261434_006,93,38,Motorboat,120,213,266,304
201806261434_003,23,16,Motorboat,358,381,263,279
201806261434_004,33,28,Motorboat,362,395,255,283
201806261434_005,32,32,Motorboat,361,393,255,287
201806261434_006,71,32,Motorboat,217,288,266,298
201806261434_004,30,26,Motorboat,280,310,267,293
201806261434_005,47,30,Motorboat,215,262,265,295
201806261434_006,57,49,Motorboat,-1,56,272,321
201806261434_004,70,44,Miscboat,209,279,254,298
201806261434_005,119,60,Miscboat,88,207,246,306
201806261434_003,22,17,Miscboat,385,407,261,278
201806261434_004,37,30,Passengership,393,430,253,283
201806261434_005,48,35,Passengership,395,443,250,285
201806261434_006,59,44,Passengership,294,353,253,297
201806261434_007,115,64,Passengership,135,250,241,305
201806261434_003,56,16,Ferry,450,506,261,277
201806261434_004,65,20,Ferry,433,498,262,282
201806261434_005,73,24,Ferry,435,508,261,285
201806261434_006,82,27,Ferry,360,442,263,290
201806261434_007,121,39,Ferry,272,393,259,298
201806261434_008,196,78,Ferry,110,306,229,307
201806261434_009,201,80,Passengership,29,230,229,309
201806261434_002,45,13,Ferry,295,340,264,277
201806261434_008,179,44,Ferry,51,230,259,303
201806261434_009,112,53,Ferry,3,115,283,336
201806261434_005,22,21,Miscboat,774,796,268,289
201806261434_006,46,28,Miscboat,763,809,272,300
201806261434_007,65,51,Miscboat,843,908,260,311
201806261434_008,120,76,Miscboat,877,997,260,336
201806261434_009,123,118,Miscboat,1158,1281,281,399
201806261434_007,20,82,Sailboat,442,462,200,282
201806261434_008,21,105,Sailboat,343,364,178,283
201806261434_009,23,121,Sailboat,375,398,168,289
201806261434_002,30,61,Sailboat,377,407,217,278
201806261434_003,39,63,Sailboat,590,629,213,276
201806261434_004,45,75,Sailboat,633,678,205,280
201806261434_005,41,77,Sailboat,688,729,203,280
201806261434_006,61,89,Sailboat,657,718,193,282
201806261434_007,49,17,Motorboat,701,750,273,290
201806261434_008,47,12,Motorboat,660,707,281,293
201806261434_009,74,26,Motorboat,760,834,279,305
201806261434_010,104,32,Motorboat,885,989,297,329
201806261434_011,265,67,Motorboat,968,1233,291,358
201806261434_008,110,138,Sailboat,629,739,153,291
201806261434_009,147,185,Sailboat,712,859,126,311
201806261434_010,123,246,Sailboat,811,934,69,315
201806261434_011,118,258,Sailboat,904,1022,68,326
201806261434_011,105,182,Sailboat,792,897,119,301
201806261434_012,78,197,Sailboat,888,966,136,333
201806261434_013,84,210,Sailboat,903,987,125,335
201806261434_013,143,367,Sailboat,993,1136,1,368
201806261434_014,107,366,Sailboat,1169,1276,18,384
201806261434_009,66,13,Motorboat,694,760,272,285
201806261434_010,130,19,Motorboat,738,868,276,295
201806261434_011,147,22,Motorboat,784,931,284,306
201806261434_012,232,37,Motorboat,866,1098,302,339
201806261434_008,25,9,Motorboat,313,338,276,285
201806261434_009,28,15,Motorboat,331,359,279,294
201806261434_010,47,35,Motorboat,276,323,271,306
201806261434_008,15,9,Motorboat,388,403,270,279
201806261434_009,19,9,Motorboat,434,453,275,284
201806261434_010,27,13,Motorboat,442,469,278,291
201806261434_011,44,19,Motorboat,308,352,284,303
201806261434_012,23,17,Motorboat,1,24,322,339
201806261434_008,22,12,Motorboat,408,430,267,279
201806261434_009,14,11,Motorboat,472,486,269,280
201806261434_010,18,15,Motorboat,494,512,271,286
201806261434_011,27,19,Motorboat,408,435,274,293
201806261434_012,60,35,Motorboat,181,241,280,315
201806261434_010,13,9,Motorboat,482,495,277,286
201806261434_011,23,11,Motorboat,390,413,281,292
201806261434_012,41,26,Motorboat,153,194,294,320
201806261434_011,27,33,Miscboat,482,509,252,285
201806261434_012,42,23,Miscboat,356,398,271,294
201806261434_013,82,86,Miscboat,125,207,226,312
201806261434_014,60,120,Miscboat,9,69,216,336
201806261434_012,21,20,Motorboat,754,775,270,290
201806261434_013,36,37,Motorboat,725,761,261,298
201806261434_014,44,41,Motorboat,800,844,260,301
201806261434_015,79,45,Motorboat,820,899,273,318
201806261434_016,129,98,Motorboat,819,948,251,349
201806261434_017,150,180,Motorboat,1124,1274,269,449
201806261434_011,16,44,Sailboat,597,613,232,276
201806261434_012,18,48,Sailboat,525,543,229,277
201806261434_013,24,79,Sailboat,432,456,202,281
201806261434_014,34,87,Sailboat,452,486,194,281
201806261434_015,42,110,Sailboat,374,416,177,287
201806261434_016,47,129,Sailboat,258,305,162,291
201806261434_017,71,163,Sailboat,247,318,129,292
201806261434_014,17,13,Passengership,607,624,264,277
201806261434_015,23,15,Passengership,534,557,264,279
201806261434_016,30,26,Passengership,427,457,257,283
201806261434_017,45,31,Passengership,437,482,254,285
201806261434_018,164,97,Passengership,113,277,221,318
201806261434_013,17,17,Motorboat,415,432,264,281
201806261434_014,19,19,Motorboat,439,458,264,283
201806261434_015,56,13,Motorboat,363,419,272,285
201806261434_016,38,36,Motorboat,221,259,257,293
201806261434_017,48,29,Motorboat,198,246,268,297
201806261434_018,31,47,Motorboat,1,32,270,317
201806261434_018,12,11,Motorboat,549,561,270,281
201806261434_019,34,19,Motorboat,514,548,283,302
201806261434_014,52,106,Sailboat,697,749,167,273
201806261434_015,60,122,Sailboat,654,714,157,279
201806261434_016,78,135,Sailboat,590,668,138,273
201806261434_017,79,136,Sailboat,671,750,134,270
201806261434_018,74,184,Sailboat,674,748,105,289
201806261434_019,109,188,Sailboat,777,886,81,269
201806261434_020,148,255,Sailboat,935,1083,19,274
201806261434_021,225,293,Sailboat,760,985,1,294
201806261434_022,267,390,Sailboat,1012,1279,1,391
201806261434_023,296,397,Sailboat,978,1274,2,399
201806261434_022,69,87,Militaryship,870,939,216,303
201806261434_023,104,114,Militaryship,801,905,197,311
201806261434_024,210,145,Militaryship,921,1131,174,319
201806261434_025,225,263,Militaryship,1055,1280,104,367
201806261434_022,64,131,Cruiseship,813,877,161,292
201806261434_023,121,102,Cruiseship,716,837,194,296
201806261434_024,137,115,Cruiseship,809,946,178,293
201806261434_025,233,265,Cruiseship,811,1044,52,317
201806261434_026,415,288,Cruiseship,851,1266,63,351
201806261434_027,301,285,Cruiseship,980,1281,99,384
201806261434_028,137,345,Cruiseship,1143,1280,56,401
201806261434_017,16,16,Motorboat,650,666,266,282
201806261434_018,18,18,Motorboat,653,671,266,284
201806261434_019,20,20,Motorboat,754,774,269,289
201806261434_020,35,27,Motorboat,933,968,283,310
201806261434_015,23,15,Motorboat,631,654,265,280
201806261434_016,21,13,Motorboat,569,590,266,279
201806261434_017,30,14,Motorboat,637,667,266,280
201806261434_021,94,67,Motorboat,836,930,283,350
201806261434_022,48,23,Seamark,949,997,291,314
201806261434_023,66,56,Seamark,956,1022,278,334
201806261434_024,90,86,Seamark,1191,1281,280,366
201806261434_023,37,47,Motorboat,913,950,270,317
201806261434_024,105,55,Motorboat,1101,1206,284,339
201806261434_023,36,32,Militaryship,685,721,251,283
201806261434_024,45,26,Militaryship,767,812,254,280
201806261434_025,46,56,Militaryship,748,794,228,284
201806261434_026,46,46,Militaryship,746,792,243,289
201806261434_027,71,51,Militaryship,730,801,243,294
201806261434_028,93,119,Militaryship,684,777,181,300
201806261434_029,122,145,Militaryship,771,893,163,308
201806261434_030,270,265,Militaryship,846,1116,78,343
201806261434_031,302,411,Militaryship,978,1280,1,412
201806261434_026,22,33,Militaryship,718,740,249,282
201806261434_027,42,38,Militaryship,696,738,249,287
201806261434_028,53,49,Militaryship,643,696,243,292
201806261434_029,48,56,Militaryship,722,770,235,291
201806261434_030,108,148,Militaryship,743,851,159,307
201806261434_031,147,188,Militaryship,780,927,130,318
201806261434_032,334,395,Militaryship,935,1269,22,417
201806261434_033,131,199,Militaryship,1004,1135,157,356
201806261434_034,338,238,Miscboat,944,1282,192,430
201806261434_033,79,74,Miscboat,947,1026,257,331
201806261434_032,27,10,Motorboat,724,751,272,282
201806261434_033,30,11,Motorboat,555,585,270,281
201806261434_034,33,12,Motorboat,310,343,268,280
201806261434_035,37,22,Motorboat,16,53,270,292
201806261434_032,18,11,Motorboat,761,779,271,282
201806261434_033,20,12,Motorboat,599,619,269,281
201806261434_034,22,13,Motorboat,367,389,266,279
201806261434_035,32,17,Motorboat,98,130,269,286
201806261434_032,41,14,Motorboat,788,829,269,283
201806261434_033,45,15,Motorboat,631,676,265,280
201806261434_034,38,13,Motorboat,403,441,269,282
201806261434_035,46,17,Motorboat,145,191,270,287
201806261434_034,27,19,Motorboat,440,467,263,282
201806261434_035,51,26,Motorboat,171,222,258,284
201806261434_037,43,28,Miscboat,593,636,256,284
201806261434_038,51,34,Miscboat,332,383,256,290
201806261434_039,83,19,Miscboat,54,137,264,283
201806261434_035,60,22,Motorboat,625,685,259,281
201806261434_036,67,24,Motorboat,393,460,259,283
201806261434_036,34,24,Motorboat,770,804,266,290
201806261434_035,34,59,Militaryship,842,876,224,283
201806261434_036,41,73,Militaryship,640,681,212,285
201806261434_037,47,79,Militaryship,546,593,206,285
201806261434_038,57,100,Militaryship,274,331,187,287
201806261434_039,49,29,Miscboat,1,50,265,294
201806261434_035,43,61,Militaryship,800,843,223,284
201806261434_036,91,65,Militaryship,594,685,218,283
201806261434_037,57,77,Militaryship,491,548,208,285
201806261434_038,76,98,Militaryship,197,273,189,287
201806261434_039,4,12,Seamark,235,239,268,280
201806261434_040,7,13,Seamark,195,202,269,282
201806261434_041,8,14,Seamark,101,109,271,285
201806261434_042,4,20,Seamark,15,19,274,294
201806261434_039,4,9,Seamark,197,201,266,275
201806261434_040,6,12,Seamark,183,189,264,276
201806261434_041,6,12,Seamark,121,127,268,280
201806261434_042,5,11,Seamark,104,109,269,280
201806261434_043,5,11,Seamark,39,44,270,281
201806261434_039,4,19,Seamark,385,389,261,280
201806261434_040,7,20,Seamark,372,379,265,285
201806261434_041,5,19,Seamark,296,301,271,290
201806261434_042,6,30,Seamark,239,245,264,294
201806261434_043,12,37,Seamark,82,94,266,303
201806261434_040,16,18,Passengership,530,546,259,277
201806261434_041,14,15,Passengership,467,481,265,280
201806261434_042,21,18,Passengership,451,472,259,277
201806261434_043,31,28,Passengership,369,400,255,283
201806261434_044,41,40,Passengership,267,308,252,292
201806261434_045,5,10,Seamark,324,329,271,281
201806261434_046,5,11,Seamark,339,344,267,278
201806261434_040,95,66,Motorboat,16,111,283,349
201806261434_041,67,26,Motorboat,131,198,301,327
201806261434_042,51,26,Motorboat,297,348,284,310
201806261434_043,28,15,Motorboat,410,438,282,297
201806261434_044,19,10,Motorboat,435,454,280,290
201806261434_045,20,12,Motorboat,189,209,279,291
201806261434_046,13,7,Motorboat,22,35,276,283
201806261434_035,23,6,Motorboat,467,490,279,285
201806261434_011,89,276,Sailboat,57,146,46,322
201806261434_010,35,162,Sailboat,346,381,137,299
201806261434_013,119,404,Sailboat,1154,1273,0,404
201806261434_011,242,358,Sailboat,1028,1270,32,390
201806261434_018,71,221,Sailboat,46,117,80,301
201806261434_021,62,67,Cruiseship,747,809,216,283
201806261434_003,249,69,Passengership,46,295,262,331
201806261434_007,123,82,Passengership,1,124,241,323
201806261434_023,67,36,Motorboat,1041,1108,296,332
201806261434_032,20,13,Motorboat,393,413,265,278
201806261434_044,24,16,Motorboat,473,497,257,273
201806261434_044,24,16,Motorboat,498,522,257,273
201806261434_000,107,56,Motorboat,323,430,271,327
201806261434_036,25,15,Motorboat,775,800,272,287
201806261434_037,68,37,Motorboat,441,509,266,303
201806261434_023,55,103,Militaryship,882,937,206,309
201806261434_020,58,36,Motorboat,966,1024,274,310
201806261434_035,53,23,Miscboat,306,359,260,283
201806261434_001,157,70,Motorboat,1088,1245,298,368
201806261434_007,161,88,Miscboat,950,1111,265,353
201806261434_004,64,39,Miscboat,49,113,273,312
201806261434_003,26,15,Miscboat,412,438,261,276
201806261434_012,33,21,Motorboat,813,846,289,310
201806261434_034,113,22,Miscboat,62,175,265,287
201806261434_042,6,18,Seamark,207,213,268,286
201806261434_036,5,14,Seamark,880,885,271,285
201806261434_037,6,12,Seamark,821,827,272,284
201806261434_039,5,15,Seamark,296,301,270,285
201806261434_040,4,14,Seamark,239,243,276,290
201806261434_035,41,24,Miscboat,703,744,255,279
201806261434_036,21,25,Miscboat,513,534,253,278
201806261434_012,47,18,Boat,247,294,285,303
201806261504_002,69,94,Militaryship,959,1028,210,304
201806261504_003,81,57,Militaryship,935,1016,254,311
201806261504_003,92,108,Militaryship,917,1009,201,309
201806261504_004,160,178,Militaryship,951,1111,165,343
201806261504_001,43,26,Passengership,425,468,249,275
201806261504_002,52,32,Passengership,333,385,240,272
201806261504_003,62,38,Passengership,186,248,245,283
201806261504_004,50,35,Passengership,67,117,248,283
201806261504_004,53,10,Motorboat,723,776,281,291
201806261504_005,56,10,Motorboat,768,824,282,292
201806261504_006,93,23,Motorboat,656,749,284,307
201806261504_002,18,19,Motorboat,807,825,259,278
201806261504_003,20,21,Motorboat,716,736,261,282
201806261504_004,21,18,Motorboat,653,674,270,288
201806261504_005,25,35,Motorboat,677,702,258,293
201806261504_006,29,28,Motorboat,497,526,269,297
201806261504_008,69,48,Motorboat,974,1043,258,306
201806261504_009,95,44,Motorboat,938,1033,261,305
201806261504_010,115,61,Motorboat,1158,1273,264,325
201806261504_010,109,39,Motorboat,1030,1139,271,310
201806261504_008,8,24,Seamark,231,239,262,286
201806261504_009,4,21,Seamark,125,129,265,286
201806261504_010,6,17,Seamark,144,150,273,290
201806261504_013,5,17,Seamark,537,542,264,281
201806261504_014,8,23,Seamark,191,199,263,286
201806261504_014,25,14,Motorboat,607,632,266,280
201806261504_015,36,12,Motorboat,301,337,267,279
201806261504_012,4,17,Seamark,1139,1143,287,304
201806261504_013,6,22,Seamark,1106,1112,280,302
201806261504_014,13,35,Seamark,879,892,270,305
201806261504_015,11,42,Seamark,880,891,271,313
201806261504_016,39,121,Seamark,976,1015,268,389
201806261504_014,5,13,Seamark,957,962,271,284
201806261504_015,9,20,Seamark,874,883,265,285
201806261504_016,8,18,Seamark,728,736,262,280
201806261504_017,8,17,Seamark,627,635,263,280
201806261504_018,15,21,Seamark,659,674,261,282
201806261504_019,6,16,Seamark,752,758,268,284
201806261504_020,15,37,Seamark,708,723,260,297
201806261504_021,5,29,Seamark,731,736,270,299
201806261504_022,14,44,Seamark,820,834,266,310
201806261504_023,54,139,Seamark,1116,1170,251,390
201806261504_014,5,11,Seamark,723,728,267,278
201806261504_015,6,12,Seamark,615,621,265,277
201806261504_016,7,13,Seamark,426,433,261,274
201806261504_017,8,19,Seamark,271,279,260,279
201806261504_018,4,15,Seamark,252,256,265,280
201806261504_019,5,14,Seamark,233,238,267,281
201806261504_020,12,31,Seamark,68,80,260,291
201806261504_017,5,11,Seamark,557,562,261,272
201806261504_018,9,15,Seamark,582,591,260,275
201806261504_019,8,14,Seamark,654,662,260,274
201806261504_020,7,13,Seamark,584,591,263,276
201806261504_021,2,9,Seamark,588,590,268,277
201806261504_022,8,19,Seamark,625,633,257,276
201806261504_023,8,18,Seamark,693,701,261,279
201806261504_024,2,12,Seamark,697,699,266,278
201806261504_025,8,22,Seamark,735,743,261,283
201806261504_026,7,20,Seamark,810,817,264,284
201806261504_027,4,15,Seamark,827,831,270,285
201806261504_020,7,18,Seamark,256,263,259,277
201806261504_021,4,10,Seamark,228,232,268,278
201806261504_022,4,11,Seamark,216,220,267,278
201806261504_023,11,24,Seamark,201,212,258,282
201806261504_024,4,16,Seamark,146,150,263,279
201806261504_025,4,18,Seamark,110,114,265,283
201806261504_026,12,32,Seamark,78,90,258,290
201806261504_017,5,13,Seamark,539,544,261,274
201806261504_018,9,23,Seamark,562,571,257,280
201806261504_019,8,21,Seamark,630,638,257,278
201806261504_020,7,19,Seamark,558,565,261,280
201806261504_021,4,11,Seamark,556,560,269,280
201806261504_022,12,26,Seamark,584,596,256,282
201806261504_023,11,24,Seamark,647,658,262,286
201806261504_024,5,20,Seamark,647,652,265,285
201806261504_025,6,23,Seamark,683,689,267,290
201806261504_026,14,36,Seamark,754,768,265,301
201806261504_027,6,41,Seamark,803,809,268,309
201806261504_028,7,22,Seamark,832,839,270,292
201806261504_029,13,35,Seamark,739,752,263,298
201806261504_030,6,32,Seamark,763,769,272,304
201806261504_031,15,51,Seamark,764,779,266,317
201806261504_032,38,104,Seamark,837,875,255,359
201806261504_033,51,234,Seamark,1196,1247,253,487
201806261504_029,5,13,Seamark,735,740,273,286
201806261504_030,6,14,Seamark,740,746,273,287
201806261504_031,6,14,Seamark,720,726,270,284
201806261504_033,4,24,Seamark,783,787,281,305
201806261504_034,2,30,Seamark,823,825,286,316
201806261504_041,91,230,Sailboat,126,217,84,314
201806261504_042,35,136,Sailboat,515,550,155,291
201806261504_043,20,87,Sailboat,648,668,192,279
201806261504_044,22,79,Sailboat,713,735,198,277
201806261504_045,14,58,Sailboat,762,776,215,273
201806261504_046,14,61,Sailboat,746,760,218,279
201806261504_047,13,53,Sailboat,770,783,226,279
201806261504_048,12,51,Sailboat,786,798,230,281
201806261504_049,13,56,Sailboat,802,815,228,284
201806261504_050,9,39,Sailboat,814,823,237,276
201806261504_046,15,8,Boat,593,608,270,278
201806261504_047,16,9,Boat,540,556,275,284
201806261504_048,18,10,Boat,475,493,276,286
201806261504_049,27,13,Boat,384,411,278,291
201806261504_050,34,11,Boat,268,302,284,295
201806261504_051,47,108,Sailboat,85,132,202,310
201806261504_052,45,93,Sailboat,236,281,208,301
201806261504_053,19,79,Sailboat,388,407,213,292
201806261504_054,19,51,Sailboat,486,505,235,286
201806261504_055,12,47,Sailboat,577,589,236,283
201806261504_056,14,42,Sailboat,649,663,241,283
201806261504_057,11,43,Sailboat,669,680,242,285
201806261504_058,11,40,Sailboat,703,714,242,282
201806261504_059,11,37,Sailboat,724,735,243,280
201806261504_067,31,64,Sailboat,402,433,223,287
201806261504_068,39,79,Sailboat,526,565,207,286
201806261504_069,54,97,Sailboat,347,401,193,290
201806261504_070,37,191,Sailboat,24,61,145,336
201806261504_065,19,13,Motorboat,777,796,270,283
201806261504_066,21,14,Motorboat,902,923,271,285
201806261504_067,21,7,Motorboat,1030,1051,276,283
201806261504_068,22,17,Motorboat,1243,1265,278,295
201806261504_066,12,7,Boat,398,410,279,286
201806261504_067,17,7,Boat,460,477,279,286
201806261504_068,26,12,Boat,578,604,277,289
201806261504_069,24,11,Boat,416,440,285,296
201806261504_067,19,72,Sailboat,629,648,207,279
201806261504_068,34,153,Sailboat,792,826,139,292
201806261504_069,37,167,Sailboat,710,747,132,299
201806261504_070,48,214,Sailboat,519,567,85,299
201806261504_071,95,336,Sailboat,599,694,1,337
201806261504_067,26,66,Sailboat,655,681,214,280
201806261504_068,49,13,Motorboat,817,866,270,283
201806261504_069,45,18,Motorboat,755,800,282,300
201806261504_070,90,22,Motorboat,601,691,278,300
201806261504_071,146,48,Motorboat,723,869,284,332
201806261504_067,21,54,Sailboat,539,560,230,284
201806261504_068,26,106,Sailboat,696,722,188,294
201806261504_069,30,121,Sailboat,580,610,179,300
201806261504_070,33,132,Sailboat,330,363,171,303
201806261504_071,83,233,Sailboat,319,402,93,326
201806261504_067,21,63,Sailboat,514,535,221,284
201806261504_068,28,84,Sailboat,657,685,206,290
201806261504_069,35,105,Sailboat,524,559,195,300
201806261504_070,27,109,Sailboat,240,267,195,304
201806261504_071,73,170,Sailboat,232,305,152,322
201806261504_070,34,152,Sailboat,419,453,150,302
201806261504_071,75,244,Sailboat,433,508,79,323
201806261504_070,49,14,Motorboat,859,908,274,288
201806261504_071,58,30,Motorboat,1072,1130,278,308
201806261504_070,53,13,Motorboat,926,979,275,288
201806261504_071,72,25,Motorboat,1151,1223,285,310
201806261504_067,17,58,Sailboat,578,595,225,283
201806261504_068,19,65,Sailboat,732,751,219,284
201806261504_069,23,81,Sailboat,625,648,212,293
201806261504_070,48,143,Sailboat,365,413,159,302
201806261504_071,85,227,Sailboat,368,453,95,322
201806261504_067,11,49,Sailboat,480,491,237,286
201806261504_068,12,54,Sailboat,618,630,232,286
201806261504_069,12,57,Sailboat,471,483,232,289
201806261504_070,34,96,Sailboat,195,229,208,304
201806261504_067,18,68,Sailboat,456,474,218,286
201806261504_068,23,88,Sailboat,584,607,202,290
201806261504_069,23,89,Sailboat,421,444,199,288
201806261504_070,37,109,Sailboat,153,190,198,307
201806261504_071,90,167,Sailboat,76,166,155,322
201806261504_064,12,7,Motorboat,617,629,270,277
201806261504_065,27,20,Motorboat,531,558,264,284
201806261504_066,26,15,Motorboat,614,640,264,279
201806261504_067,33,13,Motorboat,705,738,268,281
201806261504_068,36,14,Motorboat,878,914,268,282
201806261504_069,40,15,Motorboat,821,861,279,294
201806261504_070,52,30,Motorboat,682,734,261,291
201806261504_064,22,47,Sailboat,981,1003,233,280
201806261504_064,14,49,Sailboat,1022,1036,231,280
201806261504_064,10,50,Sailboat,1060,1070,231,281
201806261504_067,13,62,Sailboat,561,574,222,284
201806261504_070,28,131,Sailboat,303,331,174,305
201806261504_070,36,136,Sailboat,267,303,166,302
201806261504_071,49,179,Sailboat,282,331,142,321
201806261504_071,68,136,Sailboat,25,93,187,323
201806261504_071,79,325,Sailboat,545,624,1,326
201806261504_071,80,166,Sailboat,179,259,158,324
201806261504_001,28,12,Motorboat,319,347,260,272
201806261504_001,30,12,Motorboat,367,397,260,272
201806261504_045,20,7,Motorboat,1017,1037,263,270
201806261504_064,21,10,Motorboat,1195,1216,271,281
201806261504_066,26,8,Motorboat,342,368,278,286
201806261504_064,6,8,Motorboat,94,100,286,294
201806261504_064,11,6,Motorboat,649,660,272,278
201806261504_064,10,8,Motorboat,603,613,270,278
201806261504_064,10,8,Motorboat,592,602,270,278
201806261504_066,19,6,Boat,421,440,279,285
201806261504_017,8,8,Boat,328,336,268,276
201806261504_020,14,10,Motorboat,45,59,265,275
201806261504_017,4,12,Seamark,318,322,260,272
201806261504_028,36,121,Seamark,973,1009,272,393
201806261504_035,21,102,Seamark,939,960,310,412
201806261504_000,4,16,Seamark,265,269,273,289
201806261504_001,6,22,Seamark,53,59,262,284
201806261504_009,151,28,Miscboat,803,954,274,302
201806261504_032,10,23,Seamark,734,744,277,300
201806261504_045,7,3,Motorboat,683,690,269,272
201806261504_046,7,2,Motorboat,599,606,273,275
201806261504_049,16,4,Motorboat,391,407,283,287
201806261504_051,27,8,Motorboat,137,164,297,305
201806261504_045,17,5,Motorboat,682,699,267,272
201806261504_051,32,15,Motorboat,132,164,289,304
201806261504_054,20,61,Sailboat,492,512,228,289
201806261534_001,4,17,Seamark,1107,1111,278,295
201806261534_002,12,23,Seamark,946,958,267,290
201806261534_003,9,25,Seamark,874,883,264,289
201806261534_004,7,24,Seamark,913,920,267,291
201806261534_005,17,46,Seamark,730,747,259,305
201806261534_006,22,71,Seamark,1035,1057,260,331
201806261534_002,7,14,Seamark,1243,1250,272,286
201806261534_003,9,21,Seamark,1178,1187,263,284
201806261534_004,8,19,Seamark,1218,1226,267,286
201806261534_005,8,18,Seamark,1063,1071,267,285
201806261534_001,4,15,Seamark,866,870,275,290
201806261534_002,9,19,Seamark,683,692,267,286
201806261534_003,10,21,Seamark,580,590,264,285
201806261534_004,5,11,Seamark,575,580,276,287
201806261534_005,10,27,Seamark,281,291,271,298
201806261534_006,10,34,Seamark,291,301,276,310
201806261534_004,3,11,Seamark,969,972,269,280
201806261534_005,10,20,Seamark,758,768,264,284
201806261534_006,11,22,Seamark,935,946,264,286
201806261534_007,4,15,Seamark,641,645,272,287
201806261534_008,12,29,Seamark,451,463,269,298
201806261534_009,8,35,Seamark,180,188,273,308
201806261534_007,4,19,Seamark,1109,1113,271,290
201806261534_008,11,27,Seamark,1050,1061,267,294
201806261534_009,16,29,Seamark,987,1003,267,296
201806261534_010,19,63,Seamark,1062,1081,265,328
201806261534_014,12,21,Seamark,111,123,278,299
201806261534_015,11,28,Seamark,32,43,282,310
201806261534_010,3,11,Seamark,897,900,267,278
201806261534_011,6,20,Seamark,818,824,261,281
201806261534_013,6,18,Seamark,775,781,267,285
201806261534_014,12,28,Seamark,781,793,264,292
201806261534_015,7,26,Seamark,816,823,264,290
201806261534_016,10,33,Seamark,872,882,263,296
201806261534_017,23,54,Seamark,878,901,260,314
201806261534_018,18,76,Seamark,927,945,260,336
201806261534_016,4,11,Seamark,903,907,261,272
201806261534_017,7,16,Seamark,862,869,261,277
201806261534_018,8,18,Seamark,803,811,259,277
201806261534_019,8,19,Seamark,797,805,261,280
201806261534_020,9,23,Seamark,824,833,263,286
201806261534_021,6,25,Seamark,782,788,267,292
201806261534_022,13,27,Seamark,821,834,262,289
201806261534_023,18,48,Seamark,840,858,261,309
201806261534_024,18,56,Seamark,804,822,265,321
201806261534_025,34,108,Seamark,965,999,259,367
201806261534_010,16,27,Passengership,847,863,245,272
201806261534_011,18,30,Passengership,732,750,245,275
201806261534_012,20,33,Passengership,682,702,241,274
201806261534_013,18,32,Passengership,638,656,241,273
201806261534_014,19,34,Passengership,626,645,238,272
201806261534_015,20,36,Passengership,628,648,235,271
201806261534_016,19,37,Passengership,639,658,233,270
201806261534_017,23,45,Passengership,575,598,231,276
201806261534_018,24,49,Passengership,492,516,228,277
201806261534_019,25,41,Passengership,461,486,234,275
201806261534_020,29,46,Passengership,441,470,229,275
201806261534_021,27,49,Passengership,346,373,239,288
201806261534_022,30,50,Passengership,337,367,230,280
201806261534_023,32,54,Passengership,265,297,230,284
201806261534_024,29,58,Passengership,141,170,232,290
201806261534_025,32,61,Passengership,143,175,227,288
201806261534_019,58,36,Militaryship,1098,1156,233,269
201806261534_020,74,30,Militaryship,1116,1190,242,272
201806261534_021,81,33,Militaryship,1077,1158,240,273
201806261534_022,88,36,Militaryship,1123,1211,235,271
201806261534_023,89,48,Militaryship,1123,1212,233,281
201806261534_024,94,51,Militaryship,1064,1158,229,280
201806261534_025,100,49,Militaryship,1137,1237,229,278
201806261534_026,130,87,Militaryship,1117,1247,204,291
201806261534_027,121,81,Militaryship,1160,1281,203,284
201806261534_028,72,81,Militaryship,1200,1272,205,286
201806261534_029,169,103,Militaryship,1112,1281,194,297
201806261534_030,231,139,Militaryship,1052,1283,160,299
201806261534_031,326,206,Militaryship,951,1277,106,312
201806261534_032,298,182,Militaryship,983,1281,150,332
201806261534_033,138,65,Militaryship,987,1125,216,281
201806261534_031,60,20,Motorboat,887,947,256,276
201806261534_032,68,17,Motorboat,836,904,260,277
201806261534_033,69,13,Motorboat,822,891,258,271
201806261534_034,67,15,Motorboat,1020,1087,266,281
201806261534_023,7,14,Seamark,927,934,267,281
201806261534_026,8,19,Seamark,890,898,264,283
201806261534_027,11,29,Seamark,882,893,256,285
201806261534_028,11,32,Seamark,890,901,260,292
201806261534_029,35,76,Seamark,850,885,258,334
201806261534_028,25,17,Passengership,962,987,257,274
201806261534_029,55,34,Passengership,706,761,254,288
201806261534_030,146,66,Passengership,13,159,268,334
201806261534_029,6,21,Seamark,1003,1009,278,299
201806261534_030,9,39,Seamark,989,998,280,319
201806261534_031,13,63,Seamark,1022,1035,298,361
201806261534_032,6,13,Seamark,744,750,265,278
201806261534_033,7,14,Seamark,709,716,264,278
201806261534_035,8,27,Seamark,1006,1014,271,298
201806261534_032,7,20,Seamark,766,773,264,284
201806261534_034,9,36,Seamark,974,983,269,305
201806261534_032,10,8,Motorboat,581,591,273,281
201806261534_033,11,9,Motorboat,540,551,276,285
201806261534_034,36,21,Motorboat,574,610,294,315
201806261534_022,133,69,Boat,50,183,336,405
201806261534_023,57,44,Boat,593,650,291,335
201806261534_024,36,17,Boat,682,718,292,309
201806261534_025,25,17,Boat,847,872,284,301
201806261534_026,25,20,Boat,909,934,279,299
201806261534_027,16,17,Boat,958,974,272,289
201806261534_028,13,9,Boat,1021,1034,273,282
201806261534_029,13,10,Boat,1017,1030,274,284
201806261534_030,14,11,Boat,926,940,270,281
201806261534_031,6,7,Boat,747,753,269,276
201806261534_032,11,8,Boat,686,697,268,276
201806261534_037,28,43,Sailboat,1001,1029,239,282
201806261534_038,28,43,Sailboat,1116,1144,233,276
201806261534_039,51,78,Sailboat,1219,1270,211,289
201806261534_036,27,30,Miscboat,183,210,271,301
201806261534_037,35,27,Miscboat,155,190,281,308
201806261534_038,53,34,Miscboat,121,174,270,304
201806261534_039,78,96,Miscboat,35,113,225,321
201806261534_040,59,48,Militaryship,48,107,254,302
201806261534_041,89,138,Militaryship,61,150,181,319
201806261534_042,119,82,Militaryship,7,126,233,315
201806261534_043,88,215,Militaryship,0,88,133,348
201806261534_044,126,151,Militaryship,77,203,174,325
201806261534_045,178,183,Militaryship,8,186,154,337
201806261534_042,32,61,Cruiseship,133,165,231,292
201806261534_043,55,63,Cruiseship,194,249,230,293
201806261534_044,81,115,Cruiseship,279,360,181,296
201806261534_045,95,90,Cruiseship,336,431,195,285
201806261534_046,116,100,Cruiseship,232,348,196,296
201806261534_047,187,141,Cruiseship,191,378,173,314
201806261534_048,255,217,Cruiseship,5,260,124,341
201806261534_046,27,48,Militaryship,366,393,238,286
201806261534_047,73,70,Militaryship,364,437,227,297
201806261534_048,139,74,Militaryship,250,389,221,295
201806261534_049,107,88,Militaryship,157,264,221,309
201806261534_037,24,20,Motorboat,915,939,262,282
201806261534_038,28,23,Motorboat,1022,1050,256,279
201806261534_039,30,29,Motorboat,1123,1153,259,288
201806261534_038,12,9,Boat,192,204,287,296
201806261534_039,13,10,Boat,206,219,287,297
201806261534_040,20,14,Boat,147,167,298,312
201806261534_041,22,19,Motorboat,184,206,274,293
201806261534_042,19,18,Motorboat,235,254,276,294
201806261534_043,30,24,Motorboat,261,291,284,308
201806261534_049,31,28,Miscboat,268,299,272,300
201806261534_050,57,42,Miscboat,327,384,263,305
201806261534_051,95,44,Miscboat,50,145,281,325
201806261534_049,37,16,Miscboat,306,343,282,298
201806261534_050,59,31,Miscboat,383,442,268,299
201806261534_051,83,37,Miscboat,140,223,278,315
201806261534_049,9,6,Motorboat,493,502,277,283
201806261534_050,14,9,Motorboat,601,615,277,286
201806261534_051,21,17,Motorboat,459,480,281,298
201806261534_052,54,26,Motorboat,276,330,305,331
201806261534_037,21,7,Motorboat,540,561,285,292
201806261534_038,24,12,Motorboat,457,481,279,291
201806261534_039,16,7,Motorboat,346,362,283,290
201806261534_040,15,6,Motorboat,258,273,287,293
201806261534_041,12,8,Motorboat,284,296,283,291
201806261534_042,15,13,Motorboat,305,320,276,289
201806261534_043,14,12,Motorboat,384,398,279,291
201806261534_044,13,11,Motorboat,503,516,273,284
201806261534_045,13,10,Motorboat,579,592,267,277
201806261534_046,12,9,Motorboat,521,533,276,285
201806261534_047,11,8,Motorboat,597,608,274,282
201806261534_048,11,9,Motorboat,593,604,271,280
201806261534_049,10,8,Motorboat,544,554,272,280
201806261534_050,9,7,Motorboat,684,693,272,279
201806261534_051,11,8,Motorboat,573,584,269,277
201806261534_052,10,7,Motorboat,620,630,268,275
201806261534_049,19,9,Motorboat,449,468,273,282
201806261534_050,21,10,Motorboat,567,588,271,281
201806261534_051,22,10,Motorboat,425,447,273,283
201806261534_052,42,23,Motorboat,427,469,269,292
201806261534_053,50,42,Motorboat,238,288,264,306
201806261534_054,68,39,Motorboat,137,205,277,316
201806261534_049,23,11,Passengership,430,453,273,284
201806261534_050,25,12,Passengership,545,570,272,284
201806261534_051,28,13,Passengership,397,425,274,287
201806261534_052,65,25,Passengership,362,427,273,298
201806261534_053,105,29,Passengership,103,208,291,320
201806261534_054,53,53,Passengership,1,54,286,339
201806261534_043,49,87,Sailboat,241,290,196,283
201806261534_044,65,110,Sailboat,366,431,173,283
201806261534_045,42,107,Sailboat,466,508,164,271
201806261534_046,57,123,Sailboat,393,450,155,278
201806261534_047,91,145,Sailboat,427,518,142,287
201806261534_048,82,154,Sailboat,418,500,124,278
201806261534_049,130,208,Sailboat,304,434,78,286
201806261534_050,167,251,Sailboat,390,557,45,296
201806261534_051,180,298,Sailboat,220,400,5,303
201806261534_052,355,320,Sailboat,24,379,12,332
201806261534_053,22,16,Motorboat,374,396,275,291
201806261534_054,22,26,Motorboat,355,377,272,298
201806261534_055,60,42,Motorboat,66,126,292,334
201806261534_047,18,31,Sailboat,609,627,246,277
201806261534_048,21,40,Sailboat,610,631,238,278
201806261534_049,20,37,Sailboat,577,597,240,277
201806261534_050,23,43,Sailboat,711,734,235,278
201806261534_051,29,50,Sailboat,597,626,230,280
201806261534_052,30,52,Sailboat,671,701,228,280
201806261534_053,35,62,Sailboat,557,592,223,285
201806261534_054,37,54,Sailboat,586,623,230,284
201806261534_055,42,60,Sailboat,495,537,225,285
201806261534_056,59,72,Sailboat,710,769,224,296
201806261534_057,82,203,Sailboat,686,768,100,303
201806261534_058,122,296,Sailboat,760,882,26,322
201806261534_059,110,85,Motorboat,889,999,263,348
201806261534_060,147,201,Motorboat,1134,1281,309,510
201806261534_056,28,23,Militaryship,440,468,265,288
201806261534_057,24,23,Militaryship,350,374,265,288
201806261534_058,39,27,Militaryship,347,386,264,291
201806261534_059,51,41,Militaryship,280,331,261,302
201806261534_060,65,41,Militaryship,83,148,269,310
201806261534_058,24,27,Miscboat,673,697,253,280
201806261534_059,25,29,Miscboat,698,723,252,281
201806261534_060,25,40,Miscboat,607,632,248,288
201806261534_061,51,57,Miscboat,707,758,243,300
201806261534_062,108,199,Miscboat,761,869,148,347
201806261534_058,31,55,Sailboat,483,514,223,278
201806261534_059,30,59,Sailboat,503,533,224,283
201806261534_060,28,55,Sailboat,392,420,227,282
201806261534_061,31,60,Sailboat,462,493,222,282
201806261534_062,66,31,Sailboat,411,477,257,288
201806261534_063,66,32,Sailboat,360,426,262,294
201806261534_064,102,212,Sailboat,144,246,103,315
201806261534_065,161,279,Sailboat,1,162,59,338
201806261534_058,42,50,Sailboat,441,483,231,281
201806261534_059,76,106,Sailboat,449,525,190,296
201806261534_060,59,83,Sailboat,342,401,204,287
201806261534_061,64,89,Sailboat,397,461,198,287
201806261534_062,78,110,Sailboat,339,417,182,292
201806261534_063,85,120,Sailboat,314,399,170,290
201806261534_064,51,213,Sailboat,246,297,99,312
201806261534_065,131,51,Ferry,215,346,260,311
201806261534_066,72,38,Miscboat,115,187,266,304
201806261534_063,95,36,Motorboat,216,311,274,310
201806261534_064,76,223,Sailboat,4,80,112,335
201806261534_058,13,8,Motorboat,656,669,271,279
201806261534_059,13,8,Motorboat,675,688,272,280
201806261534_060,14,9,Motorboat,577,591,273,282
201806261534_061,16,11,Boat,680,696,277,288
201806261534_062,18,12,Boat,717,735,284,296
201806261534_063,33,23,Motorboat,798,831,299,322
201806261534_058,19,13,Passengership,645,664,258,271
201806261534_059,25,20,Passengership,662,687,257,277
201806261534_060,23,18,Passengership,566,589,258,276
201806261534_061,22,17,Passengership,671,693,260,277
201806261534_062,40,35,Passengership,689,729,251,286
201806261534_063,43,37,Passengership,735,778,251,288
201806261534_064,54,51,Passengership,738,792,240,291
201806261534_065,87,141,Passengership,745,832,173,314
201806261534_066,153,122,Passengership,735,888,204,326
201806261534_067,252,479,Passengership,1026,1278,15,494
201806261534_064,24,30,Passengership,707,731,252,282
201806261534_065,27,35,Passengership,714,741,248,283
201806261534_066,52,50,Passengership,681,733,247,297
201806261534_067,97,93,Passengership,809,906,224,317
201806261534_068,221,288,Passengership,903,1124,94,382
201806261534_069,85,173,Miscboat,1193,1278,236,409
201806261534_067,26,34,Motorboat,780,806,259,293
201806261534_068,49,58,Motorboat,821,870,249,307
201806261534_069,59,41,Motorboat,920,979,275,316
201806261534_070,125,71,Motorboat,969,1094,284,355
201806261534_071,191,259,Motorboat,1050,1241,144,403
201806261534_069,143,96,Motorboat,985,1128,247,343
201806261534_070,95,170,Motorboat,1178,1273,260,430
201806261534_058,17,18,Militaryship,526,543,254,272
201806261534_059,19,20,Militaryship,532,551,253,273
201806261534_060,21,22,Militaryship,426,447,253,275
201806261534_061,26,26,Militaryship,513,539,250,276
201806261534_062,36,36,Militaryship,511,547,245,281
201806261534_063,31,34,Militaryship,518,549,245,279
201806261534_064,39,46,Militaryship,454,493,237,283
201806261534_065,53,63,Militaryship,428,481,227,290
201806261534_066,65,38,Militaryship,317,382,249,287
201806261534_067,92,61,Militaryship,302,394,228,289
201806261534_068,128,104,Militaryship,208,336,208,312
201806261534_069,195,126,Militaryship,1,196,207,333
201806261534_067,41,48,Militaryship,399,440,237,285
201806261534_068,68,45,Militaryship,331,399,246,291
201806261534_069,103,55,Militaryship,216,319,246,301
201806261534_070,142,103,Militaryship,10,152,215,318
201806261534_069,39,87,Militaryship,869,908,216,303
201806261534_070,110,90,Militaryship,851,961,234,324
201806261534_071,204,242,Militaryship,835,1039,131,373
201806261534_072,339,231,Militaryship,936,1275,225,456
201806261534_070,50,31,Miscboat,786,836,265,296
201806261534_071,64,60,Miscboat,740,804,262,322
201806261534_072,74,46,Miscboat,766,840,277,323
201806261534_073,167,96,Miscboat,1099,1266,284,380
201806261534_071,49,46,Motorboat,712,761,260,306
201806261534_072,68,52,Motorboat,705,773,260,312
201806261534_073,127,90,Motorboat,966,1093,251,341
201806261534_070,137,26,Passengership,451,588,259,285
201806261534_071,132,60,Passengership,373,505,240,300
201806261534_072,77,50,Passengership,377,454,245,295
201806261534_073,98,66,Passengership,489,587,241,307
201806261534_074,55,36,Motorboat,378,433,263,299
201806261534_075,72,32,Motorboat,222,294,275,307
201806261534_076,89,40,Motorboat,101,190,287,327
201806261534_076,53,54,Motorboat,1086,1139,265,319
201806261534_077,152,126,Motorboat,1063,1215,245,371
201806261534_060,46,20,Ferry,492,538,266,286
201806261534_061,59,25,Ferry,570,629,264,289
201806261534_062,84,36,Ferry,563,647,260,296
201806261534_063,72,25,Ferry,583,655,269,294
201806261534_064,87,30,Ferry,539,626,268,298
201806261534_065,117,40,Ferry,528,645,263,303
201806261534_066,117,36,Ferry,456,573,275,311
201806261534_067,142,44,Ferry,488,630,275,319
201806261534_068,159,48,Ferry,423,582,284,332
201806261534_069,227,64,Ferry,463,690,284,348
201806261534_070,254,71,Ferry,510,764,274,345
201806261534_071,257,72,Ferry,502,759,272,344
201806261534_072,180,59,Ferry,503,683,278,337
201806261534_073,241,79,Ferry,669,910,274,353
201806261534_074,323,106,Ferry,683,1006,279,385
201806261534_075,314,110,Ferry,491,805,276,386
201806261534_073,34,25,Miscboat,616,650,260,285
201806261534_074,38,29,Miscboat,543,581,253,282
201806261534_075,52,39,Miscboat,451,503,251,290
201806261534_076,68,38,Miscboat,443,511,258,296
201806261534_077,104,59,Miscboat,55,159,255,314
201806261534_050,38,17,Ferry,619,657,263,280
201806261534_051,37,13,Ferry,505,542,268,281
201806261534_052,26,13,Ferry,582,608,265,278
201806261534_053,37,14,Ferry,457,494,266,280
201806261534_054,41,15,Ferry,486,527,264,279
201806261534_055,38,16,Ferry,378,416,265,281
201806261534_056,40,17,Ferry,597,637,266,283
201806261534_057,39,15,Ferry,546,585,268,283
201806261534_058,41,14,Ferry,586,627,268,282
201806261534_059,47,21,Ferry,596,643,264,285
201806261534_066,166,76,Ferry,431,597,256,332
201806261534_068,225,96,Ferry,400,625,249,345
201806261534_069,347,148,Ferry,406,753,231,379
201806261534_076,322,98,Ferry,462,784,291,389
201806261534_077,433,163,Ferry,30,463,273,436
201806261534_073,19,20,Motorboat,650,669,263,283
201806261534_074,21,22,Motorboat,584,605,258,280
201806261534_075,23,24,Motorboat,505,528,258,282
201806261534_076,26,19,Motorboat,512,538,268,287
201806261534_000,153,232,Sailboat,828,981,97,329
201806261534_000,298,397,Sailboat,143,441,3,400
201806261534_000,53,76,Sailboat,350,403,224,300
201806261534_037,25,26,Sailboat,969,994,256,282
201806261534_059,340,423,Sailboat,930,1270,1,424
201806261534_061,56,87,Sailboat,268,324,211,298
201806261534_062,78,116,Sailboat,147,225,199,315
201806261534_062,87,154,Sailboat,52,139,174,328
201806261534_063,135,45,Sailboat,98,233,274,319
201806261534_061,39,103,Sailboat,326,365,192,295
201806261534_000,53,19,Motorboat,476,529,276,295
201806261534_016,29,19,Motorboat,178,207,266,285
201806261534_016,53,21,Motorboat,210,263,263,284
201806261534_016,37,18,Motorboat,417,454,259,277
201806261534_019,22,19,Motorboat,108,130,220,239
201806261534_024,88,37,Miscboat,1192,1280,247,284
201806261534_037,26,11,Motorboat,1160,1186,271,282
201806261534_037,17,13,Motorboat,1135,1152,269,282
201806261534_037,22,9,Motorboat,1107,1129,273,282
201806261534_054,61,83,Miscboat,67,128,243,326
201806261534_067,97,42,Motorboat,176,273,261,303
201806261534_078,113,29,Miscboat,183,296,266,295
201806261534_063,33,25,Boat,820,853,311,336
201806261534_064,86,59,Motorboat,897,983,327,386
201806261534_033,139,88,Militaryship,1130,1269,218,306
201806261534_040,61,100,Militaryship,6,67,221,321
201806261534_049,115,97,Militaryship,32,147,216,313
201806261534_050,327,252,Militaryship,1,328,85,337
201806261534_043,65,101,Militaryship,115,180,210,311
201806261534_046,13,48,Militaryship,350,363,237,285
201806261534_022,55,32,Miscboat,1224,1279,244,276
201806261534_034,89,30,Miscboat,1045,1134,262,292
201806261534_028,33,15,Miscboat,483,516,271,286
201806261534_000,19,17,Seamark,113,132,391,408
201806261534_002,10,23,Seamark,21,31,282,305
201806261534_002,6,15,Seamark,1024,1030,267,282
201806261534_008,5,12,Seamark,1147,1152,270,282
201806261534_011,10,16,Seamark,385,395,269,285
201806261534_017,9,18,Seamark,288,297,271,289
201806261534_026,6,12,Seamark,1054,1060,273,285
201806261534_028,6,46,Seamark,988,994,277,323
201806261534_026,8,18,Seamark,864,872,270,288
201806261534_037,9,8,Miscellaneous,422,431,396,404
201806261534_037,6,7,Miscellaneous,528,534,385,392
201806261534_037,6,9,Miscellaneous,435,441,393,402
201806261534_037,8,9,Miscellaneous,446,454,390,399
201806261534_037,7,8,Miscellaneous,514,521,387,395
201806261534_058,31,9,Ferry,552,583,265,274
201806261534_066,113,42,Ferry,1,114,278,320
201806261604_000,82,56,Motorboat,589,671,285,341
201806261604_001,115,89,Motorboat,-2,113,305,394
201806261604_000,61,46,Passengership,1220,1281,257,303
201806261604_001,210,76,Passengership,847,1057,241,317
201806261604_002,232,145,Passengership,1049,1281,198,343
201806261604_001,25,28,Motorboat,237,262,276,304
201806261604_002,36,40,Motorboat,211,247,273,313
201806261604_003,69,52,Motorboat,196,265,276,328
201806261604_004,134,101,Motorboat,2,136,270,371
201806261604_004,43,30,Miscboat,388,431,270,300
201806261604_005,50,28,Miscboat,366,416,276,304
201806261604_006,82,35,Miscboat,329,411,281,316
201806261604_007,164,75,Miscboat,31,195,287,362
201806261604_003,38,30,Motorboat,261,299,286,316
201806261604_004,60,44,Motorboat,180,240,293,337
201806261604_001,32,27,Passengership,535,567,265,292
201806261604_002,41,35,Passengership,602,643,260,295
201806261604_003,51,40,Passengership,811,862,256,296
201806261604_004,99,105,Passengership,973,1072,206,311
201806261604_001,48,38,Militaryship,482,530,252,290
201806261604_002,59,47,Militaryship,544,603,245,292
201806261604_003,80,43,Militaryship,722,802,250,293
201806261604_004,100,88,Militaryship,852,952,210,298
201806261604_005,145,127,Militaryship,966,1111,185,312
201806261604_006,136,165,Militaryship,1147,1283,161,326
201806261604_004,70,73,Militaryship,305,375,235,308
201806261604_005,144,76,Militaryship,172,316,254,330
201806261604_006,219,120,Militaryship,0,219,228,348
201806261604_005,38,33,Passengership,411,449,267,300
201806261604_006,56,40,Passengership,405,461,266,306
201806261604_007,111,77,Passengership,200,311,252,329
201806261604_008,203,132,Passengership,1,204,231,363
201806261604_006,47,68,Sailboat,930,977,222,290
201806261604_007,81,76,Sailboat,930,1011,219,295
201806261604_008,112,138,Sailboat,1060,1172,175,313
201806261604_004,30,28,Passengership,447,477,264,292
201806261604_005,46,41,Passengership,444,490,254,295
201806261604_006,61,50,Passengership,455,516,252,302
201806261604_007,81,67,Passengership,314,395,248,315
201806261604_008,131,125,Passengership,216,347,207,332
201806261604_009,136,155,Passengership,0,136,225,380
201806261604_004,68,21,Ferry,477,545,267,288
201806261604_005,87,23,Ferry,548,635,267,290
201806261604_006,87,31,Ferry,651,738,262,293
201806261604_007,122,33,Ferry,648,770,263,296
201806261604_008,150,53,Ferry,764,914,250,303
201806261604_011,218,334,Sailboat,1041,1259,1,335
201806261604_012,70,323,Sailboat,1213,1283,26,349
201806261604_009,135,155,Sailboat,801,936,137,292
201806261604_010,151,221,Sailboat,906,1057,85,306
201806261604_011,53,162,Sailboat,968,1021,149,311
201806261604_005,38,25,Passengership,487,525,263,288
201806261604_006,45,31,Passengership,520,565,258,289
201806261604_007,65,54,Passengership,404,469,245,299
201806261604_008,86,63,Passengership,385,471,242,305
201806261604_009,126,60,Passengership,290,416,255,315
201806261604_010,285,309,Passengership,16,301,58,367
201806261604_011,51,147,Sailboat,897,948,154,301
201806261604_012,141,53,Motorboat,970,1111,264,317
201806261604_010,21,12,Motorboat,495,516,282,294
201806261604_011,30,15,Motorboat,434,464,287,302
201806261604_012,49,22,Motorboat,327,376,298,320
201806261604_013,96,35,Motorboat,49,145,329,364
201806261604_011,60,151,Sailboat,815,875,144,295
201806261604_012,97,211,Sailboat,883,980,94,305
201806261604_013,193,334,Sailboat,1007,1200,1,335
201806261604_014,181,307,Sailboat,1096,1277,20,327
201806261604_010,13,9,Motorboat,517,530,280,289
201806261604_011,14,10,Motorboat,471,485,282,292
201806261604_012,26,14,Motorboat,403,429,291,305
201806261604_013,39,22,Motorboat,240,279,311,333
201806261604_012,30,33,Miscboat,472,502,259,292
201806261604_013,39,53,Miscboat,392,431,248,301
201806261604_014,58,74,Miscboat,323,381,242,316
201806261604_015,130,105,Miscboat,54,184,247,352
201806261604_013,26,25,Motorboat,767,793,259,284
201806261604_014,37,34,Motorboat,836,873,256,290
201806261604_015,50,30,Motorboat,864,914,269,299
201806261604_016,81,61,Motorboat,912,993,249,310
201806261604_017,116,102,Motorboat,1165,1281,248,350
201806261604_016,24,23,Miscboat,404,428,270,293
201806261604_017,32,20,Miscboat,392,424,281,301
201806261604_018,52,39,Miscboat,264,316,278,317
201806261604_019,83,78,Miscboat,88,171,262,340
201806261604_016,33,108,Sailboat,428,461,182,290
201806261604_017,54,131,Sailboat,418,472,167,298
201806261604_018,65,165,Sailboat,320,385,139,304
201806261604_019,110,237,Sailboat,174,284,87,324
201806261604_020,10,10,Motorboat,662,672,268,278
201806261604_021,11,11,Motorboat,616,627,271,282
201806261604_022,19,16,Motorboat,520,539,279,295
201806261604_023,54,38,Motorboat,345,399,292,330
201806261604_024,105,81,Motorboat,1022,1127,286,367
201806261604_025,230,67,Passengership,1047,1277,309,376
201806261604_011,43,80,Sailboat,713,756,192,272
201806261604_012,46,86,Sailboat,717,763,190,276
201806261604_013,59,111,Sailboat,686,745,175,286
201806261604_014,45,94,Sailboat,736,781,174,268
201806261604_015,56,115,Sailboat,709,765,159,274
201806261604_016,69,141,Sailboat,678,747,142,283
201806261604_017,70,132,Sailboat,739,809,137,269
201806261604_018,79,142,Sailboat,717,796,130,272
201806261604_019,99,179,Sailboat,705,804,104,283
201806261604_020,107,194,Sailboat,727,834,79,273
201806261604_021,119,219,Sailboat,724,843,53,272
201806261604_022,78,272,Sailboat,775,853,1,273
201806261604_023,180,270,Sailboat,803,983,4,274
201806261604_024,177,270,Sailboat,948,1125,1,271
201806261604_025,356,318,Sailboat,925,1281,1,319
201806261604_026,270,360,Sailboat,1011,1281,3,363
201806261604_026,140,116,Militaryship,851,991,175,291
201806261604_027,185,137,Militaryship,940,1125,181,318
201806261604_024,57,71,Cruiseship,880,937,205,276
201806261604_025,61,128,Cruiseship,773,834,155,283
201806261604_026,106,158,Cruiseship,783,889,121,279
201806261604_027,152,124,Cruiseship,780,932,169,293
201806261604_028,240,273,Cruiseship,763,1003,32,305
201806261604_029,374,326,Cruiseship,715,1089,1,327
201806261604_030,455,380,Cruiseship,826,1281,1,381
201806261604_031,285,411,Cruiseship,997,1282,1,412
201806261604_027,36,41,Militaryship,746,782,236,277
201806261604_028,55,71,Militaryship,699,754,215,286
201806261604_029,53,67,Militaryship,641,694,220,287
201806261604_030,60,50,Militaryship,715,775,238,288
201806261604_031,80,114,Militaryship,705,785,184,298
201806261604_032,103,149,Militaryship,775,878,158,307
201806261604_033,170,229,Militaryship,809,979,101,330
201806261604_032,49,95,Militaryship,737,786,196,291
201806261604_033,78,127,Militaryship,727,805,175,302
201806261604_034,128,178,Militaryship,814,942,138,316
201806261604_035,234,306,Militaryship,823,1057,45,351
201806261604_036,312,484,Militaryship,970,1282,1,485
201806261604_036,67,116,Militaryship,900,967,195,311
201806261604_037,113,177,Militaryship,918,1031,165,342
201806261604_038,153,351,Militaryship,1128,1281,50,401
201806261604_031,17,12,Militaryship,490,507,277,289
201806261604_032,23,34,Militaryship,493,516,261,295
201806261604_035,54,24,Passengership,617,671,271,295
201806261604_036,116,56,Passengership,288,404,283,339
201806261604_038,198,135,Miscboat,955,1153,213,348
201806261604_039,279,261,Miscboat,1002,1281,170,431
201806261604_037,27,9,Motorboat,646,673,277,286
201806261604_038,30,10,Motorboat,566,596,275,285
201806261604_039,38,12,Motorboat,393,431,277,289
201806261604_040,43,15,Motorboat,104,147,289,304
201806261604_037,20,15,Motorboat,672,692,271,286
201806261604_038,22,16,Motorboat,597,619,269,285
201806261604_039,24,18,Motorboat,430,454,271,289
201806261604_040,40,26,Motorboat,142,182,275,301
201806261604_040,39,58,Militaryship,797,836,224,282
201806261604_041,50,74,Militaryship,693,743,214,288
201806261604_042,68,100,Militaryship,395,463,199,299
201806261604_043,54,90,Militaryship,289,343,208,298
201806261604_040,47,55,Militaryship,756,803,228,283
201806261604_041,67,75,Militaryship,640,707,218,293
201806261604_042,70,79,Militaryship,340,410,218,297
201806261604_043,72,81,Militaryship,221,293,218,299
201806261604_044,121,96,Militaryship,117,238,211,307
201806261604_044,5,12,Seamark,447,452,278,290
201806261604_045,3,18,Seamark,342,345,281,299
201806261604_046,3,16,Seamark,222,225,288,304
201806261604_047,6,18,Seamark,131,137,293,311
201806261604_048,8,20,Seamark,87,95,289,309
201806261604_049,7,18,Seamark,9,16,295,313
201806261604_044,5,11,Seamark,393,398,276,287
201806261604_045,6,12,Seamark,295,301,279,291
201806261604_046,3,8,Seamark,188,191,283,291
201806261604_047,6,13,Seamark,124,130,289,302
201806261604_047,3,10,Seamark,427,430,274,284
201806261604_048,3,13,Seamark,444,447,271,284
201806261604_049,3,12,Seamark,439,442,274,286
201806261604_050,3,11,Seamark,424,427,275,286
201806261604_051,7,11,Seamark,369,376,275,286
201806261604_052,6,10,Seamark,330,336,278,288
201806261604_053,6,13,Seamark,321,327,277,290
201806261604_054,7,14,Seamark,281,288,277,291
201806261604_055,7,14,Seamark,236,243,281,295
201806261604_056,14,23,Seamark,117,131,280,303
201806261604_043,5,11,Seamark,599,604,274,285
201806261604_044,8,14,Seamark,530,538,272,286
201806261604_045,9,15,Seamark,449,458,275,290
201806261604_046,6,17,Seamark,355,361,276,293
201806261604_047,12,20,Seamark,306,318,279,299
201806261604_048,8,18,Seamark,290,298,280,298
201806261604_049,9,27,Seamark,232,241,279,306
201806261604_043,4,6,Seamark,433,437,277,283
201806261604_044,4,12,Seamark,361,365,274,286
201806261604_045,8,13,Seamark,275,283,276,289
201806261604_046,7,12,Seamark,187,194,279,291
201806261604_047,6,11,Seamark,151,157,282,293
201806261604_048,3,8,Seamark,149,152,284,292
201806261604_049,4,8,Seamark,122,126,287,295
201806261604_047,9,15,Seamark,263,272,280,295
201806261604_048,10,16,Seamark,252,262,280,296
201806261604_049,5,15,Seamark,212,217,284,299
201806261604_052,34,20,Passengership,561,595,265,285
201806261604_053,40,37,Passengership,497,537,252,289
201806261604_054,36,23,Passengership,391,427,268,291
201806261604_055,91,58,Passengership,107,198,258,316
201806261604_014,91,41,Boat,14,105,332,373
201806261604_024,63,21,Boat,940,1003,300,321
201806261604_026,36,26,Boat,961,997,273,299
201806261604_013,43,21,Boat,296,339,301,322
201806261604_011,29,166,Sailboat,948,977,140,306
201806261604_011,81,232,Sailboat,972,1053,96,328
201806261604_013,80,198,Sailboat,934,1014,113,311
201806261604_033,48,198,Sailboat,315,363,122,320
201806261604_009,204,43,Ferry,958,1162,273,316
201806261604_014,110,42,Motorboat,1118,1228,300,342
201806261604_026,98,58,Motorboat,1052,1150,256,314
201806261604_026,72,63,Motorboat,996,1068,253,316
201806261604_027,141,95,Militaryship,1134,1275,247,342
201806261604_028,260,289,Militaryship,1015,1275,68,357
201806261604_034,325,379,Militaryship,956,1281,1,380
201806261604_045,179,93,Militaryship,1,180,195,288
201806261604_006,105,42,Motorboat,190,295,293,335
201806261604_006,89,43,Miscboat,1015,1104,259,302
201806261604_024,98,91,Motorboat,1147,1245,266,357
201806261604_022,177,122,Miscboat,1083,1260,219,341
201806261604_050,17,46,Seamark,39,56,282,328
201806261604_050,9,19,Seamark,93,102,291,310
201806261604_050,8,19,Seamark,54,62,282,301
201806261604_050,4,10,Seamark,142,146,282,292
201806261604_053,5,10,Seamark,14,19,284,294
201806261604_025,89,129,Motorboat,1188,1277,271,400
201806261634_001,26,18,Motorboat,339,365,285,303
201806261634_002,36,29,Motorboat,151,187,285,314
201806261634_001,24,21,Motorboat,650,674,275,296
201806261634_002,31,31,Motorboat,533,564,270,301
201806261634_003,34,37,Motorboat,286,320,275,312
201806261634_001,49,49,Sailboat,772,821,249,298
201806261634_002,79,80,Sailboat,674,753,223,303
201806261634_003,82,169,Sailboat,462,544,147,316
201806261634_004,173,280,Sailboat,147,320,63,343
201806261634_007,65,17,Motorboat,947,1012,287,304
201806261634_008,103,24,Motorboat,1049,1152,289,313
201806261634_007,108,35,Motorboat,767,875,260,295
201806261634_008,132,62,Motorboat,843,975,251,313
201806261634_010,4,14,Seamark,756,760,273,287
201806261634_011,9,19,Seamark,268,277,269,288
201806261634_010,14,44,Sailboat,1021,1035,246,290
201806261634_011,45,75,Sailboat,393,438,215,290
201806261634_012,42,104,Sailboat,133,175,198,302
201806261634_011,6,13,Sailboat,1019,1025,271,284
201806261634_012,7,19,Sailboat,969,976,267,286
201806261634_013,6,17,Sailboat,893,899,266,283
201806261634_014,6,16,Sailboat,712,718,265,281
201806261634_015,6,15,Sailboat,696,702,264,279
201806261634_016,5,14,Sailboat,697,702,266,280
201806261634_017,9,21,Sailboat,701,710,265,286
201806261634_018,9,23,Sailboat,734,743,267,290
201806261634_019,9,20,Sailboat,801,810,275,295
201806261634_020,16,37,Sailboat,798,814,269,306
201806261634_021,17,43,Sailboat,859,876,278,321
201806261634_022,20,70,Sailboat,1036,1056,279,349
201806261634_011,12,33,Seamark,881,893,268,301
201806261634_012,14,36,Seamark,872,886,273,309
201806261634_013,16,51,Seamark,878,894,269,320
201806261634_014,54,156,Seamark,926,980,256,412
201806261634_011,6,12,Seamark,792,798,267,279
201806261634_012,7,13,Seamark,726,733,265,278
201806261634_013,8,14,Seamark,625,633,263,277
201806261634_014,5,13,Seamark,408,413,267,280
201806261634_015,6,14,Seamark,350,356,270,284
201806261634_016,4,14,Seamark,304,308,269,283
201806261634_017,8,20,Seamark,248,256,269,289
201806261634_018,10,18,Seamark,168,178,274,292
201806261634_019,5,23,Seamark,126,131,275,298
201806261634_014,5,10,Seamark,437,442,265,275
201806261634_015,6,11,Seamark,393,399,267,278
201806261634_016,7,12,Seamark,364,371,266,278
201806261634_017,5,14,Seamark,337,342,265,279
201806261634_018,6,15,Seamark,313,319,265,280
201806261634_019,7,16,Seamark,325,332,265,281
201806261634_020,6,18,Seamark,245,251,268,286
201806261634_021,6,19,Seamark,181,187,269,288
201806261634_022,5,15,Seamark,177,182,274,289
201806261634_023,9,22,Seamark,88,97,273,295
201806261634_017,4,12,Seamark,614,618,264,276
201806261634_018,6,17,Seamark,622,628,262,279
201806261634_019,6,16,Seamark,665,671,263,279
201806261634_020,5,15,Seamark,619,624,264,279
201806261634_021,4,11,Seamark,601,605,269,280
201806261634_022,4,10,Seamark,644,648,270,280
201806261634_023,8,15,Seamark,660,668,268,283
201806261634_024,7,18,Seamark,742,749,266,284
201806261634_025,6,16,Seamark,811,817,272,288
201806261634_026,11,27,Seamark,818,829,265,292
201806261634_027,12,30,Seamark,762,774,269,299
201806261634_028,11,32,Seamark,782,793,272,304
201806261634_029,20,56,Seamark,788,808,263,319
201806261634_030,36,125,Seamark,933,969,257,382
201806261634_029,8,19,Seamark,751,759,274,293
201806261634_030,21,36,Seamark,759,780,271,307
201806261634_031,19,31,Seamark,789,808,282,313
201806261634_032,17,70,Seamark,841,858,292,362
201806261634_014,4,11,Seamark,638,642,264,275
201806261634_015,4,12,Seamark,611,615,264,276
201806261634_016,4,13,Seamark,599,603,263,276
201806261634_017,5,14,Seamark,593,598,265,279
201806261634_018,6,15,Seamark,597,603,264,279
201806261634_019,7,16,Seamark,635,642,264,280
201806261634_020,6,18,Seamark,589,595,265,283
201806261634_021,7,20,Seamark,567,574,265,285
201806261634_022,7,16,Seamark,604,611,270,286
201806261634_023,9,27,Seamark,611,620,266,293
201806261634_024,12,26,Seamark,681,693,273,299
201806261634_025,15,45,Seamark,762,777,273,318
201806261634_026,37,101,Seamark,845,882,264,365
201806261634_023,7,6,Boat,709,716,268,274
201806261634_024,8,7,Boat,777,785,268,275
201806261634_025,9,8,Boat,822,831,270,278
201806261634_026,8,9,Boat,800,808,268,277
201806261634_027,9,10,Boat,702,711,269,279
201806261634_028,10,11,Boat,680,690,268,279
201806261634_029,6,7,Boat,638,644,271,278
201806261634_030,7,8,Boat,603,610,271,279
201806261634_031,8,9,Boat,555,563,271,280
201806261634_032,12,12,Boat,394,406,276,288
201806261634_037,22,10,Boat,96,118,279,289
201806261634_038,16,13,Boat,352,368,270,283
201806261634_039,18,14,Boat,569,587,266,280
201806261634_040,20,15,Boat,598,618,265,280
201806261634_041,8,7,Boat,634,642,276,283
201806261634_042,9,8,Boat,705,714,273,281
201806261634_043,10,9,Boat,759,769,274,283
201806261634_044,8,6,Boat,814,822,274,280
201806261634_070,11,48,Sailboat,472,483,233,281
201806261634_071,15,58,Sailboat,447,462,230,288
201806261634_072,16,64,Sailboat,463,479,227,291
201806261634_073,24,66,Sailboat,460,484,224,290
201806261634_074,27,85,Sailboat,418,445,208,293
201806261634_076,26,129,Sailboat,480,506,177,306
201806261634_077,77,239,Sailboat,342,419,88,327
201806261634_073,18,72,Sailboat,486,504,215,287
201806261634_074,31,95,Sailboat,432,463,197,292
201806261634_076,21,151,Sailboat,510,531,157,308
201806261634_074,22,93,Sailboat,460,482,198,291
201806261634_075,23,99,Sailboat,462,485,195,294
201806261634_076,26,149,Sailboat,534,560,156,305
201806261634_077,90,232,Sailboat,391,481,94,326
201806261634_076,26,154,Sailboat,564,590,151,305
201806261634_077,72,240,Sailboat,452,524,85,325
201806261634_070,13,8,Boat,402,415,275,283
201806261634_071,16,45,Sailboat,373,389,241,286
201806261634_072,18,60,Sailboat,376,394,231,291
201806261634_073,17,56,Sailboat,380,397,233,289
201806261634_071,19,37,Sailboat,337,356,248,285
201806261634_072,21,41,Sailboat,344,365,246,287
201806261634_073,17,84,Sailboat,343,360,208,292
201806261634_074,18,62,Sailboat,291,309,233,295
201806261634_075,22,78,Sailboat,267,289,223,301
201806261634_076,42,107,Sailboat,309,351,196,303
201806261634_074,33,73,Sailboat,312,345,220,293
201806261634_076,32,99,Sailboat,383,415,207,306
201806261634_071,19,64,Sailboat,352,371,222,286
201806261634_072,19,62,Sailboat,358,377,223,285
201806261634_073,16,40,Sailboat,361,377,248,288
201806261634_070,9,7,Motorboat,841,850,276,283
201806261634_071,10,8,Motorboat,877,887,275,283
201806261634_072,23,12,Motorboat,930,953,276,288
201806261634_073,29,12,Motorboat,1009,1038,280,292
201806261634_070,24,51,Sailboat,352,376,232,283
201806261634_071,32,61,Sailboat,305,337,226,287
201806261634_072,36,69,Sailboat,310,346,221,290
201806261634_073,40,73,Sailboat,295,335,217,290
201806261634_074,36,91,Sailboat,214,250,204,295
201806261634_075,32,152,Sailboat,168,200,160,312
201806261634_076,60,139,Sailboat,181,241,167,306
201806261634_074,28,100,Sailboat,503,531,189,289
201806261634_075,35,126,Sailboat,526,561,171,297
201806261634_076,42,156,Sailboat,622,664,151,307
201806261634_077,77,332,Sailboat,569,646,1,333
201806261634_074,29,120,Sailboat,255,284,182,302
201806261634_075,35,145,Sailboat,226,261,162,307
201806261634_076,42,93,Sailboat,262,304,212,305
201806261634_077,83,165,Sailboat,106,189,162,327
201806261634_073,30,12,Motorboat,591,621,274,286
201806261634_074,47,21,Motorboat,570,617,270,291
201806261634_075,53,23,Motorboat,610,663,270,293
201806261634_076,87,23,Motorboat,723,810,293,316
201806261634_077,149,52,Motorboat,759,908,295,347
201806261634_073,13,60,Sailboat,421,434,229,289
201806261634_074,38,68,Sailboat,360,398,224,292
201806261634_075,47,84,Sailboat,335,382,215,299
201806261634_076,29,127,Sailboat,419,448,179,306
201806261634_077,89,218,Sailboat,255,344,109,327
201806261634_071,32,62,Sailboat,473,505,223,285
201806261634_073,20,74,Sailboat,505,525,213,287
201806261634_074,27,91,Sailboat,482,509,200,291
201806261634_076,33,172,Sailboat,593,626,134,306
201806261634_077,73,285,Sailboat,508,581,47,332
201806261634_070,23,10,Motorboat,590,613,270,280
201806261634_071,25,11,Motorboat,591,616,270,281
201806261634_072,28,12,Motorboat,625,653,269,281
201806261634_073,38,17,Motorboat,648,686,268,285
201806261634_074,43,23,Motorboat,652,695,267,290
201806261634_075,47,27,Motorboat,717,764,268,295
201806261634_076,57,30,Motorboat,850,907,270,300
201806261634_077,91,53,Motorboat,874,965,258,311
201806261634_070,19,7,Motorboat,656,675,273,280
201806261634_071,21,8,Motorboat,666,687,274,282
201806261634_072,23,9,Motorboat,708,731,274,283
201806261634_073,26,7,Motorboat,744,770,278,285
201806261634_074,29,8,Motorboat,766,795,279,287
201806261634_075,49,13,Motorboat,847,896,282,295
201806261634_076,58,13,Motorboat,1022,1080,290,303
201806261634_070,20,8,Motorboat,679,699,273,281
201806261634_071,21,8,Motorboat,696,717,274,282
201806261634_072,23,9,Motorboat,742,765,274,283
201806261634_073,30,10,Motorboat,778,808,276,286
201806261634_074,33,11,Motorboat,807,840,277,288
201806261634_075,57,16,Motorboat,905,962,281,297
201806261634_076,51,14,Motorboat,1094,1145,292,306
201806261634_070,19,59,Sailboat,534,553,219,278
201806261634_071,29,72,Sailboat,509,538,208,280
201806261634_074,38,124,Sailboat,534,572,165,289
201806261634_076,56,220,Sailboat,659,715,83,303
201806261634_077,105,328,Sailboat,624,729,8,336
201806261634_070,23,49,Sailboat,555,578,229,278
201806261634_071,46,50,Sailboat,543,589,234,284
201806261634_072,50,53,Sailboat,573,623,232,285
201806261634_074,30,50,Sailboat,617,647,239,289
201806261634_075,37,61,Sailboat,669,706,234,295
201806261634_076,100,152,Sailboat,747,847,164,316
201806261634_077,140,197,Sailboat,788,928,108,305
201806261634_070,14,52,Sailboat,437,451,229,281
201806261634_071,32,64,Sailboat,406,438,223,287
201806261634_072,33,67,Sailboat,419,452,221,288
201806261634_073,19,71,Sailboat,437,456,217,288
201806261634_074,26,91,Sailboat,393,419,202,293
201806261634_075,26,90,Sailboat,380,406,207,297
201806261634_076,25,123,Sailboat,452,477,184,307
201806261634_005,37,39,Boat,1072,1109,309,348
201806261634_019,16,4,Boat,105,121,278,282
201806261634_006,254,405,Sailboat,361,615,1,406
201806261634_070,12,46,Sailboat,454,466,235,281
201806261634_077,84,168,Sailboat,199,283,160,328
201806261634_076,26,83,Sailboat,353,379,220,303
201806261634_073,17,50,Sailboat,402,419,238,288
201806261634_076,34,212,Sailboat,144,178,113,325
201806261634_077,70,136,Sailboat,47,117,188,324
201806261634_077,206,335,Sailboat,765,971,11,346
201806261634_006,193,64,Motorboat,675,868,271,335
201806261634_002,41,13,Motorboat,650,691,288,301
201806261634_008,49,23,Motorboat,1229,1278,303,326
201806261634_077,60,39,Motorboat,1,61,271,310
201806261634_000,148,191,Militaryship,1130,1278,158,349
201806261634_006,122,53,Motorboat,14,136,272,325
201806261634_009,199,60,Motorboat,1081,1280,273,333
201806261634_002,8,41,Seamark,955,963,286,327
201806261634_007,8,16,Seamark,37,45,280,296
201806261634_011,4,13,Seamark,982,986,268,281
201806261634_010,7,18,Seamark,1194,1201,285,303
201806261634_011,4,10,Seamark,1005,1009,271,281
201806261634_011,4,6,Seamark,819,823,271,277
201806261634_014,3,9,Seamark,656,659,265,274
201806261634_026,3,11,Seamark,840,843,272,283
201806261704_001,10,4,Miscellaneous,1069,1079,336,340
201806261704_002,10,8,Miscellaneous,1223,1233,368,376
201806261704_001,6,11,Seamark,1154,1160,276,287
201806261704_002,5,12,Seamark,1133,1138,274,286
201806261704_001,11,5,Boat,1059,1070,281,286
201806261704_002,19,18,Boat,998,1017,273,291
201806261704_003,17,16,Boat,1222,1239,286,302
201806261704_001,4,9,Seamark,936,940,273,282
201806261704_002,8,10,Seamark,899,907,272,282
201806261704_004,5,12,Seamark,942,947,273,285
201806261704_005,7,17,Seamark,1042,1049,272,289
201806261704_001,5,13,Seamark,582,587,273,286
201806261704_002,8,17,Seamark,522,530,271,288
201806261704_004,8,21,Seamark,457,465,273,294
201806261704_005,11,29,Seamark,470,481,272,301
201806261704_006,14,34,Seamark,18,32,286,320
201806261704_001,7,19,Seamark,827,834,271,290
201806261704_002,9,22,Seamark,793,802,269,291
201806261704_003,11,25,Seamark,942,953,272,297
201806261704_004,12,35,Seamark,881,893,270,305
201806261704_005,18,62,Seamark,1104,1122,269,331
201806261704_006,25,102,Seamark,1028,1053,265,367
201806261704_007,8,20,Seamark,169,177,277,297
201806261704_008,10,27,Seamark,118,128,280,307
201806261704_007,10,23,Seamark,687,697,269,292
201806261704_008,12,28,Seamark,787,799,272,300
201806261704_009,15,43,Seamark,839,854,268,311
201806261704_010,29,92,Seamark,901,930,267,359
201806261704_008,44,25,Militaryship,831,875,257,282
201806261704_009,32,47,Militaryship,778,810,236,283
201806261704_010,49,66,Militaryship,639,688,222,288
201806261704_011,171,166,Militaryship,248,419,156,322
201806261704_013,8,21,Seamark,137,145,278,299
201806261704_014,11,21,Seamark,20,31,287,308
201806261704_013,5,11,Seamark,913,918,269,280
201806261704_014,9,15,Seamark,910,919,269,284
201806261704_015,7,16,Seamark,919,926,267,283
201806261704_016,6,15,Seamark,905,911,270,285
201806261704_017,7,18,Seamark,864,871,267,285
201806261704_018,8,23,Seamark,802,810,266,289
201806261704_019,7,21,Seamark,811,818,269,290
201806261704_020,11,27,Seamark,813,824,268,295
201806261704_021,12,36,Seamark,818,830,262,298
201806261704_022,14,50,Seamark,937,951,268,318
201806261704_023,51,168,Seamark,890,941,253,421
201806261704_010,5,11,Seamark,840,845,272,283
201806261704_011,8,17,Seamark,674,682,269,286
201806261704_012,9,19,Seamark,698,707,268,287
201806261704_013,9,24,Seamark,794,803,269,293
201806261704_014,14,30,Seamark,804,818,272,302
201806261704_015,14,44,Seamark,859,873,268,312
201806261704_016,23,73,Seamark,930,953,269,342
201806261704_017,52,194,Seamark,1170,1222,270,464
201806261704_013,5,10,Seamark,464,469,273,283
201806261704_014,5,10,Seamark,423,428,275,285
201806261704_015,6,11,Seamark,363,369,275,286
201806261704_016,5,11,Seamark,285,290,278,289
201806261704_017,7,16,Seamark,174,181,279,295
201806261704_017,32,26,Miscboat,1190,1222,253,279
201806261704_020,91,23,Miscboat,1180,1271,260,283
201806261704_021,69,41,Miscboat,1207,1276,244,285
201806261704_012,18,28,Militaryship,637,655,248,276
201806261704_013,23,36,Militaryship,699,722,243,279
201806261704_014,23,37,Militaryship,678,701,243,280
201806261704_015,24,36,Militaryship,653,677,240,276
201806261704_016,26,40,Militaryship,606,632,238,278
201806261704_017,32,44,Militaryship,530,562,235,279
201806261704_018,26,45,Militaryship,443,469,234,279
201806261704_019,32,56,Militaryship,415,447,230,286
201806261704_020,32,51,Militaryship,376,408,234,285
201806261704_021,28,53,Militaryship,327,355,234,287
201806261704_022,34,59,Militaryship,304,338,228,287
201806261704_014,88,23,Cruiseship,651,739,251,274
201806261704_015,102,26,Cruiseship,617,719,248,274
201806261704_016,116,30,Cruiseship,564,680,247,277
201806261704_017,93,23,Cruiseship,507,600,247,270
201806261704_018,112,27,Cruiseship,407,519,247,274
201806261704_019,138,33,Cruiseship,369,507,247,280
201806261704_020,110,27,Cruiseship,354,464,247,274
201806261704_017,52,32,Militaryship,1147,1199,243,275
201806261704_018,81,33,Militaryship,1084,1165,250,283
201806261704_019,104,40,Militaryship,1093,1197,242,282
201806261704_020,86,34,Militaryship,1108,1194,241,275
201806261704_021,57,36,Militaryship,1135,1192,243,279
201806261704_022,43,18,Passengership,1156,1199,266,284
201806261704_023,39,16,Passengership,867,906,265,281
201806261704_024,61,20,Passengership,788,849,260,280
201806261704_025,99,34,Passengership,606,705,254,288
201806261704_026,223,99,Passengership,57,280,227,326
201806261704_023,106,53,Militaryship,976,1082,232,285
201806261704_024,117,71,Militaryship,1062,1179,213,284
201806261704_025,98,80,Militaryship,1183,1281,213,293
201806261704_023,6,17,Seamark,711,717,273,290
201806261704_024,7,19,Seamark,750,757,270,289
201806261704_025,6,36,Seamark,837,843,277,313
201806261704_023,9,18,Seamark,740,749,269,287
201806261704_024,10,20,Seamark,778,788,267,287
201806261704_025,10,29,Seamark,846,856,266,295
201806261704_026,23,55,Seamark,887,910,260,315
201806261704_027,22,71,Seamark,921,943,264,335
201806261704_028,45,153,Seamark,1058,1103,262,415
201806261704_025,19,18,Passengership,1024,1043,261,279
201806261704_026,31,24,Passengership,951,982,259,283
201806261704_027,34,24,Passengership,846,880,262,286
201806261704_028,52,38,Passengership,661,713,256,294
201806261704_029,98,78,Passengership,138,236,243,321
201806261704_029,6,18,Seamark,858,864,270,288
201806261704_030,7,20,Seamark,929,936,278,298
201806261704_031,7,33,Seamark,1048,1055,273,306
201806261704_032,11,38,Seamark,1210,1221,284,322
201806261704_030,64,18,Motorboat,992,1056,270,288
201806261704_031,62,17,Motorboat,1066,1128,271,288
201806261704_032,75,30,Motorboat,1161,1236,269,299
201806261704_032,59,24,Motorboat,1105,1164,272,296
201806261704_033,73,24,Motorboat,1107,1180,270,294
201806261704_034,22,22,Motorboat,278,300,275,297
201806261704_035,50,44,Motorboat,267,317,269,313
201806261704_036,60,64,Miscboat,100,160,237,301
201806261704_037,85,60,Miscboat,0,85,263,323
201806261704_038,77,107,Militaryship,125,202,201,308
201806261704_038,90,136,Militaryship,1,91,191,327
201806261704_039,143,173,Militaryship,168,311,145,318
201806261704_040,67,117,Cruiseship,316,383,177,294
201806261704_041,113,127,Cruiseship,302,415,191,318
201806261704_042,148,126,Cruiseship,274,422,179,305
201806261704_043,218,241,Cruiseship,159,377,78,319
201806261704_044,279,349,Cruiseship,1,280,1,350
201806261704_034,5,17,Seamark,580,585,270,287
201806261704_035,6,19,Seamark,698,704,270,289
201806261704_036,6,20,Seamark,855,861,270,290
201806261704_037,8,29,Seamark,1148,1156,277,306
201806261704_034,17,19,Motorboat,617,634,263,282
201806261704_035,19,21,Motorboat,739,758,263,284
201806261704_036,28,26,Motorboat,896,924,263,289
201806261704_037,27,31,Motorboat,1151,1178,265,296
201806261704_044,78,89,Militaryship,259,337,221,310
201806261704_045,129,119,Militaryship,7,136,203,322
201806261704_041,30,53,Militaryship,414,444,237,290
201806261704_042,47,52,Militaryship,422,469,236,288
201806261704_043,48,55,Militaryship,395,443,240,295
201806261704_044,71,86,Militaryship,336,407,216,302
201806261704_045,163,154,Militaryship,136,299,169,323
201806261704_046,141,113,Militaryship,0,141,227,340
201806261704_045,50,42,Miscboat,287,337,264,306
201806261704_046,73,49,Miscboat,151,224,269,318
201806261704_045,45,37,Miscboat,343,388,267,304
201806261704_046,72,34,Miscboat,229,301,274,308
201806261704_040,32,109,Sailboat,389,421,173,282
201806261704_041,77,147,Sailboat,423,500,148,295
201806261704_042,67,130,Sailboat,470,537,150,280
201806261704_043,63,155,Sailboat,447,510,131,286
201806261704_044,125,198,Sailboat,396,521,89,287
201806261704_045,145,239,Sailboat,338,483,50,289
201806261704_046,160,215,Sailboat,274,434,87,302
201806261704_047,338,330,Sailboat,12,350,1,331
201806261704_048,228,325,Sailboat,0,228,3,328
201806261704_045,41,16,Passengership,475,516,276,292
201806261704_046,40,16,Passengership,442,482,274,290
201806261704_047,56,21,Passengership,329,385,279,300
201806261704_048,61,28,Passengership,219,280,277,305
201806261704_049,105,36,Passengership,1,106,301,337
201806261704_048,42,28,Motorboat,288,330,273,301
201806261704_049,64,31,Motorboat,161,225,288,319
201806261704_050,114,58,Motorboat,14,128,288,346
201806261704_054,27,43,Motorboat,876,903,284,327
201806261704_055,144,154,Motorboat,1135,1279,272,426
201806261704_050,17,12,Miscboat,469,486,269,281
201806261704_051,19,13,Miscboat,541,560,266,279
201806261704_052,21,14,Miscboat,541,562,265,279
201806261704_053,20,10,Miscboat,585,605,269,279
201806261704_040,15,27,Sailboat,482,497,252,279
201806261704_041,16,30,Sailboat,568,584,249,279
201806261704_042,18,33,Sailboat,609,627,247,280
201806261704_043,19,35,Sailboat,606,625,245,280
201806261704_044,21,38,Sailboat,618,639,244,282
201806261704_045,22,41,Sailboat,622,644,243,284
201806261704_046,25,43,Sailboat,611,636,238,281
201806261704_047,32,54,Sailboat,574,606,230,284
201806261704_048,30,53,Sailboat,541,571,229,282
201806261704_049,37,60,Sailboat,555,592,228,288
201806261704_050,44,70,Sailboat,595,639,225,295
201806261704_051,46,71,Sailboat,682,728,221,292
201806261704_052,71,181,Sailboat,700,771,125,306
201806261704_053,126,274,Sailboat,785,911,50,324
201806261704_054,206,359,Sailboat,902,1108,1,360
201806261704_049,12,16,Motorboat,341,353,270,286
201806261704_050,17,19,Motorboat,365,382,268,287
201806261704_051,17,17,Motorboat,414,431,268,285
201806261704_052,25,23,Motorboat,376,401,267,290
201806261704_053,35,32,Motorboat,366,401,263,295
201806261704_054,40,31,Motorboat,337,377,267,298
201806261704_055,59,43,Motorboat,238,297,266,309
201806261704_056,90,61,Motorboat,102,192,262,323
201806261704_059,93,139,Sailboat,136,229,185,324
201806261704_060,124,193,Sailboat,136,260,127,320
201806261704_050,20,17,Passengership,545,565,264,281
201806261704_051,22,19,Passengership,621,643,261,280
201806261704_052,22,28,Passengership,627,649,256,284
201806261704_053,30,39,Passengership,674,704,248,287
201806261704_054,28,24,Passengership,703,731,260,284
201806261704_055,34,48,Passengership,712,746,244,292
201806261704_056,47,63,Passengership,718,765,238,301
201806261704_057,62,92,Passengership,745,807,210,302
201806261704_058,82,120,Passengership,800,882,195,315
201806261704_059,169,261,Passengership,876,1045,97,358
201806261704_050,30,37,Sailboat,387,417,246,283
201806261704_051,50,51,Sailboat,425,475,236,287
201806261704_052,54,55,Sailboat,407,461,234,289
201806261704_053,52,53,Sailboat,431,483,234,287
201806261704_054,33,67,Sailboat,464,497,223,290
201806261704_055,36,74,Sailboat,441,477,218,292
201806261704_056,39,79,Sailboat,411,450,214,293
201806261704_057,75,114,Sailboat,388,463,192,306
201806261704_058,87,132,Sailboat,373,460,179,311
201806261704_059,81,123,Sailboat,309,390,181,304
201806261704_060,95,231,Sailboat,281,376,106,337
201806261704_061,97,237,Sailboat,254,351,101,338
201806261704_062,94,229,Sailboat,221,315,104,333
201806261704_063,108,294,Sailboat,60,168,51,345
201806261704_056,61,74,Sailboat,354,415,219,293
201806261704_057,73,89,Sailboat,324,397,208,297
201806261704_058,48,86,Sailboat,323,371,215,301
201806261704_059,59,140,Sailboat,214,273,180,320
201806261704_060,46,29,Motorboat,900,946,302,331
201806261704_061,86,78,Motorboat,1196,1282,346,424
201806261704_056,20,16,Passengership,670,690,266,282
201806261704_057,22,18,Passengership,681,703,265,283
201806261704_058,26,26,Passengership,708,734,257,283
201806261704_059,27,53,Passengership,700,727,233,286
201806261704_060,44,67,Passengership,744,788,224,291
201806261704_061,56,49,Passengership,775,831,248,297
201806261704_062,81,110,Passengership,878,959,198,308
201806261704_063,141,135,Passengership,836,977,177,312
201806261704_064,216,222,Passengership,898,1114,120,342
201806261704_065,248,356,Passengership,1033,1281,42,398
201806261704_059,32,18,Motorboat,732,764,279,297
201806261704_060,31,32,Motorboat,869,900,291,323
201806261704_061,105,83,Motorboat,1089,1194,309,392
201806261704_060,108,47,Motorboat,218,326,267,314
201806261704_061,156,69,Motorboat,24,180,270,339
201806261704_062,83,283,Sailboat,71,154,68,351
201806261704_060,34,26,Motorboat,829,863,288,314
201806261704_061,61,53,Motorboat,969,1030,298,351
201806261704_059,46,107,Sailboat,425,471,186,293
201806261704_060,111,38,Motorboat,332,443,264,302
201806261704_061,131,45,Motorboat,256,387,267,312
201806261704_062,155,54,Motorboat,203,358,270,324
201806261704_056,45,19,Motorboat,450,495,270,289
201806261704_057,50,21,Motorboat,432,482,269,290
201806261704_058,54,22,Motorboat,424,478,269,291
201806261704_059,72,117,Sailboat,347,419,181,298
201806261704_060,94,154,Sailboat,322,416,160,314
201806261704_062,104,210,Sailboat,309,413,108,318
201806261704_059,25,14,Miscboat,608,633,267,281
201806261704_060,28,15,Miscboat,636,664,267,282
201806261704_061,31,16,Miscboat,649,680,266,282
201806261704_062,22,14,Miscboat,731,753,266,280
201806261704_061,33,25,Miscboat,419,452,266,291
201806261704_062,37,60,Miscboat,453,490,232,292
201806261704_063,48,31,Miscboat,312,360,267,298
201806261704_064,66,96,Miscboat,206,272,211,307
201806261704_065,108,122,Miscboat,45,153,205,327
201806261704_061,41,25,Miscboat,455,496,263,288
201806261704_062,58,29,Miscboat,491,549,262,291
201806261704_063,53,34,Miscboat,385,438,260,294
201806261704_064,53,34,Miscboat,329,382,263,297
201806261704_065,98,64,Militaryship,313,411,226,290
201806261704_066,97,45,Miscboat,145,242,267,312
201806261704_053,28,11,Ferry,523,551,269,280
201806261704_054,36,16,Ferry,553,589,265,281
201806261704_055,41,13,Ferry,570,611,267,280
201806261704_056,43,17,Ferry,584,627,264,281
201806261704_057,47,14,Ferry,610,657,266,280
201806261704_058,52,14,Ferry,656,708,268,282
201806261704_059,44,22,Ferry,657,701,261,283
201806261704_060,49,25,Ferry,690,739,263,288
201806261704_061,69,28,Ferry,707,776,265,293
201806261704_062,110,39,Ferry,744,854,257,296
201806261704_063,135,40,Ferry,581,716,259,299
201806261704_064,185,51,Ferry,433,618,261,312
201806261704_065,269,89,Ferry,138,407,253,342
201806261704_062,48,43,Passengership,830,878,250,293
201806261704_063,52,46,Passengership,774,826,248,294
201806261704_064,59,58,Passengership,786,845,246,304
201806261704_065,99,81,Passengership,811,910,235,316
201806261704_066,145,100,Passengership,922,1067,233,333
201806261704_065,31,45,Miscboat,736,767,246,291
201806261704_066,29,56,Miscboat,782,811,237,293
201806261704_067,54,51,Miscboat,653,707,252,303
201806261704_068,51,48,Miscboat,907,958,261,309
201806261704_065,41,41,Passengership,765,806,261,302
201806261704_066,50,39,Passengership,827,877,262,301
201806261704_067,123,184,Passengership,819,942,160,344
201806261704_059,37,36,Militaryship,498,535,248,284
201806261704_060,23,38,Militaryship,525,548,248,286
201806261704_061,19,32,Militaryship,527,546,251,283
201806261704_062,20,33,Militaryship,590,610,250,283
201806261704_063,35,47,Militaryship,472,507,239,286
201806261704_064,35,45,Militaryship,437,472,241,286
201806261704_065,39,50,Militaryship,399,438,239,289
201806261704_066,43,49,Militaryship,379,422,244,293
201806261704_067,81,86,Militaryship,120,201,223,309
201806261704_068,147,115,Militaryship,135,282,204,319
201806261704_062,44,45,Passengership,551,595,241,286
201806261704_063,52,49,Passengership,437,489,240,289
201806261704_064,64,60,Passengership,384,448,234,294
201806261704_066,109,83,Passengership,276,385,218,301
201806261704_067,112,143,Passengership,0,112,189,332
201806261704_067,46,36,Motorboat,764,810,279,315
201806261704_068,99,85,Motorboat,1107,1206,280,365
201806261704_068,60,43,Motorboat,873,933,260,303
201806261704_069,116,61,Motorboat,1055,1171,266,327
201806261704_069,30,14,Motorboat,547,577,272,286
201806261704_070,40,23,Motorboat,326,366,277,300
201806261704_071,69,106,Motorboat,69,138,214,320
201806261704_071,50,38,Motorboat,881,931,274,312
201806261704_072,127,92,Motorboat,1109,1236,262,354
201806261704_071,61,42,Militaryship,308,369,256,298
201806261704_072,89,58,Militaryship,196,285,254,312
201806261704_071,33,23,Motorboat,371,404,272,295
201806261704_072,48,29,Motorboat,294,342,275,304
201806261704_073,90,44,Motorboat,16,106,286,330
201806261704_073,62,20,Motorboat,974,1036,282,302
201806261704_074,84,34,Motorboat,1025,1109,285,319
201806261704_015,19,19,Boat,421,440,263,282
201806261704_047,82,55,Boat,1167,1249,392,447
201806261704_060,59,53,Boat,941,1000,302,355
201806261704_000,145,246,Sailboat,1097,1242,92,338
201806261704_000,52,78,Sailboat,773,825,218,296
201806261704_000,47,76,Sailboat,687,734,221,297
201806261704_000,18,47,Sailboat,602,620,249,296
201806261704_000,290,379,Sailboat,368,658,6,385
201806261704_007,18,89,Sailboat,1093,1111,216,305
201806261704_023,28,104,Sailboat,564,592,190,294
201806261704_024,92,313,Sailboat,250,342,22,335
201806261704_036,58,80,Sailboat,972,1030,212,292
201806261704_058,70,106,Sailboat,255,325,199,305
201806261704_059,103,166,Sailboat,41,144,168,334
201806261704_063,66,353,Sailboat,1,67,1,354
201806261704_062,69,218,Sailboat,120,189,130,348
201806261704_039,37,66,Cruiseship,311,348,225,291
201806261704_066,34,60,Passengership,880,914,255,315
201806261704_067,292,199,Passengership,988,1280,213,412
201806261704_068,152,169,Passengership,971,1123,167,336
201806261704_074,113,41,Miscboat,228,341,263,304
201806261704_000,45,20,Motorboat,837,882,276,296
201806261704_033,65,12,Motorboat,1188,1253,288,300
201806261704_073,14,9,Motorboat,717,731,272,281
201806261704_073,28,14,Motorboat,559,587,270,284
201806261704_029,292,149,Militaryship,989,1281,165,314
201806261704_030,62,48,Miscboat,1218,1280,274,322
201806261704_040,109,161,Militaryship,174,283,158,319
201806261704_030,96,51,Militaryship,1092,1188,247,298
201806261704_051,46,71,Militaryship,1,47,259,330
201806261704_069,85,66,Miscboat,1195,1280,284,350
201806261704_023,95,49,Miscboat,1129,1224,242,291
201806261704_032,32,12,Motorboat,1135,1167,285,297
201806261704_068,14,9,Motorboat,797,811,274,283
201806261704_000,26,24,Seamark,327,353,363,387
201806261704_004,6,14,Seamark,1233,1239,278,292
201806261704_008,5,10,Seamark,915,920,272,282
201806261704_010,5,12,Seamark,470,475,273,285
201806261704_011,6,17,Seamark,228,234,276,293
201806261704_022,6,12,Seamark,987,993,272,284
201806261704_022,3,11,Seamark,956,959,276,287
201806261704_025,7,24,Seamark,1136,1143,275,299
201806261704_026,32,131,Seamark,1129,1161,301,432
201806261704_026,9,20,Seamark,1085,1094,275,295
201806261704_029,10,40,Seamark,905,915,287,327
201806261704_031,4,14,Seamark,951,955,275,289
201806261704_032,8,19,Seamark,1023,1031,275,294
201806261704_032,5,12,Seamark,1009,1014,271,283
201806261704_001,44,35,Seamark,1220,1264,424,459
201806261704_001,12,10,Miscellaneous,1267,1279,383,393
201806261704_002,11,8,Boat,1004,1015,279,287
201806261734_000,58,40,Militaryship,987,1045,283,323
201806261734_001,55,22,Militaryship,1222,1277,286,308
201806261734_002,50,21,Militaryship,1217,1267,280,301
201806261734_000,111,41,Miscboat,2,113,281,322
201806261734_001,100,36,Miscboat,503,603,264,300
201806261734_002,64,76,Miscboat,665,729,220,296
201806261734_000,17,17,Motorboat,299,316,284,301
201806261734_001,16,15,Motorboat,745,761,274,289
201806261734_002,17,14,Motorboat,873,890,273,287
201806261734_003,17,13,Motorboat,800,817,274,287
201806261734_004,15,12,Motorboat,931,946,272,284
201806261734_004,42,47,Motorboat,1239,1281,257,304
201806261734_005,34,24,Motorboat,971,1005,270,294
201806261734_006,22,15,Motorboat,659,681,272,287
201806261734_007,14,13,Motorboat,689,703,274,287
201806261734_008,17,14,Motorboat,289,306,285,299
201806261734_003,122,63,Motorboat,111,233,297,360
201806261734_004,59,38,Motorboat,504,563,273,311
201806261734_005,45,36,Motorboat,381,426,270,306
201806261734_006,27,19,Motorboat,468,495,275,294
201806261734_007,26,15,Motorboat,551,577,273,288
201806261734_008,19,13,Motorboat,176,195,283,296
201806261734_001,97,63,Motorboat,224,321,282,345
201806261734_002,51,44,Motorboat,505,556,270,314
201806261734_003,28,26,Motorboat,515,543,273,299
201806261734_004,29,27,Motorboat,712,741,266,293
201806261734_005,23,21,Motorboat,549,572,267,288
201806261734_006,25,23,Motorboat,590,615,264,287
201806261734_007,25,23,Motorboat,652,677,261,284
201806261734_008,14,12,Motorboat,252,266,279,291
201806261734_008,71,39,Motorboat,639,710,269,308
201806261734_009,44,29,Motorboat,1228,1272,267,296
201806261734_007,126,62,Motorboat,1148,1274,260,322
201806261734_008,74,43,Motorboat,564,638,259,302
201806261734_009,48,38,Motorboat,1181,1229,255,293
201806261734_003,104,232,Passengership,1175,1279,133,365
201806261734_004,77,120,Passengership,1060,1137,192,312
201806261734_005,87,87,Passengership,796,883,209,296
201806261734_006,109,50,Passengership,736,845,240,290
201806261734_007,105,29,Passengership,732,837,254,283
201806261734_008,78,31,Passengership,292,370,261,292
201806261734_009,50,13,Passengership,964,1014,264,277
201806261734_001,221,137,Passengership,-4,217,234,371
201806261734_002,114,87,Passengership,391,505,244,331
201806261734_003,77,52,Passengership,442,519,251,303
201806261734_004,45,33,Passengership,670,715,258,291
201806261734_005,46,36,Passengership,508,554,257,293
201806261734_006,33,20,Passengership,558,591,267,287
201806261734_007,36,22,Passengership,622,658,263,285
201806261734_008,26,13,Passengership,228,254,278,291
201806261734_009,301,159,Miscboat,164,465,243,402
201806261734_008,209,153,Sailboat,798,1007,169,322
201806261734_001,33,15,Motorboat,622,655,274,289
201806261734_008,173,88,Motorboat,1076,1249,259,347
201806261734_009,18,18,Motorboat,989,1007,274,292
201806261734_009,64,81,Militaryship,710,774,219,300
201806261734_009,172,166,Militaryship,564,736,168,334
201806271017_000,145,84,Motorboat,847,992,249,333
201806271017_001,194,145,Motorboat,1085,1279,253,398
201806271017_000,34,18,Motorboat,240,274,283,301
201806271017_001,38,21,Motorboat,291,329,281,302
201806271017_002,50,28,Motorboat,225,275,282,310
201806271017_000,34,21,Miscboat,332,366,274,295
201806271017_001,37,23,Miscboat,421,458,270,293
201806271017_002,43,23,Miscboat,400,443,273,296
201806271017_003,67,38,Miscboat,227,294,271,309
201806271017_002,25,18,Motorboat,444,469,274,292
201806271017_003,41,26,Motorboat,299,340,278,304
201806271017_004,72,43,Motorboat,7,79,286,329
201806271017_004,41,35,Militaryship,433,474,277,312
201806271017_005,56,45,Militaryship,376,432,290,335
201806271017_006,123,88,Militaryship,179,302,298,386
201806271017_003,54,63,Motorboat,924,978,263,326
201806271017_006,145,28,Miscboat,111,256,278,306
201806271017_001,53,123,Passengership,1,54,220,343
201806271017_000,107,62,Passengership,24,131,264,326
201806271017_005,70,24,Motorboat,872,942,282,306
201806271026_002,86,64,Passengership,417,503,230,294
201806271026_003,107,112,Passengership,892,999,218,330
201806271026_004,131,151,Passengership,1150,1281,234,385
201806271026_003,42,44,Motorboat,306,348,260,304
201806271026_004,101,78,Motorboat,126,227,241,319
201806271026_002,38,29,Passengership,353,391,259,288
201806271026_003,43,43,Passengership,808,851,260,303
201806271026_004,81,78,Passengership,921,1002,244,322
201806271026_005,174,104,Passengership,1093,1267,258,362
201806271026_004,41,33,Motorboat,311,352,267,300
201806271026_005,63,42,Motorboat,119,182,270,312
201806271026_004,49,60,Militaryship,358,407,230,290
201806271026_005,111,78,Militaryship,189,300,225,303
201806271026_002,22,31,Passengership,329,351,254,285
201806271026_003,28,39,Passengership,770,798,258,297
201806271026_004,53,81,Passengership,867,920,234,315
201806271026_005,117,86,Passengership,956,1073,249,335
201806271026_006,171,211,Passengership,1110,1281,181,392
201806271026_005,32,33,Motorboat,292,324,267,300
201806271026_006,70,60,Motorboat,11,81,257,317
201806271026_004,39,27,Miscboat,424,463,265,292
201806271026_005,54,22,Miscboat,338,392,272,294
201806271026_006,82,37,Miscboat,125,207,272,309
201806271026_007,146,71,Miscboat,25,171,246,317
201806271026_002,19,17,Sailboat,289,308,263,280
201806271026_003,34,24,Sailboat,726,760,268,292
201806271026_004,45,54,Sailboat,782,827,240,294
201806271026_005,55,65,Sailboat,802,857,236,301
201806271026_006,81,126,Sailboat,763,844,184,310
201806271026_007,128,126,Sailboat,981,1109,210,336
201806271026_008,85,296,Sailboat,1186,1271,83,379
201806271026_004,19,31,Passengership,463,482,258,289
201806271026_005,29,35,Passengership,392,421,257,292
201806271026_006,59,50,Passengership,208,267,253,303
201806271026_007,114,69,Passengership,187,301,241,310
201806271026_008,58,94,Passengership,4,62,235,329
201806271026_004,28,28,Passengership,480,508,258,286
201806271026_005,39,35,Passengership,421,460,256,291
201806271026_006,49,43,Passengership,273,322,254,297
201806271026_007,83,60,Passengership,306,389,241,301
201806271026_008,134,77,Passengership,101,235,232,309
201806271026_009,84,112,Passengership,2,86,219,331
201806271026_004,18,18,Sailboat,767,785,274,292
201806271026_005,28,60,Sailboat,774,802,235,295
201806271026_006,39,72,Sailboat,716,755,231,303
201806271026_007,62,86,Sailboat,893,955,228,314
201806271026_008,87,136,Sailboat,952,1039,194,330
201806271026_009,162,202,Sailboat,1079,1241,159,361
201806271026_005,54,17,Ferry,680,734,272,289
201806271026_006,88,27,Ferry,637,725,268,295
201806271026_007,122,22,Ferry,795,917,278,300
201806271026_008,156,44,Ferry,789,945,268,312
201806271026_003,59,22,Ferry,534,593,263,285
201806271026_004,64,23,Ferry,625,689,266,289
201806271026_009,186,50,Ferry,878,1064,273,323
201806271026_010,252,77,Ferry,994,1246,276,353
201806271026_004,30,54,Passengership,508,538,231,285
201806271026_005,38,25,Passengership,462,500,260,285
201806271026_006,55,34,Passengership,334,389,255,289
201806271026_007,74,48,Passengership,413,487,244,292
201806271026_008,95,43,Passengership,302,397,247,290
201806271026_009,135,76,Passengership,225,360,229,305
201806271026_010,199,209,Passengership,109,308,112,321
201806271026_011,271,157,Passengership,12,283,194,351
201806271026_008,43,121,Sailboat,743,786,173,294
201806271026_010,120,179,Sailboat,789,909,131,310
201806271026_011,126,236,Sailboat,963,1089,89,325
201806271026_012,218,64,Motorboat,1043,1261,292,356
201806271026_013,167,61,Motorboat,979,1146,288,349
201806271026_014,130,274,Sailboat,969,1099,69,343
201806271026_012,42,25,Motorboat,338,380,280,305
201806271026_013,56,27,Motorboat,230,286,292,319
201806271026_012,20,26,Motorboat,386,406,276,302
201806271026_013,43,30,Motorboat,304,347,280,310
201806271026_013,59,29,Motorboat,874,933,288,317
201806271026_014,119,38,Motorboat,1009,1128,315,353
201806271026_013,42,53,Miscboat,433,475,239,292
201806271026_014,64,62,Miscboat,259,323,234,296
201806271026_015,169,118,Miscboat,5,174,217,335
201806271026_013,11,18,Miscboat,547,558,264,282
201806271026_014,15,17,Miscboat,460,475,264,281
201806271026_015,16,19,Miscboat,515,531,266,285
201806271026_016,32,30,Miscboat,409,441,262,292
201806271026_017,54,37,Miscboat,336,390,264,301
201806271026_018,84,52,Miscboat,203,287,262,314
201806271026_013,18,64,Sailboat,558,576,217,281
201806271026_014,20,75,Sailboat,474,494,206,281
201806271026_016,40,120,Sailboat,441,481,169,289
201806271026_017,74,162,Sailboat,390,464,134,296
201806271026_018,97,196,Sailboat,291,388,107,303
201806271026_020,130,51,Motorboat,967,1097,286,337
201806271026_021,74,57,Motorboat,1207,1281,331,388
201806271026_017,25,12,Motorboat,802,827,276,288
201806271026_018,25,15,Motorboat,789,814,277,292
201806271026_019,30,27,Motorboat,742,772,270,297
201806271026_020,35,24,Motorboat,752,787,281,305
201806271026_021,38,31,Motorboat,796,834,289,320
201806271026_022,100,192,Motorboat,1051,1151,205,397
201806271026_020,29,25,Motorboat,715,744,280,305
201806271026_021,51,27,Motorboat,739,790,286,313
201806271026_022,130,96,Motorboat,923,1053,306,402
201806271026_017,80,140,Sailboat,804,884,142,282
201806271026_018,95,166,Sailboat,786,881,124,290
201806271026_019,60,190,Sailboat,753,813,88,278
201806271026_020,143,242,Sailboat,711,854,34,276
201806271026_021,139,268,Sailboat,746,885,4,272
201806271026_022,176,287,Sailboat,858,1034,1,288
201806271026_023,412,362,Sailboat,838,1250,0,362
201806271026_024,289,438,Sailboat,992,1281,5,443
201806271026_022,45,55,Militaryship,808,853,240,295
201806271026_023,54,76,Militaryship,828,882,230,306
201806271026_024,94,94,Militaryship,781,875,212,306
201806271026_025,142,143,Militaryship,784,926,180,323
201806271026_026,422,296,Militaryship,854,1276,99,395
201806271026_023,43,93,Militaryship,881,924,220,313
201806271026_024,63,53,Motorboat,891,954,281,334
201806271026_025,119,84,Motorboat,987,1106,281,365
201806271026_022,32,88,Cruiseship,776,808,200,288
201806271026_023,68,79,Cruiseship,784,852,212,291
201806271026_024,65,93,Cruiseship,714,779,202,295
201806271026_025,83,176,Cruiseship,702,785,119,295
201806271026_026,161,253,Cruiseship,685,846,56,309
201806271026_027,452,367,Cruiseship,800,1252,3,370
201806271026_028,377,444,Cruiseship,904,1281,1,445
201806271026_026,46,46,Militaryship,644,690,239,285
201806271026_027,58,68,Militaryship,732,790,223,291
201806271026_028,62,95,Militaryship,759,821,207,302
201806271026_029,105,102,Militaryship,759,864,210,312
201806271026_030,246,259,Militaryship,857,1103,101,360
201806271026_029,37,58,Militaryship,722,759,235,293
201806271026_030,88,145,Militaryship,776,864,165,310
201806271026_031,241,275,Militaryship,802,1043,75,350
201806271026_032,103,141,Militaryship,953,1056,193,334
201806271026_033,22,13,Motorboat,785,807,279,292
201806271026_034,20,12,Motorboat,955,975,288,300
201806271026_035,43,32,Motorboat,217,260,256,288
201806271026_036,20,18,Motorboat,907,927,283,301
201806271026_037,13,9,Motorboat,748,761,281,290
201806271026_038,19,13,Motorboat,593,612,271,284
201806271026_039,13,11,Motorboat,506,519,274,285
201806271026_040,12,10,Motorboat,594,606,276,286
201806271026_041,21,12,Motorboat,595,616,274,286
201806271026_033,195,139,Miscboat,859,1054,216,355
201806271026_034,212,308,Miscboat,1069,1281,146,454
201806271026_031,32,50,Sailboat,232,264,229,279
201806271026_032,37,53,Sailboat,115,152,228,281
201806271026_028,17,8,Motorboat,579,596,271,279
201806271026_029,19,9,Motorboat,523,542,270,279
201806271026_030,21,10,Motorboat,532,553,270,280
201806271026_031,23,10,Motorboat,472,495,271,281
201806271026_032,27,9,Motorboat,393,420,272,281
201806271026_026,42,13,Passengership,570,612,261,274
201806271026_027,46,14,Passengership,639,685,263,277
201806271026_028,47,9,Passengership,640,687,270,279
201806271026_029,52,10,Passengership,592,644,267,277
201806271026_030,58,11,Passengership,610,668,266,277
201806271026_031,69,13,Passengership,562,631,268,281
201806271026_032,76,8,Passengership,502,578,274,282
201806271026_033,84,9,Passengership,181,265,271,280
201806271026_034,115,24,Passengership,17,132,260,284
201806271026_031,28,9,Motorboat,352,380,273,282
201806271026_032,47,12,Motorboat,676,723,280,292
201806271026_034,31,16,Motorboat,284,315,266,282
201806271026_034,38,15,Motorboat,386,424,268,283
201806271026_035,87,20,Motorboat,49,136,271,291
201806271026_031,42,14,Motorboat,771,813,273,287
201806271026_032,47,18,Motorboat,749,796,269,287
201806271026_033,53,20,Motorboat,474,527,260,280
201806271026_034,33,24,Motorboat,424,457,260,284
201806271026_035,55,27,Motorboat,593,648,262,289
201806271026_036,73,50,Motorboat,299,372,237,287
201806271026_035,89,41,Militaryship,798,887,249,290
201806271026_036,111,63,Militaryship,545,656,222,285
201806271026_037,81,86,Militaryship,242,323,199,285
201806271026_038,66,104,Militaryship,11,77,187,291
201806271026_038,163,62,Militaryship,56,219,217,279
201806271026_039,84,66,Militaryship,1,85,218,284
201806271026_037,4,8,Seamark,452,456,265,273
201806271026_038,6,10,Seamark,272,278,260,270
201806271026_039,6,10,Seamark,179,185,261,271
201806271026_040,5,9,Seamark,256,261,264,273
201806271026_041,8,28,Seamark,213,221,264,292
201806271026_042,7,25,Seamark,106,113,268,293
201806271026_036,9,19,Seamark,824,833,271,290
201806271026_037,7,13,Seamark,621,628,268,281
201806271026_038,8,14,Seamark,450,458,263,277
201806271026_039,10,21,Seamark,352,362,260,281
201806271026_040,10,20,Seamark,422,432,263,283
201806271026_041,11,22,Seamark,412,423,262,284
201806271026_042,20,30,Seamark,352,372,264,294
201806271026_043,5,10,Seamark,223,228,262,272
201806271026_046,8,17,Seamark,242,250,264,281
201806271026_047,9,19,Seamark,146,155,265,284
201806271026_048,11,24,Seamark,76,87,263,287
201806271026_047,35,17,Miscboat,414,449,256,273
201806271026_048,38,19,Miscboat,401,439,253,272
201806271026_049,45,20,Miscboat,330,375,258,278
201806271026_050,43,20,Miscboat,123,166,260,280
201806271026_047,20,18,Motorboat,453,473,257,275
201806271026_048,22,20,Motorboat,446,468,255,275
201806271026_049,24,22,Motorboat,381,405,256,278
201806271026_050,38,19,Motorboat,177,215,261,280
201806271026_047,57,44,Militaryship,467,524,230,274
201806271026_048,53,50,Militaryship,465,518,228,278
201806271026_049,72,55,Militaryship,401,473,223,278
201806271026_050,74,64,Militaryship,228,302,212,276
201806271026_046,24,41,Sailboat,633,657,244,285
201806271026_049,32,60,Sailboat,619,651,228,288
201806271026_051,9,28,Seamark,938,947,295,323
201806271026_052,12,59,Seamark,1025,1037,302,361
201806271026_053,22,102,Seamark,1147,1169,320,422
201806271026_049,16,14,Motorboat,873,889,279,293
201806271026_050,18,15,Motorboat,795,813,278,293
201806271026_051,30,25,Motorboat,646,676,272,297
201806271026_052,40,35,Motorboat,466,506,264,299
201806271026_053,53,41,Motorboat,278,331,259,300
201806271026_054,65,56,Motorboat,34,99,254,310
201806271026_052,7,30,Seamark,750,757,286,316
201806271026_053,8,33,Seamark,634,642,290,323
201806271026_054,14,54,Seamark,453,467,291,345
201806271026_052,104,157,Sailboat,632,736,152,309
201806271026_053,143,195,Sailboat,482,625,114,309
201806271026_054,138,259,Sailboat,257,395,65,324
201806271026_056,70,39,Motorboat,1201,1271,284,323
201806271026_057,146,61,Motorboat,1116,1262,271,332
201806271026_056,87,38,Motorboat,1090,1177,274,312
201806271026_057,117,35,Motorboat,983,1100,277,312
201806271026_056,6,16,Seamark,405,411,271,287
201806271026_057,15,31,Seamark,95,110,269,300
201806271026_058,6,12,Seamark,1010,1016,280,292
201806271026_059,22,17,Seamark,669,691,266,283
201806271026_060,15,23,Seamark,512,527,266,289
201806271026_061,11,27,Seamark,195,206,262,289
201806271026_059,6,21,Seamark,1132,1138,283,304
201806271026_060,15,31,Seamark,1133,1148,284,315
201806271026_061,16,44,Seamark,1112,1128,277,321
201806271026_062,24,90,Seamark,1206,1230,278,368
201806271026_014,74,69,Motorboat,3,77,270,339
201806271026_023,164,153,Militaryship,1111,1275,283,436
201806271026_033,259,347,Militaryship,1021,1280,78,425
201806271026_035,22,9,Motorboat,505,527,278,287
201806271026_035,25,20,Motorboat,552,577,265,285
201806271026_035,43,34,Motorboat,674,717,254,288
201806271026_041,25,22,Motorboat,635,660,255,277
201806271026_041,22,16,Motorboat,610,632,261,277
201806271026_050,117,156,Militaryship,1056,1173,186,342
201806271026_032,36,60,Sailboat,186,222,219,279
201806271026_032,38,57,Sailboat,265,303,223,280
201806271026_013,34,26,Motorboat,359,393,276,302
201806271026_016,24,21,Motorboat,504,528,275,296
201806271026_030,36,16,Boat,439,475,282,298
201806271026_043,13,10,Motorboat,107,120,268,278
201806271026_002,167,79,Motorboat,978,1145,291,370
201806271026_025,117,74,Motorboat,1114,1231,296,370
201806271026_032,26,16,Miscboat,842,868,273,289
201806271026_035,60,32,Miscboat,230,290,257,289
201806271026_038,14,12,Motorboat,595,609,275,287
201806271026_032,176,208,Militaryship,1100,1276,295,503
201806271056_001,6,12,Seamark,537,543,267,279
201806271056_002,4,10,Seamark,589,593,267,277
201806271056_003,13,12,Seamark,590,603,265,277
201806271056_004,6,16,Seamark,574,580,266,282
201806271056_005,15,15,Seamark,578,593,264,279
201806271056_006,17,22,Seamark,605,622,261,283
201806271056_007,10,27,Seamark,696,706,267,294
201806271056_008,14,29,Seamark,733,747,271,300
201806271056_009,17,70,Seamark,800,817,265,335
201806271056_010,50,159,Seamark,1048,1098,272,431
201806271056_001,4,9,Seamark,551,555,266,275
201806271056_002,6,11,Seamark,603,609,264,275
201806271056_003,6,11,Seamark,612,618,269,280
201806271056_004,5,10,Seamark,596,601,267,277
201806271056_005,9,18,Seamark,609,618,263,281
201806271056_006,8,16,Seamark,643,651,264,280
201806271056_007,7,15,Seamark,736,743,268,283
201806271056_008,5,15,Seamark,767,772,269,284
201806271056_009,9,21,Seamark,782,791,267,288
201806271056_010,10,27,Seamark,859,869,271,298
201806271056_011,6,28,Seamark,856,862,271,299
201806271056_012,7,23,Seamark,800,807,272,295
201806271056_013,6,21,Seamark,752,758,279,300
201806271056_014,5,35,Seamark,808,813,277,312
201806271056_015,16,97,Seamark,948,964,320,417
201806271056_012,14,54,Seamark,863,877,265,319
201806271056_013,39,130,Seamark,1084,1123,270,400
201806271056_001,9,22,Seamark,196,205,264,286
201806271056_002,10,24,Seamark,183,193,263,287
201806271056_003,10,28,Seamark,121,131,264,292
201806271056_004,11,34,Seamark,8,19,264,298
201806271056_001,9,22,Seamark,692,701,267,289
201806271056_002,7,20,Seamark,761,768,268,288
201806271056_003,15,31,Seamark,794,809,266,297
201806271056_004,11,35,Seamark,809,820,267,302
201806271056_005,12,38,Seamark,868,880,267,305
201806271056_006,22,89,Seamark,1155,1177,270,359
201806271056_001,6,12,Seamark,267,273,265,277
201806271056_002,7,13,Seamark,297,304,262,275
201806271056_003,8,14,Seamark,282,290,263,277
201806271056_004,6,14,Seamark,240,246,264,278
201806271056_005,7,15,Seamark,221,228,264,279
201806271056_006,8,16,Seamark,172,180,266,282
201806271056_007,10,23,Seamark,146,156,263,286
201806271056_010,15,14,Motorboat,651,666,267,281
201806271056_011,20,16,Motorboat,529,549,265,281
201806271056_012,69,42,Motorboat,40,109,264,306
201806271056_013,16,12,Motorboat,449,465,265,277
201806271056_014,10,13,Motorboat,345,355,258,271
201806271056_015,27,26,Motorboat,39,66,267,293
201806271056_019,19,19,Boat,278,297,281,300
201806271056_020,21,18,Boat,303,324,284,302
201806271056_021,16,15,Boat,366,382,279,294
201806271056_022,15,14,Boat,245,260,289,303
201806271056_023,18,14,Boat,214,232,289,303
201806271056_024,19,14,Boat,276,295,287,301
201806271056_025,20,15,Boat,355,375,289,304
201806271056_019,23,12,Boat,405,428,288,300
201806271056_020,25,13,Boat,409,434,288,301
201806271056_021,27,13,Boat,389,416,280,293
201806271056_022,23,12,Boat,304,327,285,297
201806271056_025,16,11,Boat,452,468,274,285
201806271056_026,18,8,Boat,313,331,283,291
201806271056_031,29,11,Motorboat,898,927,277,288
201806271056_032,24,13,Motorboat,1000,1024,279,292
201806271056_033,32,16,Motorboat,1073,1105,285,301
201806271056_032,25,15,Motorboat,273,298,277,292
201806271056_033,21,18,Motorboat,213,234,282,300
201806271056_032,23,81,Sailboat,247,270,207,288
201806271056_033,21,75,Sailboat,205,226,214,289
201806271056_034,42,134,Sailboat,218,260,173,307
201806271056_035,72,129,Sailboat,209,281,168,297
201806271056_036,68,147,Sailboat,74,142,157,304
201806271056_035,35,83,Sailboat,308,343,214,297
201806271056_036,46,102,Sailboat,175,221,207,309
201806271056_035,42,103,Sailboat,349,391,193,296
201806271056_036,45,126,Sailboat,230,275,182,308
201806271056_032,40,21,Motorboat,548,588,267,288
201806271056_033,38,8,Motorboat,549,587,277,285
201806271056_034,42,9,Motorboat,645,687,280,289
201806271056_035,83,26,Motorboat,729,812,282,308
201806271056_036,105,28,Motorboat,695,800,294,322
201806271056_032,21,9,Motorboat,723,744,275,284
201806271056_033,23,10,Motorboat,750,773,275,285
201806271056_034,25,11,Motorboat,877,902,278,289
201806271056_035,50,16,Motorboat,1030,1080,284,300
201806271056_036,66,17,Motorboat,1052,1118,291,308
201806271056_032,32,8,Motorboat,757,789,276,284
201806271056_033,34,8,Motorboat,790,824,277,285
201806271056_034,38,9,Motorboat,923,961,280,289
201806271056_035,54,17,Motorboat,1088,1142,288,305
201806271056_036,60,16,Motorboat,1127,1187,295,311
201806271056_032,34,18,Motorboat,625,659,268,286
201806271056_033,34,19,Motorboat,639,673,269,288
201806271056_034,36,20,Motorboat,749,785,269,289
201806271056_035,64,27,Motorboat,853,917,271,298
201806271056_036,75,33,Motorboat,847,922,273,306
201806271056_032,19,81,Sailboat,453,472,206,287
201806271056_033,22,94,Sailboat,438,460,196,290
201806271056_034,26,113,Sailboat,511,537,183,296
201806271056_035,34,138,Sailboat,565,599,162,300
201806271056_036,33,171,Sailboat,490,523,140,311
201806271056_032,17,81,Sailboat,478,495,205,286
201806271056_033,19,89,Sailboat,468,487,199,288
201806271056_034,21,101,Sailboat,548,569,191,292
201806271056_035,43,161,Sailboat,606,649,139,300
201806271056_036,52,201,Sailboat,535,587,112,313
201806271056_037,80,291,Sailboat,413,493,46,337
201806271056_032,22,80,Sailboat,430,452,206,286
201806271056_033,24,89,Sailboat,411,435,200,289
201806271056_034,28,106,Sailboat,481,509,190,296
201806271056_035,54,143,Sailboat,507,561,158,301
201806271056_036,60,176,Sailboat,417,477,134,310
201806271056_037,76,238,Sailboat,244,320,98,336
201806271056_032,31,103,Sailboat,518,549,178,281
201806271056_033,35,117,Sailboat,511,546,166,283
201806271056_034,41,139,Sailboat,600,641,149,288
201806271056_035,63,197,Sailboat,663,726,97,294
201806271056_036,64,252,Sailboat,621,685,56,308
201806271056_037,125,345,Sailboat,524,649,1,346
201806271056_032,23,71,Sailboat,403,426,217,288
201806271056_033,27,84,Sailboat,379,406,209,293
201806271056_034,29,91,Sailboat,444,473,205,296
201806271056_035,46,131,Sailboat,455,501,168,299
201806271056_036,55,156,Sailboat,349,404,153,309
201806271056_037,73,223,Sailboat,157,230,111,334
201806271056_038,146,250,Sailboat,392,538,69,319
201806271056_039,109,215,Sailboat,1168,1277,100,315
201806271056_040,7,16,Seamark,551,558,268,284
201806271056_041,8,18,Seamark,674,682,268,286
201806271056_042,10,28,Seamark,633,643,264,292
201806271056_040,9,23,Seamark,826,835,263,286
201806271056_041,8,25,Seamark,1031,1039,266,291
201806271056_042,10,42,Seamark,1176,1186,261,303
201806271056_043,25,80,Seamark,993,1018,258,338
201806271056_043,6,16,Seamark,581,587,268,284
201806271056_044,7,21,Seamark,308,315,273,294
201806271056_045,11,29,Seamark,103,114,279,308
201806271056_043,26,22,Sailboat,912,938,256,278
201806271056_044,43,67,Sailboat,607,650,219,286
201806271056_045,134,149,Sailboat,144,278,165,314
201806271056_043,5,18,Seamark,980,985,264,282
201806271056_044,7,18,Seamark,823,830,268,286
201806271056_045,6,33,Seamark,775,781,261,294
201806271056_046,13,40,Seamark,831,844,265,305
201806271056_047,27,80,Seamark,1020,1047,264,344
201806271056_048,8,16,Seamark,792,800,267,283
201806271056_049,7,15,Seamark,782,789,268,283
201806271056_050,5,20,Seamark,757,762,265,285
201806271056_051,10,33,Seamark,790,800,265,298
201806271056_052,22,66,Seamark,850,872,264,330
201806271056_046,32,26,Passengership,707,739,259,285
201806271056_047,70,50,Passengership,517,587,251,301
201806271056_049,5,15,Seamark,269,274,280,295
201806271056_050,5,14,Seamark,104,109,284,298
201806271056_052,6,11,Seamark,233,239,279,290
201806271056_053,5,15,Seamark,88,93,277,292
201806271056_053,79,31,Militaryship,1113,1192,249,280
201806271056_054,83,32,Militaryship,1058,1141,246,278
201806271056_055,96,37,Militaryship,1021,1117,237,274
201806271056_056,100,55,Militaryship,1089,1189,224,279
201806271056_052,5,12,Seamark,841,846,267,279
201806271056_053,4,13,Seamark,832,836,271,284
201806271056_055,11,31,Seamark,703,714,263,294
201806271056_056,16,50,Seamark,766,782,264,314
201806271056_050,19,31,Passengership,624,643,239,270
201806271056_051,23,38,Passengership,601,624,238,276
201806271056_052,27,45,Passengership,542,569,235,280
201806271056_053,26,41,Passengership,481,507,233,274
201806271056_054,25,39,Passengership,354,379,235,274
201806271056_055,26,40,Passengership,230,256,234,274
201806271056_056,27,57,Passengership,192,219,223,280
201806271056_029,41,24,Boat,663,704,297,321
201806271056_032,45,15,Motorboat,194,239,273,288
201806271056_035,40,186,Sailboat,154,194,127,313
201806271056_035,88,183,Sailboat,756,844,125,308
201806271056_035,30,104,Sailboat,422,452,194,298
201806271056_035,24,77,Sailboat,396,420,218,295
201806271056_037,80,169,Sailboat,13,93,162,331
201806271056_038,70,346,Sailboat,1198,1268,4,350
201806271056_038,63,327,Sailboat,1126,1189,22,349
201806271056_038,71,313,Sailboat,1046,1117,32,345
201806271056_038,74,322,Sailboat,965,1039,21,343
201806271056_038,76,195,Sailboat,762,838,138,333
201806271056_038,63,287,Sailboat,844,907,50,337
201806271056_038,89,209,Sailboat,645,734,116,325
201806271056_038,44,241,Sailboat,916,960,97,338
201806271056_038,83,170,Sailboat,554,637,147,317
201806271056_039,85,364,Sailboat,728,813,1,365
201806271056_039,46,71,Sailboat,646,692,214,285
201806271056_039,25,68,Sailboat,598,623,220,288
201806271056_039,23,28,Sailboat,465,488,262,290
201806271056_028,28,17,Boat,987,1015,298,315
201806271056_039,41,23,Motorboat,705,746,264,287
201806271056_039,21,27,Seamark,737,758,356,383
201806271126_001,6,23,Seamark,1088,1094,268,291
201806271126_002,7,27,Seamark,1111,1118,270,297
201806271126_003,20,27,Seamark,1168,1188,284,311
201806271126_000,160,93,Militaryship,1121,1281,196,289
201806271126_001,124,104,Militaryship,1141,1265,190,294
201806271126_002,138,81,Militaryship,1135,1273,208,289
201806271126_003,143,77,Militaryship,1138,1281,206,283
201806271126_002,6,33,Seamark,838,844,279,312
201806271126_003,40,72,Seamark,863,903,280,352
201806271126_004,25,139,Seamark,1170,1195,305,444
201806271126_003,11,17,Seamark,960,971,272,289
201806271126_004,3,17,Seamark,1017,1020,268,285
201806271126_000,17,26,Seamark,847,864,257,283
201806271126_001,8,24,Seamark,852,860,263,287
201806271126_002,8,25,Seamark,810,818,264,289
201806271126_003,28,49,Seamark,777,805,255,304
201806271126_004,15,49,Seamark,826,841,257,306
201806271126_005,19,79,Seamark,888,907,257,336
201806271126_006,20,37,Seamark,1008,1028,281,318
201806271126_005,32,26,Boat,608,640,296,322
201806271126_006,57,21,Motorboat,1029,1086,260,281
201806271126_007,56,21,Motorboat,1036,1092,264,285
201806271126_008,56,22,Motorboat,967,1023,262,284
201806271126_009,85,38,Motorboat,981,1066,259,297
201806271126_008,42,13,Motorboat,925,967,268,281
201806271126_009,66,23,Motorboat,914,980,270,293
201806271126_004,65,41,Boat,202,267,331,372
201806271126_006,19,19,Boat,643,662,281,300
201806271126_007,14,10,Boat,672,686,280,290
201806271126_010,32,22,Miscboat,93,125,272,294
201806271126_011,29,20,Miscboat,187,216,270,290
201806271126_012,48,62,Miscboat,134,182,237,299
201806271126_013,49,63,Miscboat,41,90,246,309
201806271126_014,53,40,Miscboat,95,148,265,305
201806271126_015,142,89,Miscboat,8,150,241,330
201806271126_015,55,124,Militaryship,166,221,172,296
201806271126_016,81,117,Militaryship,200,281,187,304
201806271126_017,117,134,Militaryship,153,270,164,298
201806271126_018,60,104,Cruiseship,232,292,184,288
201806271126_019,83,129,Cruiseship,263,346,163,292
201806271126_020,120,105,Cruiseship,298,418,187,292
201806271126_021,162,141,Cruiseship,224,386,161,302
201806271126_022,245,263,Cruiseship,24,269,65,328
201806271126_023,177,239,Cruiseship,6,183,100,339
201806271126_017,105,71,Militaryship,161,266,237,308
201806271126_018,165,144,Militaryship,15,180,206,350
201806271126_011,20,16,Motorboat,814,834,261,277
201806271126_012,22,18,Motorboat,860,882,265,283
201806271126_013,24,25,Motorboat,879,903,258,283
201806271126_018,18,16,Motorboat,349,367,276,292
201806271126_019,34,22,Motorboat,312,346,291,313
201806271126_019,21,47,Militaryship,347,368,237,284
201806271126_020,36,49,Militaryship,424,460,234,283
201806271126_022,53,71,Militaryship,294,347,223,294
201806271126_023,84,68,Militaryship,254,338,229,297
201806271126_024,133,91,Militaryship,182,315,212,303
201806271126_023,80,78,Militaryship,167,247,223,301
201806271126_024,151,118,Militaryship,29,180,205,323
201806271126_026,51,21,Passengership,406,457,275,296
201806271126_027,72,44,Passengership,130,202,280,324
201806271126_025,14,55,Sailboat,599,613,232,287
201806271126_026,18,99,Sailboat,490,508,201,300
201806271126_028,11,8,Boat,357,368,282,290
201806271126_029,15,13,Boat,356,371,289,302
201806271126_019,32,115,Sailboat,373,405,163,278
201806271126_020,71,124,Sailboat,439,510,150,274
201806271126_021,71,141,Sailboat,435,506,141,282
201806271126_022,67,162,Sailboat,358,425,124,286
201806271126_023,106,185,Sailboat,353,459,96,281
201806271126_024,114,228,Sailboat,386,500,60,288
201806271126_025,160,288,Sailboat,364,524,13,301
201806271126_026,326,303,Sailboat,90,416,20,323
201806271126_027,126,334,Sailboat,1,127,1,335
201806271126_029,9,6,Motorboat,416,425,278,284
201806271126_030,26,20,Motorboat,353,379,277,297
201806271126_031,70,56,Motorboat,0,70,317,373
201806271126_031,163,347,Sailboat,800,963,1,348
201806271126_032,168,252,Militaryship,1028,1196,163,415
201806271126_019,14,29,Sailboat,474,488,247,276
201806271126_020,15,32,Sailboat,588,603,243,275
201806271126_021,16,35,Sailboat,587,603,240,275
201806271126_022,18,34,Sailboat,526,544,243,277
201806271126_023,17,46,Sailboat,586,603,230,276
201806271126_024,20,55,Sailboat,643,663,223,278
201806271126_025,23,61,Sailboat,700,723,219,280
201806271126_026,25,70,Sailboat,653,678,211,281
201806271126_027,34,83,Sailboat,540,574,203,286
201806271126_028,40,100,Sailboat,492,532,190,290
201806271126_029,46,129,Sailboat,577,623,161,290
201806271126_030,73,208,Sailboat,666,739,100,308
201806271126_029,26,44,Sailboat,368,394,237,281
201806271126_030,13,49,Sailboat,469,482,228,277
201806271126_031,34,59,Sailboat,486,520,220,279
201806271126_032,30,77,Sailboat,440,470,207,284
201806271126_033,48,81,Sailboat,314,362,208,289
201806271126_035,88,148,Sailboat,191,279,155,303
201806271126_036,87,212,Sailboat,116,203,109,321
201806271126_037,111,191,Sailboat,105,216,129,320
201806271126_038,134,59,Motorboat,4,138,275,334
201806271126_032,48,67,Sailboat,390,438,220,287
201806271126_033,63,73,Sailboat,250,313,222,295
201806271126_034,46,91,Sailboat,249,295,209,300
201806271126_035,75,147,Sailboat,96,171,168,315
201806271126_037,61,48,Boat,890,951,315,363
201806271126_038,130,104,Boat,1145,1275,376,480
201806271126_033,26,61,Sailboat,417,443,221,282
201806271126_035,54,93,Sailboat,411,465,190,283
201806271126_038,95,166,Sailboat,283,378,135,301
201806271126_036,60,136,Sailboat,371,431,159,295
201806271126_038,70,144,Sailboat,265,335,159,303
201806271126_035,32,23,Motorboat,689,721,271,294
201806271126_036,48,36,Motorboat,759,807,276,312
201806271126_037,39,65,Motorboat,834,873,273,338
201806271126_038,141,116,Motorboat,1017,1158,309,425
201806271126_037,21,40,Motorboat,814,835,284,324
201806271126_038,55,59,Motorboat,920,975,302,361
201806271126_032,36,40,Militaryship,702,738,245,285
201806271126_033,45,73,Militaryship,640,685,222,295
201806271126_034,61,116,Militaryship,707,768,190,306
201806271126_035,105,112,Militaryship,751,856,215,327
201806271126_036,338,436,Militaryship,943,1281,6,442
201806271126_037,28,31,Motorboat,786,814,281,312
201806271126_038,47,42,Motorboat,855,902,291,333
201806271126_039,158,113,Motorboat,1123,1281,344,457
201806271126_035,6,9,Miscboat,598,604,262,271
201806271126_036,7,10,Miscboat,637,644,261,271
201806271126_037,8,11,Miscboat,632,640,261,272
201806271126_038,9,7,Miscboat,623,632,265,272
201806271126_035,8,7,Miscboat,561,569,265,272
201806271126_036,9,8,Miscboat,597,606,265,273
201806271126_037,10,9,Miscboat,590,600,265,274
201806271126_038,9,8,Miscboat,580,589,266,274
201806271126_035,13,9,Miscboat,584,597,262,271
201806271126_036,14,10,Miscboat,621,635,261,271
201806271126_037,15,11,Miscboat,615,630,261,272
201806271126_038,15,6,Miscboat,608,623,266,272
201806271126_038,63,169,Sailboat,199,262,144,313
201806271126_039,122,233,Sailboat,99,221,86,319
201806271126_032,13,19,Passengership,542,555,254,273
201806271126_033,14,21,Passengership,462,476,254,275
201806271126_034,15,23,Passengership,516,531,252,275
201806271126_035,18,13,Passengership,509,527,260,273
201806271126_036,24,17,Passengership,537,561,257,274
201806271126_037,26,19,Passengership,523,549,256,275
201806271126_038,29,17,Passengership,502,531,261,278
201806271126_039,30,24,Passengership,484,514,255,279
201806271126_041,47,26,Passengership,397,444,259,285
201806271126_042,62,42,Passengership,331,393,252,294
201806271126_043,107,74,Passengership,77,184,250,324
201806271126_033,41,19,Ferry,523,564,258,277
201806271126_034,52,19,Ferry,609,661,259,278
201806271126_035,55,20,Ferry,627,682,259,279
201806271126_036,51,19,Ferry,677,728,261,280
201806271126_037,52,23,Ferry,680,732,261,284
201806271126_038,96,28,Ferry,639,735,258,286
201806271126_039,109,33,Ferry,562,671,257,290
201806271126_040,134,47,Ferry,419,553,258,305
201806271126_032,34,10,Ferry,570,604,266,276
201806271126_034,41,12,Ferry,614,655,264,276
201806271126_035,37,14,Ferry,638,675,263,277
201806271126_041,204,59,Ferry,130,334,266,325
201806271126_038,29,17,Miscboat,406,435,268,285
201806271126_039,45,20,Miscboat,347,392,269,289
201806271126_036,32,33,Passengership,728,760,248,281
201806271126_037,43,74,Passengership,732,775,213,287
201806271126_038,49,39,Passengership,743,792,250,289
201806271126_039,78,57,Passengership,753,831,241,298
201806271126_040,107,156,Passengership,751,858,160,316
201806271126_041,282,159,Passengership,872,1154,186,345
201806271126_032,36,59,Sailboat,478,514,220,279
201806271126_033,46,73,Sailboat,370,416,212,285
201806271126_035,83,104,Sailboat,327,410,186,290
201806271126_036,95,132,Sailboat,276,371,171,303
201806271126_038,85,174,Sailboat,110,195,149,323
201806271126_039,69,214,Sailboat,7,76,125,339
201806271126_039,23,44,Passengership,728,751,241,285
201806271126_040,43,53,Passengership,708,751,240,293
201806271126_041,77,58,Passengership,763,840,240,298
201806271126_042,179,158,Passengership,893,1072,197,355
201806271126_042,29,88,Passengership,862,891,232,320
201806271126_043,189,235,Passengership,1091,1280,227,462
201806271126_041,15,23,Miscboat,726,741,260,283
201806271126_042,45,49,Miscboat,763,808,246,295
201806271126_043,40,39,Miscboat,718,758,268,307
201806271126_044,53,51,Miscboat,824,877,288,339
201806271126_041,18,23,Passengership,743,761,265,288
201806271126_042,53,43,Passengership,808,861,262,305
201806271126_043,162,124,Passengership,859,1021,244,368
201806271126_035,13,16,Passengership,536,549,256,272
201806271126_036,17,19,Passengership,567,584,254,273
201806271126_037,19,21,Passengership,557,576,253,274
201806271126_038,18,13,Passengership,544,562,262,275
201806271126_039,22,22,Passengership,527,549,254,276
201806271126_041,27,19,Passengership,472,499,260,279
201806271126_042,37,28,Passengership,445,482,255,283
201806271126_043,52,34,Passengership,301,353,263,297
201806271126_044,83,69,Passengership,167,250,234,303
201806271126_045,98,126,Passengership,2,100,201,327
201806271126_041,14,19,Motorboat,710,724,261,280
201806271126_042,28,25,Motorboat,735,763,260,285
201806271126_043,40,36,Motorboat,680,720,259,295
201806271126_044,69,46,Motorboat,708,777,260,306
201806271126_045,208,132,Motorboat,872,1080,242,374
201806271126_041,12,7,Motorboat,529,541,269,276
201806271126_042,13,8,Motorboat,523,536,269,277
201806271126_043,14,9,Motorboat,426,440,274,283
201806271126_044,27,14,Motorboat,361,388,273,287
201806271126_045,30,15,Motorboat,335,365,273,288
201806271126_046,56,30,Motorboat,146,202,281,311
201806271126_041,10,12,Miscboat,576,586,261,273
201806271126_042,11,13,Miscboat,580,591,260,273
201806271126_043,12,14,Miscboat,496,508,262,276
201806271126_044,26,20,Miscboat,454,480,262,282
201806271126_045,28,21,Miscboat,471,499,262,283
201806271126_046,34,25,Miscboat,372,406,263,288
201806271126_047,75,32,Miscboat,236,311,272,304
201806271126_041,11,12,Motorboat,586,597,261,273
201806271126_042,12,13,Motorboat,591,603,260,273
201806271126_043,13,14,Motorboat,509,522,261,275
201806271126_044,17,20,Motorboat,480,497,262,282
201806271126_045,19,22,Motorboat,502,521,261,283
201806271126_046,21,24,Motorboat,415,436,261,285
201806271126_047,46,22,Motorboat,319,365,275,297
201806271126_048,69,40,Motorboat,1,70,283,323
201806271126_051,73,80,Passengership,689,762,226,306
201806271126_052,111,116,Passengership,857,968,209,325
201806271126_053,118,122,Passengership,1156,1274,250,372
201806271126_051,37,27,Motorboat,223,260,264,291
201806271126_052,50,41,Motorboat,267,317,256,297
201806271126_053,97,56,Motorboat,122,219,256,312
201806271126_053,43,31,Miscboat,351,394,261,292
201806271126_054,61,47,Miscboat,226,287,250,297
201806271126_051,30,42,Passengership,598,628,245,287
201806271126_052,35,48,Passengership,734,769,240,288
201806271126_053,55,32,Passengership,861,916,269,301
201806271126_054,84,78,Passengership,881,965,242,320
201806271126_055,172,183,Passengership,986,1158,172,355
201806271126_053,11,20,Motorboat,397,408,267,287
201806271126_054,28,26,Motorboat,291,319,266,292
201806271126_055,26,25,Motorboat,138,164,273,298
201806271126_056,65,47,Motorboat,10,75,277,324
201806271126_053,26,26,Passengership,449,475,256,282
201806271126_054,32,32,Passengership,376,408,253,285
201806271126_055,54,45,Passengership,266,320,247,292
201806271126_056,83,43,Passengership,252,335,251,294
201806271126_053,40,13,Passengership,413,453,272,285
201806271126_054,44,14,Passengership,327,371,269,283
201806271126_055,48,15,Passengership,202,250,269,284
201806271126_056,102,40,Passengership,144,246,269,309
201806271126_053,28,24,Passengership,472,500,257,281
201806271126_054,36,30,Passengership,405,441,254,284
201806271126_055,46,41,Passengership,322,368,247,288
201806271126_056,65,53,Passengership,342,407,240,293
201806271126_057,123,88,Passengership,17,140,227,315
201806271126_053,32,51,Sailboat,750,782,232,283
201806271126_054,26,52,Sailboat,736,762,235,287
201806271126_055,28,56,Sailboat,731,759,233,289
201806271126_056,45,74,Sailboat,840,885,223,297
201806271126_057,86,117,Sailboat,825,911,203,320
201806271126_051,47,15,Ferry,467,514,265,280
201806271126_052,52,16,Ferry,622,674,265,281
201806271126_053,56,17,Ferry,707,763,265,282
201806271126_054,40,19,Ferry,691,731,268,287
201806271126_055,44,21,Ferry,675,719,267,288
201806271126_056,48,23,Ferry,784,832,267,290
201806271126_057,129,47,Ferry,698,827,259,306
201806271126_058,250,84,Ferry,920,1170,260,344
201806271126_053,38,64,Sailboat,682,720,215,279
201806271126_054,33,50,Sailboat,655,688,231,281
201806271126_056,52,91,Sailboat,719,771,193,284
201806271126_057,69,69,Sailboat,627,696,218,287
201806271126_058,123,177,Sailboat,762,885,125,302
201806271126_059,161,242,Sailboat,850,1011,73,315
201806271126_057,31,72,Sailboat,600,631,216,288
201806271126_059,82,23,Motorboat,784,866,269,292
201806271126_053,28,21,Passengership,497,525,257,278
201806271126_054,37,27,Passengership,435,472,253,280
201806271126_055,46,41,Passengership,374,420,242,283
201806271126_056,57,29,Passengership,426,483,254,283
201806271126_057,94,54,Passengership,209,303,241,295
201806271126_058,195,204,Passengership,109,304,118,322
201806271126_059,155,123,Passengership,10,165,213,336
201806271126_011,22,13,Motorboat,1013,1035,266,279
201806271126_011,19,9,Motorboat,991,1010,268,277
201806271126_011,16,8,Motorboat,852,868,269,277
201806271126_023,19,12,Motorboat,340,359,278,290
201806271126_023,31,19,Miscboat,364,395,270,289
201806271126_026,148,62,Miscboat,6,154,279,341
201806271126_026,27,18,Motorboat,459,486,274,292
201806271126_035,66,23,Boat,42,108,296,319
201806271126_038,35,62,Motorboat,977,1012,325,387
201806271126_047,74,70,Motorboat,906,980,257,327
201806271126_053,38,27,Motorboat,303,341,269,296
201806271126_059,18,14,Motorboat,515,533,269,283
201806271126_059,15,13,Motorboat,498,513,271,284
201806271126_059,96,28,Motorboat,845,941,281,309
201806271126_011,34,51,Sailboat,879,913,226,277
201806271126_036,79,222,Sailboat,32,111,106,328
201806271126_044,378,323,Militaryship,861,1239,86,409
201806271126_031,28,17,Motorboat,261,289,293,310
201806271126_052,28,19,Boat,384,412,299,318
201806271126_052,38,33,Motorboat,204,242,270,303
201806271126_059,24,11,Motorboat,472,496,276,287
201806271126_006,177,105,Militaryship,1104,1281,199,304
201806271126_019,168,201,Militaryship,3,171,143,344
201806271126_025,234,167,Militaryship,0,234,186,353
201806271126_025,75,44,Militaryship,237,312,272,316
201806271126_027,65,29,Militaryship,219,284,278,307
201806271126_015,81,82,Militaryship,162,243,216,298
201806271126_016,134,165,Militaryship,23,157,172,337
201806271126_018,56,115,Militaryship,185,241,186,301
201806271126_043,69,55,Motorboat,791,860,274,329
201806271126_050,113,51,Motorboat,118,231,279,330
201806271126_001,4,24,Seamark,848,852,274,298
201806271126_010,13,9,Miscellaneous,1234,1247,381,390
201806271126_010,19,17,Miscellaneous,1021,1040,421,438
201806271126_009,464,88,Miscellaneous,515,979,351,439
201806271126_051,19,19,Miscellaneous,395,414,281,300
201806271126_040,21,21,Passengership,483,504,253,274
201806271157_000,175,215,Sailboat,989,1164,133,348
201806271157_001,98,216,Sailboat,1177,1275,183,399
201806271157_000,44,26,Motorboat,260,304,284,310
201806271157_001,75,40,Motorboat,109,184,286,326
201806271157_000,57,34,Motorboat,848,905,284,318
201806271157_001,173,37,Motorboat,965,1138,312,349
201806271157_001,259,55,Motorboat,895,1154,277,332
201806271157_002,139,400,Sailboat,1136,1275,17,417
201806271157_003,158,81,Motorboat,1123,1281,328,409
201806271157_000,175,42,Motorboat,806,981,277,319
201806271157_001,61,36,Motorboat,848,909,282,318
201806271157_002,65,39,Motorboat,942,1007,295,334
201806271157_000,43,22,Motorboat,320,363,279,301
201806271157_001,45,30,Motorboat,221,266,284,314
201806271157_002,80,44,Motorboat,7,87,292,336
201806271157_000,24,25,Motorboat,364,388,273,298
201806271157_001,39,26,Motorboat,284,323,278,304
201806271157_002,76,35,Motorboat,119,195,283,318
201806271157_000,41,40,Miscboat,423,464,249,289
201806271157_001,52,51,Miscboat,394,446,245,296
201806271157_002,50,50,Miscboat,338,388,247,297
201806271157_003,129,91,Miscboat,18,147,228,319
201806271157_000,18,65,Sailboat,541,559,214,279
201806271157_003,26,73,Sailboat,430,456,204,277
201806271157_004,43,101,Sailboat,436,479,181,282
201806271157_005,58,145,Sailboat,343,401,145,290
201806271157_006,93,215,Sailboat,182,275,90,305
201806271157_007,130,295,Sailboat,1,131,28,323
201806271157_000,11,9,Motorboat,531,542,269,278
201806271157_001,12,10,Motorboat,532,544,268,278
201806271157_002,12,10,Motorboat,516,528,268,278
201806271157_003,21,20,Motorboat,408,429,262,282
201806271157_004,22,21,Motorboat,417,439,262,283
201806271157_005,46,31,Motorboat,297,343,261,292
201806271157_006,80,55,Motorboat,81,161,261,316
201806271157_008,26,20,Motorboat,758,784,274,294
201806271157_009,39,29,Motorboat,813,852,279,308
201806271157_010,90,76,Motorboat,972,1062,278,354
201806271157_008,29,20,Motorboat,728,757,273,293
201806271157_009,57,35,Motorboat,755,812,271,306
201806271157_010,88,80,Motorboat,869,957,278,358
201806271157_011,63,58,Militaryship,854,917,241,299
201806271157_012,167,124,Militaryship,798,965,187,311
201806271157_013,354,272,Militaryship,928,1282,105,377
201806271157_000,58,72,Sailboat,690,748,200,272
201806271157_001,62,77,Sailboat,704,766,197,274
201806271157_002,66,83,Sailboat,703,769,193,276
201806271157_003,51,96,Sailboat,646,697,176,272
201806271157_004,38,121,Sailboat,731,769,160,281
201806271157_005,62,128,Sailboat,722,784,144,272
201806271157_006,95,156,Sailboat,722,817,119,275
201806271157_007,89,174,Sailboat,707,796,107,281
201806271157_008,118,201,Sailboat,743,861,73,274
201806271157_009,162,258,Sailboat,770,932,21,279
201806271157_010,178,277,Sailboat,812,990,1,278
201806271157_011,378,377,Sailboat,893,1271,8,385
201806271157_010,54,71,Cruiseship,804,858,217,288
201806271157_011,82,82,Cruiseship,805,887,203,285
201806271157_012,100,168,Cruiseship,708,808,119,287
201806271157_013,183,248,Cruiseship,760,943,55,303
201806271157_014,401,275,Cruiseship,793,1194,72,347
201806271157_015,430,436,Cruiseship,851,1281,8,444
201806271157_011,25,22,Militaryship,778,803,256,278
201806271157_013,49,48,Militaryship,714,763,231,279
201806271157_014,48,66,Militaryship,727,775,222,288
201806271157_015,75,81,Militaryship,692,767,209,290
201806271157_016,102,110,Militaryship,710,812,188,298
201806271157_017,121,145,Militaryship,730,851,167,312
201806271157_018,240,277,Militaryship,811,1051,82,359
201806271157_019,376,442,Militaryship,906,1282,3,445
201806271157_018,79,141,Militaryship,739,818,163,304
201806271157_019,126,191,Militaryship,764,890,124,315
201806271157_020,259,331,Militaryship,891,1150,28,359
201806271157_021,262,401,Militaryship,1017,1279,63,464
201806271157_021,70,123,Militaryship,973,1043,192,315
201806271157_022,108,113,Miscboat,918,1026,222,335
201806271157_023,50,26,Motorboat,807,857,258,284
201806271157_024,68,42,Motorboat,651,719,242,284
201806271157_025,63,39,Motorboat,519,582,243,282
201806271157_026,89,36,Motorboat,378,467,248,284
201806271157_027,66,47,Motorboat,40,106,246,293
201806271157_019,32,38,Sailboat,280,312,238,276
201806271157_020,27,47,Sailboat,286,313,230,277
201806271157_018,15,7,Motorboat,457,472,267,274
201806271157_019,16,8,Motorboat,443,459,266,274
201806271157_020,18,9,Motorboat,466,484,266,275
201806271157_021,17,11,Motorboat,387,404,264,275
201806271157_022,32,21,Motorboat,93,125,262,283
201806271157_018,21,8,Motorboat,510,531,268,276
201806271157_019,23,9,Motorboat,501,524,267,276
201806271157_020,25,10,Motorboat,531,556,266,276
201806271157_021,20,12,Motorboat,464,484,267,279
201806271157_020,43,16,Motorboat,843,886,264,280
201806271157_021,46,17,Motorboat,798,844,267,284
201806271157_022,55,22,Motorboat,583,638,258,280
201806271157_023,65,24,Motorboat,404,469,257,281
201806271157_024,31,23,Motorboat,213,244,259,282
201806271157_023,47,27,Miscboat,866,913,258,285
201806271157_024,66,37,Miscboat,728,794,246,283
201806271157_025,61,35,Miscboat,607,668,246,281
201806271157_026,69,32,Miscboat,469,538,250,282
201806271157_023,25,21,Miscboat,533,558,259,280
201806271157_024,44,24,Motorboat,334,378,265,289
201806271157_025,43,22,Motorboat,440,483,271,293
201806271157_026,39,15,Motorboat,540,579,275,290
201806271157_027,34,32,Motorboat,470,504,262,294
201806271157_028,33,24,Motorboat,424,457,268,292
201806271157_029,18,16,Motorboat,438,456,271,287
201806271157_030,19,19,Motorboat,356,375,266,285
201806271157_031,21,15,Motorboat,387,408,268,283
201806271157_032,13,14,Motorboat,341,354,266,280
201806271157_033,20,16,Motorboat,404,424,264,280
201806271157_034,18,15,Motorboat,431,449,266,281
201806271157_035,12,9,Motorboat,466,478,273,282
201806271157_036,21,10,Motorboat,520,541,268,278
201806271157_037,16,14,Motorboat,604,620,268,282
201806271157_023,56,29,Militaryship,976,1032,257,286
201806271157_024,145,67,Militaryship,799,944,219,286
201806271157_025,140,65,Militaryship,690,830,217,282
201806271157_026,102,95,Militaryship,587,689,207,302
201806271157_027,48,99,Militaryship,297,345,189,288
201806271157_028,48,100,Militaryship,127,175,186,286
201806271157_029,71,107,Militaryship,27,98,185,292
201806271157_025,51,40,Passengership,868,919,259,299
201806271157_026,30,24,Motorboat,764,794,272,296
201806271157_027,76,51,Motorboat,303,379,272,323
201806271157_028,134,95,Militaryship,181,315,181,276
201806271157_029,172,103,Militaryship,73,245,180,283
201806271157_027,10,15,Seamark,648,658,264,279
201806271157_028,4,18,Seamark,527,531,260,278
201806271157_029,4,16,Seamark,490,494,262,278
201806271157_030,9,23,Seamark,341,350,259,282
201806271157_031,11,17,Seamark,339,350,264,281
201806271157_032,16,32,Seamark,219,235,254,286
201806271157_033,15,29,Seamark,195,210,256,285
201806271157_034,10,32,Seamark,109,119,260,292
201806271157_030,5,12,Seamark,169,174,261,273
201806271157_033,6,12,Seamark,92,98,259,271
201806271157_036,5,10,Seamark,372,377,263,273
201806271157_037,6,11,Seamark,396,402,265,276
201806271157_038,7,12,Seamark,325,332,264,276
201806271157_039,10,25,Seamark,321,331,257,282
201806271157_040,11,20,Seamark,223,234,262,282
201806271157_041,9,23,Seamark,20,29,267,290
201806271157_041,58,28,Passengership,426,484,251,279
201806271157_042,70,34,Passengership,372,442,245,279
201806271157_043,105,37,Passengership,106,211,247,284
201806271157_042,12,18,Motorboat,900,912,272,290
201806271157_043,23,20,Motorboat,789,812,272,292
201806271157_044,31,28,Motorboat,562,593,264,292
201806271157_045,35,48,Motorboat,323,358,257,305
201806271157_046,59,49,Motorboat,81,140,262,311
201806271157_042,39,61,Sailboat,974,1013,231,292
201806271157_043,62,72,Sailboat,891,953,225,297
201806271157_044,67,126,Motorboat,718,785,172,298
201806271157_045,100,171,Sailboat,516,616,133,304
201806271157_046,149,240,Sailboat,309,458,76,316
201806271157_045,14,33,Seamark,645,659,281,314
201806271157_046,5,46,Seamark,502,507,287,333
201806271157_047,11,70,Seamark,109,120,308,378
201806271157_049,82,23,Motorboat,1160,1242,290,313
201806271157_050,85,25,Motorboat,1164,1249,296,321
201806271157_049,113,22,Motorboat,980,1093,280,302
201806271157_050,127,57,Motorboat,961,1088,259,316
201806271157_051,167,73,Motorboat,1070,1237,257,330
201806271157_049,118,28,Motorboat,858,976,275,303
201806271157_050,99,40,Motorboat,844,943,269,309
201806271157_051,110,36,Motorboat,936,1046,271,307
201806271157_052,233,68,Motorboat,1045,1278,287,355
201806271157_054,14,24,Seamark,1184,1198,279,303
201806271157_055,9,21,Seamark,1227,1236,287,308
201806271157_056,6,28,Seamark,1126,1132,278,306
201806271157_057,20,50,Seamark,1260,1280,275,325
201806271157_054,7,17,Seamark,745,752,269,286
201806271157_055,8,19,Seamark,699,707,270,289
201806271157_056,6,20,Seamark,479,485,267,287
201806271157_057,14,28,Seamark,292,306,269,297
201806271157_057,11,10,Seamark,925,936,275,285
201806271157_058,10,18,Seamark,444,454,263,281
201806271157_059,9,16,Seamark,479,488,264,280
201806271157_060,8,15,Seamark,329,337,266,281
201806271157_061,7,15,Seamark,363,370,266,281
201806271157_062,5,20,Seamark,326,331,266,286
201806271157_063,18,30,Seamark,119,137,269,299
201806271157_054,7,7,Boat,1001,1008,281,288
201806271157_055,8,8,Boat,1040,1048,284,292
201806271157_056,8,8,Boat,923,931,279,287
201806271157_057,11,10,Boat,964,975,278,288
201806271157_060,9,12,Seamark,713,722,268,280
201806271157_061,7,18,Seamark,792,799,267,285
201806271157_062,5,22,Seamark,871,876,268,290
201806271157_063,16,31,Seamark,855,871,268,299
201806271157_064,18,44,Seamark,1041,1059,272,316
201806271157_063,9,5,Boat,395,404,274,279
201806271157_064,22,12,Motorboat,286,308,279,291
201806271157_060,4,10,Seamark,351,355,266,276
201806271157_063,11,11,Seamark,274,285,267,278
201806271157_065,4,16,Seamark,223,227,267,283
201806271157_066,8,22,Seamark,214,222,266,288
201806271157_067,9,17,Seamark,115,124,273,290
201806271157_060,8,7,Seamark,582,590,269,276
201806271157_061,8,13,Seamark,647,655,265,278
201806271157_062,7,12,Seamark,682,689,267,279
201806271157_063,6,11,Seamark,603,609,268,279
201806271157_064,4,19,Seamark,644,648,266,285
201806271157_065,5,17,Seamark,679,684,270,287
201806271157_066,11,23,Seamark,734,745,268,291
201806271157_067,11,30,Seamark,715,726,265,295
201806271157_068,9,39,Seamark,764,773,270,309
201806271157_069,26,70,Seamark,778,804,269,339
201806271157_070,44,126,Seamark,929,973,274,400
201806271157_068,5,16,Seamark,744,749,272,288
201806271157_069,14,18,Seamark,692,706,274,292
201806271157_070,9,28,Seamark,725,734,269,297
201806271157_071,9,27,Seamark,726,735,269,296
201806271157_072,19,35,Seamark,773,792,269,304
201806271157_069,15,13,Motorboat,410,425,274,287
201806271157_070,16,14,Motorboat,356,372,275,289
201806271157_071,16,14,Motorboat,202,218,283,297
201806271157_002,43,29,Motorboat,88,131,298,327
201806271157_011,44,41,Motorboat,928,972,272,313
201806271157_022,183,231,Militaryship,994,1177,136,367
201806271157_023,69,28,Miscboat,283,352,255,283
201806271157_025,75,33,Miscboat,110,185,258,291
201806271157_026,21,25,Motorboat,333,354,257,282
201806271157_041,25,15,Motorboat,275,300,266,281
201806271157_041,13,16,Motorboat,308,321,264,280
201806271157_041,30,15,Motorboat,326,356,265,280
201806271157_041,45,16,Motorboat,360,405,264,280
201806271157_000,168,333,Sailboat,1030,1198,30,363
201806271157_000,55,253,Sailboat,932,987,87,340
201806271157_001,49,51,Sailboat,1233,1282,368,419
201806271157_001,205,346,Sailboat,1062,1267,27,373
201806271157_003,134,265,Sailboat,970,1104,85,350
201806271157_020,18,44,Sailboat,426,444,229,273
201806271157_016,153,437,Cruiseship,1130,1283,1,438
201806271157_000,135,92,Motorboat,1086,1221,300,392
201806271157_003,43,19,Motorboat,935,978,314,333
201806271157_009,182,124,Miscboat,1098,1280,235,359
201806271157_012,107,65,Motorboat,1157,1264,294,359
201806271157_012,123,81,Motorboat,1023,1146,274,355
201806271157_024,43,13,Motorboat,169,212,269,282
201806271157_042,11,14,Motorboat,753,764,272,286
201806271157_045,64,28,Motorboat,484,548,273,301
201806271157_048,8,6,Motorboat,944,952,274,280
201806271157_012,70,48,Militaryship,951,1021,282,330
201806271157_042,80,117,Militaryship,1106,1186,205,322
201806271157_023,22,47,Cruiseship,952,974,238,285
201806271157_023,187,246,Miscboat,1069,1256,170,416
201806271157_051,13,8,Motorboat,801,814,276,284
201806271157_060,9,9,Boat,522,531,270,279
201806271157_060,6,3,Miscellaneous,477,483,269,272
201806271157_000,60,267,Sailboat,985,1045,81,348
201806271157_001,111,358,Sailboat,1166,1277,32,390
201806271157_012,28,24,Militaryship,680,708,252,276
201806271157_016,18,42,Militaryship,687,705,247,289
201806271157_017,23,54,Militaryship,695,718,240,294
201806271157_000,111,305,Sailboat,985,1096,49,354
201806271157_000,100,244,Sailboat,938,1038,96,340
201806271227_000,4,22,Seamark,752,756,283,305
201806271227_001,6,24,Seamark,763,769,283,307
201806271227_002,5,33,Seamark,793,798,288,321
201806271227_003,9,52,Seamark,823,832,297,349
201806271227_004,10,113,Seamark,1014,1024,331,444
201806271227_012,6,4,Motorboat,496,502,263,267
201806271227_013,15,9,Motorboat,601,616,263,272
201806271227_014,14,8,Motorboat,550,564,275,283
201806271227_015,13,7,Motorboat,479,492,275,282
201806271227_016,14,14,Motorboat,358,372,278,292
201806271227_017,22,11,Motorboat,328,350,282,293
201806271227_014,18,12,Motorboat,549,567,279,291
201806271227_015,15,15,Motorboat,603,618,272,287
201806271227_016,14,9,Motorboat,622,636,274,283
201806271227_018,6,3,Motorboat,575,581,277,280
201806271227_025,43,85,Sailboat,433,476,207,292
201806271227_026,51,105,Sailboat,467,518,192,297
201806271227_027,49,176,Sailboat,293,342,135,311
201806271227_026,29,190,Sailboat,699,728,117,307
201806271227_028,58,298,Sailboat,558,616,41,339
201806271227_025,50,127,Sailboat,578,628,168,295
201806271227_026,22,160,Sailboat,672,694,146,306
201806271227_027,54,208,Sailboat,495,549,107,315
201806271227_028,56,276,Sailboat,493,549,65,341
201806271227_026,25,120,Sailboat,554,579,180,300
201806271227_027,67,189,Sailboat,366,433,124,313
201806271227_028,50,256,Sailboat,375,425,73,329
201806271227_026,24,89,Sailboat,440,464,203,292
201806271227_028,50,159,Sailboat,193,243,166,325
201806271227_025,52,13,Motorboat,680,732,279,292
201806271227_026,104,30,Motorboat,786,890,289,319
201806271227_027,107,26,Motorboat,673,780,293,319
201806271227_028,171,57,Motorboat,757,928,311,368
201806271227_025,51,24,Motorboat,775,826,272,296
201806271227_026,56,28,Motorboat,899,955,277,305
201806271227_027,55,33,Motorboat,814,869,274,307
201806271227_025,39,126,Sailboat,706,745,167,293
201806271227_026,50,162,Sailboat,797,847,146,308
201806271227_028,247,357,Sailboat,757,1004,6,363
201806271227_025,37,106,Sailboat,282,319,186,292
201806271227_026,75,133,Sailboat,251,326,161,294
201806271227_027,104,165,Sailboat,1,105,143,308
201806271227_028,69,139,Sailboat,1,70,179,318
201806271227_025,35,83,Sailboat,374,409,207,290
201806271227_026,43,100,Sailboat,394,437,193,293
201806271227_027,63,130,Sailboat,162,225,179,309
201806271227_028,80,168,Sailboat,80,160,150,318
201806271227_025,44,113,Sailboat,527,571,179,292
201806271227_026,25,148,Sailboat,611,636,155,303
201806271227_027,44,146,Sailboat,436,480,167,313
201806271227_028,52,255,Sailboat,433,485,80,335
201806271227_025,42,158,Sailboat,634,676,142,300
201806271227_026,43,196,Sailboat,730,773,107,303
201806271227_027,78,268,Sailboat,581,659,48,316
201806271227_028,97,350,Sailboat,629,726,1,351
201806271227_024,30,14,Motorboat,367,397,276,290
201806271227_025,39,68,Sailboat,329,368,222,290
201806271227_026,45,84,Sailboat,345,390,209,293
201806271227_027,49,108,Sailboat,113,162,200,308
201806271227_029,112,260,Sailboat,3,115,67,327
201806271227_030,134,378,Sailboat,690,824,1,379
201806271227_032,6,20,Seamark,560,566,268,288
201806271227_033,10,24,Seamark,412,422,268,292
201806271227_034,15,36,Seamark,20,35,273,309
201806271227_031,10,20,Seamark,839,849,273,293
201806271227_032,9,25,Seamark,910,919,274,299
201806271227_033,14,41,Seamark,928,942,273,314
201806271227_034,32,90,Seamark,939,971,273,363
201806271227_033,6,15,Seamark,1233,1239,286,301
201806271227_034,6,24,Seamark,1130,1136,278,302
201806271227_035,5,22,Seamark,722,727,272,294
201806271227_036,12,32,Seamark,626,638,271,303
201806271227_037,18,59,Seamark,766,784,273,332
201806271227_039,7,14,Seamark,210,217,270,284
201806271227_040,7,18,Seamark,71,78,270,288
201806271227_039,7,16,Seamark,713,720,273,289
201806271227_040,10,19,Seamark,702,712,275,294
201806271227_041,9,30,Seamark,685,694,273,303
201806271227_042,20,65,Seamark,786,806,272,337
201806271227_042,36,17,Passengership,689,725,269,286
201806271227_043,65,22,Passengership,388,453,264,286
201806271227_046,97,44,Militaryship,1060,1157,247,291
201806271227_047,106,57,Militaryship,1147,1253,240,297
201806271227_049,115,71,Militaryship,1127,1242,228,299
201806271227_050,130,87,Militaryship,1098,1228,211,298
201806271227_051,157,100,Militaryship,1112,1269,203,303
201806271227_042,5,12,Seamark,902,907,278,290
201806271227_043,6,20,Seamark,883,889,271,291
201806271227_044,5,18,Seamark,720,725,273,291
201806271227_045,10,25,Seamark,670,680,271,296
201806271227_046,15,37,Seamark,685,700,268,305
201806271227_047,20,65,Seamark,752,772,267,332
201806271227_048,58,190,Seamark,919,977,262,452
201806271227_038,17,28,Cruiseship,804,821,250,278
201806271227_041,22,35,Cruiseship,577,599,240,275
201806271227_044,27,45,Cruiseship,341,368,231,276
201806271227_045,53,49,Miscboat,252,305,228,277
201806271227_046,32,56,Cruiseship,226,258,223,279
201806271227_047,30,60,Cruiseship,220,250,221,281
201806271227_048,60,64,Cruiseship,184,244,216,280
201806271227_049,28,65,Cruiseship,1,29,218,283
201806271227_049,10,21,Seamark,871,881,271,292
201806271227_050,5,22,Seamark,810,815,271,293
201806271227_051,7,44,Seamark,768,775,285,329
201806271227_051,11,31,Seamark,755,766,270,301
201806271227_052,21,55,Seamark,802,823,270,325
201806271227_053,49,264,Seamark,1225,1274,271,535
201806271227_055,164,80,Militaryship,1087,1251,240,320
201806271227_055,91,22,Motorboat,903,994,273,295
201806271227_056,78,23,Motorboat,1045,1123,278,301
201806271227_058,38,41,Miscboat,123,161,250,291
201806271227_059,35,34,Miscboat,66,101,264,298
201806271227_060,87,65,Miscboat,9,96,251,316
201806271227_061,76,97,Militaryship,8,84,203,300
201806271227_062,62,65,Militaryship,7,69,242,307
201806271227_063,97,151,Militaryship,1,98,159,310
201806271227_010,28,19,Motorboat,916,944,261,280
201806271227_025,59,23,Motorboat,208,267,280,303
201806271227_028,59,23,Motorboat,1177,1236,311,334
201806271227_052,51,18,Miscboat,266,317,273,291
201806271227_056,59,11,Motorboat,986,1045,285,296
201806271227_055,44,13,Motorboat,817,861,276,289
201806271227_026,90,200,Sailboat,130,220,112,312
201806271227_025,37,134,Sailboat,237,274,160,294
201806271227_025,23,68,Sailboat,745,768,227,295
201806271227_028,52,236,Sailboat,259,311,94,330
201806271227_028,44,209,Sailboat,318,362,118,327
201806271227_026,27,145,Sailboat,639,666,157,302
201806271227_026,18,143,Sailboat,585,603,158,301
201806271227_025,42,105,Sailboat,479,521,187,292
201806271227_026,33,123,Sailboat,522,555,174,297
201806271227_029,165,417,Sailboat,985,1150,6,423
201806271227_029,168,378,Sailboat,712,880,2,380
201806271227_029,73,355,Sailboat,556,629,8,363
201806271227_029,51,333,Sailboat,494,545,30,363
201806271227_029,93,342,Sailboat,399,492,14,356
201806271227_029,90,224,Sailboat,321,411,123,347
201806271227_029,115,236,Sailboat,199,314,98,334
201806271227_029,70,189,Sailboat,127,197,140,329
201806271227_029,75,368,Sailboat,642,717,5,373
201806271227_030,42,72,Sailboat,992,1034,225,297
201806271227_030,23,76,Sailboat,924,947,225,301
201806271227_029,67,367,Sailboat,900,967,28,395
201806271227_035,33,90,Sailboat,1143,1176,223,313
201806271227_063,13,26,Sailboat,233,246,253,279
201806271227_063,21,91,Sailboat,167,188,190,281
201806271227_063,36,86,Cruiseship,132,168,200,286
201806271227_013,70,32,Motorboat,60,130,287,319
201806271227_021,17,9,Motorboat,185,202,288,297
201806271227_024,21,10,Motorboat,1017,1038,290,300
201806271227_027,64,17,Motorboat,1088,1152,300,317
201806271227_030,45,18,Motorboat,1046,1091,282,300
201806271227_060,37,26,Motorboat,1115,1152,267,293
201806271227_003,15,12,Miscboat,563,578,264,276
201806271227_063,36,83,Militaryship,97,133,213,296
201806271227_000,39,115,Seamark,956,995,269,384
201806271227_030,4,12,Seamark,47,51,277,289
201806271227_030,7,17,Seamark,279,286,273,290
201806271227_030,5,11,Seamark,587,592,272,283
201806271227_035,4,19,Seamark,184,188,269,288
201806271227_051,7,27,Seamark,1090,1097,288,315
201806271227_050,4,25,Seamark,786,790,279,304
201806271227_052,9,26,Seamark,556,565,260,286
201806271227_053,3,28,Seamark,1159,1162,299,327
201806271227_056,6,40,Seamark,1061,1067,286,326
201806271227_046,85,40,Cruiseship,1168,1253,260,300
201806271227_049,27,62,Cruiseship,32,59,220,282
201806271227_030,18,14,Seamark,672,690,367,381
201806271227_030,7,4,Miscellaneous,569,576,323,327
201806271227_030,8,5,Miscellaneous,1017,1025,329,334
201806271257_000,87,121,Cruiseship,292,379,168,289
201806271257_001,142,171,Cruiseship,263,405,129,300
201806271257_002,225,146,Cruiseship,138,363,158,304
201806271257_003,299,283,Cruiseship,2,301,38,321
201806271257_004,226,330,Cruiseship,-2,224,12,342
201806271257_000,23,42,Militaryship,379,402,240,282
201806271257_001,39,55,Militaryship,411,450,231,286
201806271257_002,49,53,Militaryship,383,432,233,286
201806271257_003,62,72,Militaryship,350,412,219,291
201806271257_004,91,99,Militaryship,315,406,203,302
201806271257_005,206,152,Militaryship,126,332,171,323
201806271257_006,123,134,Militaryship,1,124,207,341
201806271257_002,35,44,Militaryship,347,382,243,287
201806271257_003,51,75,Militaryship,298,349,219,294
201806271257_004,91,87,Militaryship,222,313,216,303
201806271257_005,117,135,Militaryship,2,119,196,331
201806271257_005,47,30,Miscboat,323,370,272,302
201806271257_006,98,56,Miscboat,128,226,263,319
201806271257_002,27,13,Miscboat,441,468,269,282
201806271257_003,30,14,Miscboat,425,455,269,283
201806271257_004,33,15,Miscboat,429,462,271,286
201806271257_005,58,21,Miscboat,377,435,276,297
201806271257_006,91,39,Miscboat,234,325,269,308
201806271257_000,42,108,Sailboat,403,445,168,276
201806271257_001,51,135,Sailboat,461,512,144,279
201806271257_002,75,153,Sailboat,432,507,126,279
201806271257_003,75,170,Sailboat,436,511,112,282
201806271257_004,88,194,Sailboat,444,532,91,285
201806271257_005,161,253,Sailboat,377,538,34,287
201806271257_006,161,297,Sailboat,324,485,1,298
201806271257_007,334,328,Sailboat,1,335,1,329
201806271257_008,188,326,Sailboat,2,190,9,335
201806271257_002,22,10,Motorboat,510,532,269,279
201806271257_003,18,11,Motorboat,519,537,269,280
201806271257_004,16,10,Motorboat,547,563,272,282
201806271257_005,15,9,Motorboat,556,571,274,283
201806271257_006,45,27,Motorboat,500,545,264,291
201806271257_007,42,25,Motorboat,369,411,270,295
201806271257_008,46,27,Motorboat,276,322,276,303
201806271257_009,78,39,Motorboat,67,145,282,321
201806271257_005,26,15,Passengership,530,556,271,286
201806271257_006,31,21,Passengership,485,516,269,290
201806271257_007,51,23,Passengership,324,375,274,297
201806271257_008,84,32,Passengership,174,258,276,308
201806271257_009,59,86,Passengership,7,66,238,324
201806271257_000,14,27,Sailboat,518,532,248,275
201806271257_001,15,30,Sailboat,601,616,246,276
201806271257_002,17,32,Sailboat,612,629,244,276
201806271257_003,17,32,Sailboat,622,639,245,277
201806271257_004,20,34,Sailboat,659,679,245,279
201806271257_005,19,49,Sailboat,691,710,231,280
201806271257_006,25,51,Sailboat,674,699,230,281
201806271257_007,28,70,Sailboat,578,606,214,284
201806271257_008,25,78,Sailboat,559,584,207,285
201806271257_009,38,97,Sailboat,525,563,192,289
201806271257_010,51,137,Sailboat,611,662,159,296
201806271257_011,63,177,Sailboat,759,822,128,305
201806271257_012,105,259,Sailboat,811,916,63,322
201806271257_013,191,361,Sailboat,900,1091,1,362
201806271257_014,205,266,Militaryship,1075,1280,158,424
201806271257_014,27,11,Boat,329,356,280,291
201806271257_015,30,12,Boat,250,280,285,297
201806271257_016,41,13,Boat,146,187,296,309
201806271257_017,34,12,Boat,2,36,309,321
201806271257_016,35,12,Boat,189,224,294,306
201806271257_017,46,15,Boat,41,87,302,317
201806271257_016,42,107,Sailboat,222,264,197,304
201806271257_017,74,136,Sailboat,75,149,176,312
201806271257_014,29,10,Passengership,510,539,266,276
201806271257_015,48,14,Passengership,521,569,264,278
201806271257_016,51,13,Passengership,540,591,265,278
201806271257_014,33,31,Militaryship,653,686,259,290
201806271257_015,47,80,Militaryship,662,709,219,299
201806271257_016,66,114,Militaryship,696,762,201,315
201806271257_017,92,92,Militaryship,706,798,235,327
201806271257_018,191,324,Militaryship,774,965,66,390
201806271257_014,41,65,Sailboat,345,386,223,288
201806271257_016,68,114,Sailboat,265,333,183,297
201806271257_017,82,144,Sailboat,164,246,161,305
201806271257_018,106,188,Sailboat,35,141,128,316
201806271257_014,34,74,Sailboat,386,420,212,286
201806271257_015,41,91,Sailboat,340,381,200,291
201806271257_017,59,99,Sailboat,284,343,195,294
201806271257_018,78,128,Sailboat,223,301,172,300
201806271257_019,92,37,Motorboat,164,256,276,313
201806271257_019,114,201,Sailboat,50,164,116,317
201806271257_020,81,203,Sailboat,7,88,130,333
201806271257_017,25,14,Boat,656,681,289,303
201806271257_018,38,15,Boat,687,725,300,315
201806271257_014,15,12,Motorboat,626,641,273,285
201806271257_015,21,20,Motorboat,632,653,271,291
201806271257_016,20,19,Motorboat,655,675,275,294
201806271257_017,21,20,Motorboat,649,670,278,298
201806271257_018,43,53,Motorboat,662,705,266,319
201806271257_019,47,58,Motorboat,814,861,297,355
201806271257_020,136,124,Motorboat,1138,1274,360,484
201806271257_017,20,14,Passengership,461,481,265,279
201806271257_018,35,22,Passengership,467,502,260,282
201806271257_019,77,25,Ferry,509,586,261,286
201806271257_020,30,19,Passengership,498,528,262,281
201806271257_021,39,27,Passengership,443,482,259,286
201806271257_022,48,47,Passengership,370,418,242,289
201806271257_023,59,58,Passengership,364,423,238,296
201806271257_024,79,76,Passengership,192,271,230,306
201806271257_020,24,20,Passengership,642,666,261,281
201806271257_021,37,30,Passengership,566,603,258,288
201806271257_022,61,66,Passengership,450,511,232,298
201806271257_023,162,149,Passengership,219,381,181,330
201806271257_015,32,14,Ferry,586,618,266,280
201806271257_016,36,15,Ferry,602,638,268,283
201806271257_017,40,16,Ferry,558,598,268,284
201806271257_018,69,20,Ferry,534,603,265,285
201806271257_020,111,38,Ferry,333,444,262,300
201806271257_021,149,48,Ferry,115,264,263,311
201806271257_014,40,12,Ferry,570,610,267,279
201806271257_017,25,23,Passengership,627,652,260,283
201806271257_018,29,26,Passengership,654,683,258,284
201806271257_019,44,72,Passengership,733,777,222,294
201806271257_020,69,60,Passengership,773,842,240,300
201806271257_021,125,97,Passengership,796,921,229,326
201806271257_022,318,328,Passengership,860,1178,70,398
201806271257_020,27,36,Passengership,744,771,254,290
201806271257_021,51,51,Passengership,745,796,250,301
201806271257_022,75,69,Passengership,741,816,243,312
201806271257_023,132,111,Passengership,847,979,244,355
201806271257_024,234,167,Passengership,941,1175,227,394
201806271257_023,21,23,Motorboat,749,770,276,299
201806271257_024,33,29,Motorboat,704,737,264,293
201806271257_025,55,43,Motorboat,684,739,258,301
201806271257_026,83,66,Motorboat,837,920,251,317
201806271257_023,23,29,Militaryship,770,793,276,305
201806271257_024,42,94,Militaryship,747,789,213,307
201806271257_026,114,109,Motorboat,1026,1140,267,376
201806271257_027,65,73,Motorboat,918,983,271,344
201806271257_024,109,166,Passengership,822,931,169,335
201806271257_025,157,182,Militaryship,815,972,170,352
201806271257_025,21,14,Motorboat,327,348,285,299
201806271257_026,51,25,Motorboat,201,252,298,323
201806271257_023,152,98,Motorboat,295,447,350,448
201806271257_024,47,38,Motorboat,452,499,297,335
201806271257_025,29,19,Motorboat,481,510,285,304
201806271257_026,21,15,Motorboat,596,617,278,293
201806271257_027,22,13,Motorboat,652,674,282,295
201806271257_028,16,14,Motorboat,615,631,273,287
201806271257_029,16,12,Motorboat,674,690,284,296
201806271257_030,15,11,Motorboat,692,707,281,292
201806271257_027,39,21,Motorboat,344,383,278,299
201806271257_028,53,27,Motorboat,121,174,276,303
201806271257_023,13,10,Motorboat,544,557,276,286
201806271257_024,14,11,Motorboat,461,475,274,285
201806271257_025,15,12,Motorboat,370,385,271,283
201806271257_026,24,15,Motorboat,448,472,268,283
201806271257_027,26,16,Motorboat,350,376,277,293
201806271257_028,31,19,Motorboat,135,166,276,295
201806271257_029,65,38,Motorboat,2,67,293,331
201806271257_023,20,14,Miscboat,590,610,271,285
201806271257_024,31,24,Miscboat,512,543,258,282
201806271257_025,29,23,Miscboat,441,470,257,280
201806271257_026,27,22,Miscboat,544,571,256,278
201806271257_027,36,30,Miscboat,480,516,260,290
201806271257_028,51,28,Miscboat,322,373,261,289
201806271257_029,56,24,Miscboat,296,352,282,306
201806271257_030,75,36,Miscboat,204,279,274,310
201806271257_031,104,64,Miscboat,91,195,256,320
201806271257_028,41,26,Passengership,527,568,263,289
201806271257_029,74,29,Passengership,400,474,284,313
201806271257_030,104,80,Passengership,-2,102,293,373
201806271257_030,53,80,Motorboat,909,962,259,339
201806271257_031,171,144,Motorboat,1068,1239,262,406
201806271257_023,13,14,Motorboat,611,624,273,287
201806271257_024,14,15,Motorboat,540,554,267,282
201806271257_025,15,16,Motorboat,470,485,264,280
201806271257_026,19,19,Motorboat,573,592,258,277
201806271257_027,23,18,Motorboat,518,541,270,288
201806271257_028,31,23,Motorboat,372,403,263,286
201806271257_029,37,23,Motorboat,361,398,279,302
201806271257_030,48,28,Motorboat,289,337,276,304
201806271257_031,63,34,Motorboat,210,273,279,313
201806271257_037,27,28,Boat,58,85,270,298
201806271257_038,49,18,Boat,81,130,289,307
201806271257_037,35,33,Motorboat,99,134,261,294
201806271257_038,59,39,Motorboat,176,235,258,297
201806271257_039,67,68,Motorboat,1,68,253,321
201806271257_038,46,34,Motorboat,311,357,251,285
201806271257_039,44,31,Motorboat,294,338,261,292
201806271257_040,58,41,Motorboat,127,185,266,307
201806271257_037,28,33,Passengership,480,508,254,287
201806271257_038,45,27,Passengership,712,757,267,294
201806271257_039,63,56,Passengership,841,904,254,310
201806271257_040,168,198,Passengership,992,1160,165,363
201806271257_040,73,36,Passengership,210,283,264,300
201806271257_041,91,53,Passengership,7,98,265,318
201806271257_040,52,39,Passengership,283,335,253,292
201806271257_041,109,53,Passengership,120,229,248,301
201806271257_039,34,31,Passengership,423,457,252,283
201806271257_040,53,41,Passengership,333,386,249,290
201806271257_041,76,62,Passengership,244,320,234,296
201806271257_042,152,92,Passengership,60,212,223,315
201806271257_037,49,15,Ferry,366,415,262,277
201806271257_038,54,16,Ferry,532,586,263,279
201806271257_039,66,18,Ferry,518,584,263,281
201806271257_040,83,25,Ferry,388,471,261,286
201806271257_041,117,36,Ferry,337,454,257,293
201806271257_042,189,47,Ferry,210,399,252,299
201806271257_043,167,73,Ferry,1,168,253,326
201806271257_037,23,38,Sailboat,422,445,241,279
201806271257_038,21,15,Sailboat,652,673,267,282
201806271257_039,23,16,Sailboat,737,760,268,284
201806271257_040,39,65,Sailboat,743,782,228,293
201806271257_041,54,28,Sailboat,825,879,277,305
201806271257_042,92,59,Sailboat,943,1035,269,328
201806271257_043,201,270,Sailboat,1078,1279,114,384
201806271257_044,115,26,Motorboat,812,927,305,331
201806271257_045,232,56,Motorboat,968,1200,336,392
201806271257_044,131,270,Sailboat,750,881,46,316
201806271257_045,235,344,Sailboat,823,1058,0,344
201806271257_046,126,423,Sailboat,1145,1271,3,426
201806271257_041,54,101,Sailboat,687,741,187,288
201806271257_042,60,113,Sailboat,723,783,179,292
201806271257_043,100,168,Sailboat,670,770,134,302
201806271257_046,187,388,Sailboat,996,1183,1,389
201806271257_048,205,404,Sailboat,1076,1281,1,405
201806271257_045,31,20,Motorboat,309,340,274,294
201806271257_046,43,31,Motorboat,198,241,278,309
201806271257_047,77,45,Motorboat,20,97,289,334
201806271257_046,134,63,Motorboat,862,996,285,348
201806271257_047,283,101,Motorboat,990,1273,299,400
201806271257_045,37,15,Motorboat,258,295,283,298
201806271257_046,65,31,Motorboat,93,158,287,318
201806271257_045,25,19,Motorboat,342,367,272,291
201806271257_046,39,29,Motorboat,264,303,273,302
201806271257_047,78,37,Motorboat,133,211,281,318
201806271257_046,23,23,Motorboat,241,264,282,305
201806271257_047,38,29,Motorboat,102,140,293,322
201806271257_047,102,34,Boat,914,1016,293,327
201806271257_048,94,225,Sailboat,872,966,109,334
201806271257_049,102,32,Boat,1178,1280,360,392
201806271257_045,29,19,Miscboat,506,535,264,283
201806271257_046,54,39,Miscboat,462,516,255,294
201806271257_047,89,56,Miscboat,383,472,250,306
201806271257_048,96,89,Miscboat,70,166,225,314
201806271257_045,6,7,Motorboat,573,579,272,279
201806271257_046,13,7,Motorboat,560,573,276,283
201806271257_047,15,9,Motorboat,545,560,280,289
201806271257_048,33,24,Motorboat,206,239,295,319
201806271257_049,22,22,Motorboat,458,480,262,284
201806271257_050,36,13,Motorboat,343,379,274,287
201806271257_051,62,43,Motorboat,239,301,261,304
201806271257_052,69,105,Motorboat,-4,65,220,325
201806271257_047,18,62,Sailboat,557,575,216,278
201806271257_048,22,76,Sailboat,419,441,204,280
201806271257_049,37,94,Sailboat,480,517,190,284
201806271257_050,58,131,Sailboat,374,432,155,286
201806271257_051,83,160,Sailboat,304,387,136,296
201806271257_052,138,263,Sailboat,84,222,54,317
201806271257_047,15,13,Motorboat,742,757,264,277
201806271257_048,13,11,Motorboat,633,646,268,279
201806271257_049,22,15,Motorboat,733,755,267,282
201806271257_050,17,15,Motorboat,712,729,268,283
201806271257_051,25,11,Motorboat,768,793,272,283
201806271257_052,24,19,Motorboat,733,757,270,289
201806271257_053,24,17,Motorboat,737,761,274,291
201806271257_054,26,19,Motorboat,793,819,275,294
201806271257_055,32,23,Motorboat,866,898,279,302
201806271257_056,54,29,Motorboat,838,892,292,321
201806271257_057,65,65,Motorboat,989,1054,287,352
201806271257_053,24,14,Motorboat,712,736,276,290
201806271257_054,41,28,Motorboat,761,802,272,300
201806271257_055,39,27,Motorboat,827,866,280,307
201806271257_056,53,37,Motorboat,782,835,284,321
201806271257_057,86,57,Motorboat,895,981,295,352
201806271257_058,270,76,Passengership,928,1198,291,367
201806271257_057,34,38,Militaryship,827,861,254,292
201806271257_058,55,78,Militaryship,815,870,219,297
201806271257_056,40,60,Cruiseship,763,803,222,282
201806271257_057,31,87,Cruiseship,796,827,198,285
201806271257_058,54,119,Cruiseship,774,828,168,287
201806271257_047,64,86,Sailboat,745,809,185,271
201806271257_048,65,89,Sailboat,634,699,179,268
201806271257_049,74,101,Sailboat,737,811,174,275
201806271257_050,70,122,Sailboat,716,786,152,274
201806271257_051,44,142,Sailboat,781,825,135,277
201806271257_052,56,182,Sailboat,738,794,107,289
201806271257_053,108,185,Sailboat,729,837,89,274
201806271257_054,124,213,Sailboat,775,899,68,281
201806271257_055,75,261,Sailboat,854,929,22,283
201806271257_056,188,271,Sailboat,752,940,13,284
201806271257_057,182,285,Sailboat,861,1043,1,286
201806271257_058,275,307,Sailboat,890,1165,1,308
201806271257_008,9,4,Miscboat,477,486,273,277
201806271257_020,8,10,Miscboat,634,642,265,275
201806271257_020,13,12,Miscboat,620,633,264,276
201806271257_023,37,38,Passengership,798,835,280,318
201806271257_035,401,99,Passengership,781,1182,270,369
201806271257_047,138,113,Motorboat,1139,1277,321,434
201806271257_014,27,59,Sailboat,419,446,225,284
201806271257_014,13,46,Sailboat,446,459,236,282
201806271257_020,91,223,Sailboat,95,186,101,324
201806271257_048,170,362,Sailboat,904,1074,1,363
201806271257_047,129,221,Sailboat,885,1014,103,324
201806271257_039,37,26,Passengership,458,495,252,278
201806271257_019,75,51,Boat,889,964,339,390
201806271257_019,42,40,Boat,850,892,331,371
201806271257_019,33,25,Motorboat,777,810,298,323
201806271257_027,263,228,Motorboat,1015,1278,189,417
201806271257_024,10,6,Motorboat,502,512,282,288
201806271257_000,172,185,Militaryship,6,178,141,326
201806271257_025,181,209,Motorboat,975,1156,191,400
201806271257_024,32,47,Motorboat,790,822,268,315
201806271257_036,150,97,Motorboat,458,608,241,338
201806271257_046,42,48,Motorboat,383,425,241,289
201806271257_055,130,105,Miscboat,1096,1226,244,349
201806271257_058,102,198,Motorboat,1178,1280,323,521
201806271257_026,116,157,Miscboat,1152,1268,288,445
201806271257_024,104,315,Passengership,1176,1280,167,482
201806271327_000,140,150,Militaryship,706,846,170,320
201806271327_001,522,355,Militaryship,758,1280,68,423
201806271327_000,91,188,Cruiseship,611,702,104,292
201806271327_001,153,268,Cruiseship,607,760,37,305
201806271327_002,401,341,Cruiseship,732,1133,33,374
201806271327_003,407,466,Cruiseship,874,1281,1,467
201806271327_000,41,47,Passengership,449,490,238,285
201806271327_001,126,133,Passengership,223,349,178,311
201806271327_002,41,74,Militaryship,695,736,215,289
201806271327_003,63,89,Militaryship,785,848,206,295
201806271327_004,86,123,Militaryship,793,879,178,301
201806271327_005,139,164,Militaryship,736,875,147,311
201806271327_006,302,337,Militaryship,812,1114,42,379
201806271327_007,270,377,Militaryship,1012,1282,144,521
201806271327_004,24,58,Militaryship,769,793,232,290
201806271327_005,44,112,Militaryship,687,731,181,293
201806271327_006,92,161,Militaryship,719,811,146,307
201806271327_007,184,240,Militaryship,758,942,90,330
201806271327_008,333,374,Militaryship,840,1173,19,393
201806271327_009,75,127,Militaryship,971,1046,193,320
201806271327_010,151,222,Militaryship,1117,1268,150,372
201806271327_009,34,14,Militaryship,717,751,266,280
201806271327_010,40,11,Militaryship,640,680,270,281
201806271327_011,47,19,Militaryship,204,251,264,283
201806271327_012,59,29,Militaryship,40,99,262,291
201806271327_009,51,21,Motorboat,792,843,264,285
201806271327_010,54,19,Motorboat,727,781,264,283
201806271327_011,64,24,Motorboat,311,375,255,279
201806271327_012,53,27,Motorboat,217,270,257,284
201806271327_011,42,26,Motorboat,748,790,261,287
201806271327_012,116,80,Motorboat,368,484,231,311
201806271327_013,74,24,Militaryship,313,387,256,280
201806271327_014,98,36,Militaryship,145,243,250,286
201806271327_013,24,8,Boat,875,899,281,289
201806271327_014,25,8,Boat,776,801,282,290
201806271327_015,18,14,Boat,515,533,278,292
201806271327_016,23,11,Boat,261,284,289,300
201806271327_013,51,65,Militaryship,501,552,213,278
201806271327_014,73,79,Militaryship,400,473,205,284
201806271327_015,41,87,Militaryship,163,204,195,282
201806271327_012,83,59,Militaryship,883,966,225,284
201806271327_013,92,62,Militaryship,552,644,210,272
201806271327_014,141,81,Militaryship,443,584,198,279
201806271327_015,142,89,Militaryship,207,349,191,280
201806271327_016,148,144,Militaryship,17,165,179,323
201806271327_017,193,70,Militaryship,6,199,216,286
201806271327_013,24,20,Militaryship,841,865,267,287
201806271327_014,39,24,Militaryship,716,755,263,287
201806271327_015,66,58,Militaryship,410,476,238,296
201806271327_016,6,13,Seamark,497,503,265,278
201806271327_017,6,13,Seamark,481,487,266,279
201806271327_018,8,24,Seamark,392,400,257,281
201806271327_019,9,28,Seamark,215,224,261,289
201806271327_020,10,31,Seamark,152,162,264,295
201806271327_021,13,45,Seamark,33,46,259,304
201806271327_027,49,73,Militaryship,1008,1057,239,312
201806271327_028,128,141,Militaryship,1056,1184,192,333
201806271327_029,156,197,Militaryship,1100,1256,164,361
201806271327_023,18,12,Motorboat,483,501,264,276
201806271327_026,40,19,Motorboat,402,442,259,278
201806271327_028,44,28,Motorboat,211,255,257,285
201806271327_029,57,30,Motorboat,8,65,260,290
201806271327_026,20,26,Motorboat,446,466,253,279
201806271327_027,22,29,Motorboat,370,392,251,280
201806271327_028,32,33,Motorboat,264,296,251,284
201806271327_029,67,25,Motorboat,63,130,263,288
201806271327_023,32,16,Motorboat,515,547,258,274
201806271327_024,40,23,Motorboat,480,520,251,274
201806271327_025,46,25,Motorboat,531,577,252,277
201806271327_026,54,25,Motorboat,471,525,252,277
201806271327_027,63,36,Motorboat,398,461,244,280
201806271327_028,71,28,Motorboat,304,375,253,281
201806271327_029,85,43,Motorboat,139,224,244,287
201806271327_030,99,40,Motorboat,1,100,246,286
201806271327_029,15,13,Motorboat,640,655,279,292
201806271327_030,16,14,Motorboat,580,596,281,295
201806271327_031,24,25,Motorboat,352,376,276,301
201806271327_028,18,16,Motorboat,853,871,276,292
201806271327_029,17,18,Motorboat,754,771,273,291
201806271327_030,24,23,Motorboat,717,741,270,293
201806271327_031,32,30,Motorboat,565,597,267,297
201806271327_032,45,52,Motorboat,3,48,260,312
201806271327_031,79,152,Sailboat,729,808,156,308
201806271327_032,138,247,Sailboat,224,362,74,321
201806271327_034,103,41,Motorboat,862,965,266,307
201806271327_035,90,57,Motorboat,1185,1275,278,335
201806271327_036,221,58,Motorboat,1058,1279,291,349
201806271327_037,69,48,Militaryship,1142,1211,249,297
201806271327_038,80,59,Militaryship,1031,1111,232,291
201806271327_039,111,79,Militaryship,582,693,203,282
201806271327_040,165,91,Militaryship,455,620,191,282
201806271327_041,262,129,Militaryship,282,544,164,293
201806271327_042,147,239,Militaryship,2,149,71,310
201806271327_038,8,15,Seamark,1109,1117,290,305
201806271327_039,14,25,Seamark,792,806,272,297
201806271327_040,15,34,Seamark,815,830,272,306
201806271327_041,15,48,Seamark,908,923,276,324
201806271327_042,37,107,Seamark,1107,1144,275,382
201806271327_040,11,15,Motorboat,703,714,274,289
201806271327_041,15,8,Motorboat,653,668,281,289
201806271327_042,42,28,Motorboat,278,320,291,319
201806271327_046,18,14,Motorboat,347,365,268,282
201806271327_047,34,38,Motorboat,6,40,276,314
201806271327_045,8,17,Seamark,238,246,266,283
201806271327_046,9,19,Seamark,157,166,271,290
201806271327_047,10,7,Boat,342,352,275,282
201806271327_048,18,13,Boat,241,259,284,297
201806271327_044,6,12,Seamark,735,741,271,283
201806271327_045,10,20,Seamark,746,756,268,288
201806271327_046,9,24,Seamark,843,852,271,295
201806271327_047,13,39,Seamark,968,981,272,311
201806271327_048,17,51,Seamark,1093,1110,278,329
201806271327_049,26,81,Seamark,1252,1278,285,366
201806271327_049,3,10,Seamark,630,633,268,278
201806271327_050,8,20,Seamark,873,881,271,291
201806271327_051,8,19,Seamark,797,805,266,285
201806271327_052,7,17,Seamark,799,806,273,290
201806271327_050,5,13,Seamark,318,323,274,287
201806271327_051,8,17,Seamark,154,162,267,284
201806271327_052,10,24,Seamark,56,66,268,292
201806271327_049,5,17,Seamark,609,614,267,284
201806271327_050,10,20,Seamark,862,872,278,298
201806271327_051,10,25,Seamark,802,812,271,296
201806271327_052,13,29,Seamark,821,834,277,306
201806271327_053,15,47,Seamark,847,862,274,321
201806271327_054,34,102,Seamark,1038,1072,276,378
201806271327_053,7,16,Seamark,775,782,272,288
201806271327_054,9,23,Seamark,785,794,269,292
201806271327_055,10,26,Seamark,814,824,272,298
201806271327_056,18,50,Seamark,791,809,267,317
201806271327_057,40,116,Seamark,916,956,264,380
201806271327_059,11,67,Seamark,868,879,296,363
201806271327_060,37,157,Seamark,1222,1259,369,526
201806271327_010,29,12,Motorboat,244,273,263,275
201806271327_010,35,14,Motorboat,325,360,263,277
201806271327_013,37,15,Motorboat,537,574,263,278
201806271327_019,28,15,Motorboat,480,508,258,273
201806271327_034,55,17,Motorboat,1033,1088,289,306
201806271327_036,142,39,Motorboat,895,1037,279,318
201806271327_055,26,9,Boat,691,717,276,285
201806271327_058,15,9,Boat,818,833,287,296
201806271327_029,60,74,Sailboat,398,458,214,288
201806271327_034,43,187,Sailboat,1099,1142,136,323
201806271327_004,105,413,Cruiseship,1177,1282,10,423
201806271327_000,137,87,Passengership,1122,1259,299,386
201806271327_013,27,12,Motorboat,205,232,270,282
201806271327_013,22,9,Motorboat,243,265,273,282
201806271327_047,9,10,Boat,255,264,276,286
201806271327_053,62,22,Boat,611,673,294,316
201806271327_054,30,20,Boat,553,583,274,294
201806271327_057,132,56,Boat,65,197,309,365
201806271327_062,28,10,Boat,375,403,274,284
201806271327_061,26,7,Boat,459,485,276,283
201806271327_063,33,17,Boat,282,315,271,288
201806271327_000,166,143,Militaryship,936,1102,231,374
201806271327_000,73,73,Militaryship,862,935,269,342
201806271327_009,288,469,Militaryship,993,1281,51,520
201806271327_026,9,23,Seamark,106,115,265,288
201806271327_031,8,59,Seamark,1102,1110,297,356
201806271327_032,7,48,Seamark,414,421,289,337
201806271357_009,8,3,Boat,617,625,278,281
201806271357_010,9,5,Boat,415,424,284,289
201806271357_008,59,20,Boat,125,184,305,325
201806271357_009,24,11,Boat,490,514,287,298
201806271357_010,13,6,Boat,609,622,283,289
201806271357_011,7,6,Boat,677,684,279,285
201806271357_012,9,5,Boat,720,729,276,281
201806271357_011,14,10,Motorboat,947,961,275,285
201806271357_014,23,15,Motorboat,948,971,270,285
201806271357_019,19,37,Sailboat,391,410,241,278
201806271357_020,24,42,Sailboat,174,198,235,277
201806271357_021,13,49,Sailboat,240,253,233,282
201806271357_022,13,45,Sailboat,401,414,235,280
201806271357_023,18,54,Sailboat,433,451,227,281
201806271357_024,24,79,Sailboat,441,465,218,297
201806271357_025,25,81,Sailboat,425,450,213,294
201806271357_026,36,129,Sailboat,322,358,173,302
201806271357_020,15,9,Motorboat,610,625,273,282
201806271357_021,25,11,Motorboat,725,750,277,288
201806271357_022,23,9,Motorboat,950,973,286,295
201806271357_023,22,11,Motorboat,1066,1088,286,297
201806271357_024,17,12,Motorboat,1182,1199,296,308
201806271357_020,15,8,Motorboat,431,446,270,278
201806271357_021,32,11,Motorboat,522,554,271,282
201806271357_022,29,10,Motorboat,720,749,274,284
201806271357_023,26,9,Motorboat,795,821,277,286
201806271357_024,53,14,Motorboat,841,894,282,296
201806271357_025,48,13,Motorboat,961,1009,289,302
201806271357_026,58,23,Motorboat,1044,1102,289,312
201806271357_027,64,22,Motorboat,1052,1116,303,325
201806271357_020,19,9,Motorboat,456,475,270,279
201806271357_021,21,10,Motorboat,555,576,271,281
201806271357_022,24,7,Motorboat,753,777,279,286
201806271357_023,31,8,Motorboat,825,856,278,286
201806271357_024,31,15,Boat,901,932,290,305
201806271357_025,45,12,Motorboat,1018,1063,292,304
201806271357_026,58,20,Motorboat,1122,1180,297,317
201806271357_027,81,24,Motorboat,1139,1220,306,330
201806271357_022,14,8,Boat,672,686,276,284
201806271357_023,19,16,Boat,775,794,274,290
201806271357_025,44,142,Sailboat,257,301,162,304
201806271357_026,96,162,Sailboat,65,161,135,297
201806271357_019,13,50,Sailboat,328,341,227,277
201806271357_020,27,56,Sailboat,112,139,222,278
201806271357_022,26,65,Sailboat,332,358,216,281
201806271357_023,36,77,Sailboat,348,384,206,283
201806271357_024,25,98,Sailboat,371,396,192,290
201806271357_026,54,104,Sailboat,175,229,192,296
201806271357_020,26,60,Sailboat,146,172,219,279
201806271357_022,17,73,Sailboat,364,381,210,283
201806271357_023,18,84,Sailboat,388,406,201,285
201806271357_023,15,47,Sailboat,407,422,235,282
201806271357_024,31,71,Sailboat,425,456,219,290
201806271357_025,37,86,Sailboat,381,418,208,294
201806271357_026,41,244,Sailboat,620,661,67,311
201806271357_027,83,340,Sailboat,402,485,1,341
201806271357_020,20,53,Sailboat,233,253,224,277
201806271357_021,13,60,Sailboat,318,331,221,281
201806271357_022,15,64,Sailboat,488,503,218,282
201806271357_023,17,72,Sailboat,526,543,210,282
201806271357_025,26,118,Sailboat,542,568,176,294
201806271357_026,33,160,Sailboat,464,497,145,305
201806271357_027,87,270,Sailboat,198,285,60,330
201806271357_020,13,49,Sailboat,219,232,228,277
201806271357_021,13,53,Sailboat,292,305,225,278
201806271357_022,17,55,Sailboat,468,485,226,281
201806271357_023,26,68,Sailboat,498,524,213,281
201806271357_024,24,62,Sailboat,517,541,219,281
201806271357_025,18,111,Sailboat,513,531,186,297
201806271357_026,31,149,Sailboat,431,462,154,303
201806271357_019,16,44,Sailboat,413,429,234,278
201806271357_020,15,56,Sailboat,200,215,221,277
201806271357_021,18,46,Sailboat,273,291,234,280
201806271357_022,20,52,Sailboat,437,457,229,281
201806271357_023,21,58,Sailboat,474,495,225,283
201806271357_025,23,93,Sailboat,485,508,203,296
201806271357_026,35,165,Sailboat,392,427,137,302
201806271357_025,25,86,Sailboat,455,480,208,294
201806271357_026,25,133,Sailboat,363,388,169,302
201806271357_025,61,14,Motorboat,728,789,284,298
201806271357_026,106,35,Motorboat,739,845,289,324
201806271357_027,212,44,Motorboat,615,827,307,351
201806271357_023,13,74,Sailboat,564,577,209,283
201806271357_025,21,123,Sailboat,609,630,174,297
201806271357_026,30,184,Sailboat,543,573,122,306
201806271357_027,63,321,Sailboat,340,403,15,336
201806271357_020,17,60,Sailboat,318,335,219,279
201806271357_022,27,77,Sailboat,583,610,204,281
201806271357_023,42,78,Sailboat,637,679,205,283
201806271357_026,124,232,Sailboat,764,888,91,323
201806271357_019,11,55,Sailboat,514,525,223,278
201806271357_020,13,69,Sailboat,304,317,208,277
201806271357_022,21,82,Sailboat,556,577,197,279
201806271357_023,26,103,Sailboat,611,637,182,285
201806271357_025,36,161,Sailboat,677,713,133,294
201806271357_026,46,255,Sailboat,663,709,50,305
201806271357_027,92,345,Sailboat,486,578,1,346
201806271357_019,17,47,Sailboat,459,476,233,280
201806271357_020,13,48,Sailboat,255,268,229,277
201806271357_022,15,59,Sailboat,506,521,223,282
201806271357_023,14,73,Sailboat,547,561,209,282
201806271357_025,17,114,Sailboat,583,600,181,295
201806271357_026,37,172,Sailboat,502,539,133,305
201806271357_027,63,288,Sailboat,278,341,46,334
201806271357_019,17,49,Sailboat,481,498,231,280
201806271357_022,20,67,Sailboat,523,543,216,283
201806271357_023,20,78,Sailboat,579,599,206,284
201806271357_025,20,128,Sailboat,635,655,169,297
201806271357_026,36,198,Sailboat,577,613,110,308
201806271357_028,7,6,Seamark,546,553,273,279
201806271357_029,5,16,Seamark,756,761,267,283
201806271357_030,9,24,Seamark,582,591,262,286
201806271357_028,7,19,Seamark,812,819,266,285
201806271357_029,10,24,Seamark,1093,1103,271,295
201806271357_030,12,36,Seamark,1102,1114,272,308
201806271357_031,6,17,Seamark,426,432,264,281
201806271357_032,8,24,Seamark,107,115,266,290
201806271357_032,4,13,Seamark,888,892,264,277
201806271357_033,5,12,Seamark,797,802,264,276
201806271357_035,4,14,Seamark,744,748,264,278
201806271357_036,6,15,Seamark,746,752,266,281
201806271357_037,8,16,Seamark,727,735,267,283
201806271357_038,10,31,Seamark,744,754,261,292
201806271357_039,17,52,Seamark,784,801,262,314
201806271357_040,62,210,Seamark,1125,1187,269,479
201806271357_031,6,19,Seamark,934,940,269,288
201806271357_032,9,27,Seamark,804,813,264,291
201806271357_033,18,50,Seamark,752,770,261,311
201806271357_034,46,165,Seamark,992,1038,258,423
201806271357_032,15,16,Motorboat,707,722,258,274
201806271357_033,28,26,Motorboat,503,531,251,277
201806271357_034,64,38,Motorboat,201,265,250,288
201806271357_036,5,13,Seamark,240,245,265,278
201806271357_037,6,14,Seamark,126,132,266,280
201806271357_035,30,12,Motorboat,537,567,258,270
201806271357_036,31,14,Motorboat,451,482,260,274
201806271357_037,39,17,Motorboat,289,328,261,278
201806271357_036,17,11,Motorboat,693,710,262,273
201806271357_037,18,14,Motorboat,620,638,260,274
201806271357_038,22,19,Motorboat,539,561,259,278
201806271357_039,22,7,Motorboat,579,601,266,273
201806271357_040,17,7,Motorboat,684,701,267,274
201806271357_041,18,8,Motorboat,708,726,269,277
201806271357_042,16,7,Motorboat,768,784,270,277
201806271357_043,16,10,Motorboat,901,917,271,281
201806271357_044,15,9,Motorboat,872,887,274,283
201806271357_045,14,8,Motorboat,938,952,274,282
201806271357_046,14,10,Motorboat,1101,1115,278,288
201806271357_047,13,9,Motorboat,1085,1098,277,286
201806271357_048,12,8,Motorboat,1001,1013,276,284
201806271357_039,61,43,Passengership,312,373,253,296
201806271357_040,34,13,Passengership,896,930,262,275
201806271357_041,56,15,Passengership,672,728,260,275
201806271357_042,53,24,Passengership,429,482,253,277
201806271357_043,114,63,Passengership,90,204,232,295
201806271357_043,31,20,Miscboat,1247,1278,273,293
201806271357_044,85,37,Miscboat,1190,1275,257,294
201806271357_039,5,13,Seamark,857,862,266,279
201806271357_040,6,17,Seamark,837,843,264,281
201806271357_041,6,18,Seamark,773,779,265,283
201806271357_042,10,28,Seamark,737,747,262,290
201806271357_043,16,39,Seamark,817,833,265,304
201806271357_044,37,133,Seamark,847,884,258,391
201806271357_032,12,25,Cruiseship,889,901,245,270
201806271357_033,13,28,Cruiseship,779,792,240,268
201806271357_034,14,31,Cruiseship,722,736,238,269
201806271357_035,17,30,Cruiseship,687,704,238,268
201806271357_036,19,33,Cruiseship,674,693,237,270
201806271357_037,21,31,Cruiseship,635,656,237,268
201806271357_038,21,37,Cruiseship,620,641,231,268
201806271357_039,23,41,Cruiseship,581,604,228,269
201806271357_040,23,41,Cruiseship,510,533,226,267
201806271357_041,25,47,Cruiseship,383,408,223,270
201806271357_042,32,60,Cruiseship,285,317,214,274
201806271357_043,35,54,Cruiseship,247,282,218,272
201806271357_044,33,63,Cruiseship,24,57,214,277
201806271357_045,5,11,Seamark,969,974,278,289
201806271357_046,6,12,Seamark,1145,1151,287,299
201806271357_047,7,13,Seamark,1182,1189,290,303
201806271357_048,7,26,Seamark,1189,1196,293,319
201806271357_045,5,20,Seamark,744,749,273,293
201806271357_046,6,28,Seamark,877,883,277,305
201806271357_047,15,44,Seamark,886,901,276,320
201806271357_048,14,73,Seamark,874,888,289,362
201806271357_045,7,20,Seamark,774,781,265,285
201806271357_046,7,23,Seamark,890,897,267,290
201806271357_047,8,30,Seamark,858,866,263,293
201806271357_048,14,40,Seamark,751,765,261,301
201806271357_049,16,52,Seamark,776,792,262,314
201806271357_050,43,160,Seamark,971,1014,254,414
201806271357_051,11,55,Seamark,1011,1022,305,360
201806271357_044,18,8,Miscboat,609,627,266,274
201806271357_045,20,9,Miscboat,531,551,264,273
201806271357_046,27,9,Miscboat,583,610,269,278
201806271357_047,30,10,Miscboat,494,524,268,278
201806271357_048,33,11,Miscboat,315,348,270,281
201806271357_049,44,20,Miscboat,236,280,266,286
201806271357_050,62,28,Miscboat,54,116,268,296
201806271357_048,3,15,Seamark,944,947,276,291
201806271357_049,2,15,Seamark,980,982,278,293
201806271357_050,3,21,Seamark,1110,1113,291,312
201806271357_048,9,6,Motorboat,1039,1048,275,281
201806271357_049,10,7,Motorboat,1041,1051,276,283
201806271357_050,10,9,Motorboat,1113,1123,277,286
201806271357_041,82,32,Militaryship,1072,1154,249,281
201806271357_042,86,33,Militaryship,1061,1147,245,278
201806271357_043,97,40,Militaryship,1124,1221,248,288
201806271357_044,103,61,Militaryship,1037,1140,224,285
201806271357_045,117,52,Militaryship,1048,1165,239,291
201806271357_046,76,56,Militaryship,1201,1277,239,295
201806271357_047,85,77,Militaryship,1193,1278,223,300
201806271357_048,132,78,Militaryship,1144,1276,227,305
201806271357_049,119,91,Militaryship,1152,1271,212,303
201806271357_050,12,48,Sailboat,1018,1030,236,284
201806271357_051,17,66,Sailboat,491,508,218,284
201806271357_052,30,89,Sailboat,332,362,207,296
201806271357_053,74,255,Sailboat,134,208,78,333
201806271357_053,59,14,Motorboat,957,1016,270,284
201806271357_054,69,17,Motorboat,996,1065,272,289
201806271357_055,85,24,Motorboat,1087,1172,268,292
201806271357_058,23,7,Motorboat,1064,1087,277,284
201806271357_059,25,15,Motorboat,1249,1274,277,292
201806271357_057,56,36,Miscboat,81,137,254,290
201806271357_058,44,38,Miscboat,25,69,257,295
201806271357_059,69,59,Miscboat,11,80,246,305
201806271357_060,67,48,Militaryship,24,91,244,292
201806271357_058,36,61,Sailboat,956,992,223,284
201806271357_059,37,76,Sailboat,1145,1182,213,289
201806271357_058,12,8,Motorboat,932,944,275,283
201806271357_059,31,14,Motorboat,1103,1134,275,289
201806271357_057,21,20,Motorboat,804,825,260,280
201806271357_058,22,18,Motorboat,865,887,262,280
201806271357_059,31,29,Motorboat,1037,1068,259,288
201806271357_005,10,9,Motorboat,909,919,274,283
201806271357_020,32,19,Motorboat,1224,1256,290,309
201806271357_041,16,8,Motorboat,1055,1071,270,278
201806271357_052,108,46,Motorboat,991,1099,258,304
201806271357_055,60,24,Motorboat,1022,1082,263,287
201806271357_058,27,11,Motorboat,1089,1116,273,284
201806271357_020,13,36,Sailboat,335,348,242,278
201806271357_026,47,125,Sailboat,232,279,173,298
201806271357_019,23,43,Sailboat,431,454,237,280
201806271357_026,22,93,Sailboat,282,304,205,298
201806271357_026,32,248,Sailboat,9,41,76,324
201806271357_001,35,26,Boat,280,315,284,310
201806271357_044,17,9,Motorboat,450,467,273,282
201806271357_051,26,11,Motorboat,126,152,286,297
201806271357_052,64,56,Militaryship,1094,1158,259,315
201806271357_051,308,180,Militaryship,973,1281,145,325
201806271357_018,11,6,Motorboat,131,142,273,279
201806271357_051,8,5,Motorboat,689,697,273,278
201806271357_054,11,7,Motorboat,774,785,270,277
201806271357_018,8,18,Seamark,83,91,267,285
201806271357_018,5,8,Seamark,60,65,269,277
201806271357_018,5,13,Seamark,355,360,266,279
201806271357_030,6,13,Seamark,1040,1046,271,284
201806271357_051,4,16,Seamark,780,784,272,288
201806271357_054,6,38,Seamark,983,989,274,312
201806271357_057,10,17,Seamark,751,761,266,283
201806271357_052,107,58,Passengership,1168,1275,281,339
201806271427_000,49,61,Cruiseship,170,219,219,280
201806271427_001,75,111,Cruiseship,290,365,169,280
201806271427_002,115,96,Cruiseship,288,403,188,284
201806271427_003,177,126,Cruiseship,189,366,164,290
201806271427_004,251,318,Cruiseship,-2,249,5,323
201806271427_002,17,47,Militaryship,400,417,229,276
201806271427_003,47,47,Militaryship,377,424,229,276
201806271427_004,70,81,Militaryship,237,307,208,289
201806271427_005,146,100,Militaryship,51,197,206,306
201806271427_001,25,41,Militaryship,365,390,234,275
201806271427_002,24,45,Militaryship,417,441,230,275
201806271427_004,71,80,Militaryship,307,378,207,287
201806271427_005,129,101,Militaryship,195,324,204,305
201806271427_006,203,58,Militaryship,1,204,268,326
201806271427_005,44,26,Militaryship,323,367,264,290
201806271427_006,77,44,Militaryship,211,288,256,300
201806271427_004,33,21,Miscboat,395,428,259,280
201806271427_005,43,28,Miscboat,370,413,260,288
201806271427_006,69,35,Miscboat,297,366,261,296
201806271427_007,12,12,Boat,507,519,275,287
201806271427_008,26,9,Boat,355,381,294,303
201806271427_006,23,16,Passengership,504,527,265,281
201806271427_007,52,25,Passengership,369,421,266,291
201806271427_008,77,31,Passengership,213,290,270,301
201806271427_009,44,33,Passengership,-1,43,310,343
201806271427_009,113,48,Passengership,34,147,270,318
201806271427_005,14,12,Passengership,518,532,265,277
201806271427_006,20,12,Passengership,531,551,267,279
201806271427_007,30,23,Passengership,424,454,262,285
201806271427_008,44,24,Passengership,313,357,269,293
201806271427_009,99,40,Passengership,124,223,279,319
201806271427_000,39,89,Sailboat,215,254,184,273
201806271427_001,40,108,Sailboat,389,429,162,270
201806271427_002,74,124,Sailboat,433,507,146,270
201806271427_003,90,140,Sailboat,423,513,130,270
201806271427_004,70,149,Sailboat,412,482,125,274
201806271427_005,155,231,Sailboat,361,516,51,282
201806271427_006,176,284,Sailboat,325,501,4,288
201806271427_007,369,314,Sailboat,9,378,1,315
201806271427_008,219,334,Sailboat,4,223,3,337
201806271427_001,16,29,Sailboat,494,510,241,270
201806271427_002,21,39,Sailboat,575,596,234,273
201806271427_003,20,36,Sailboat,585,605,234,270
201806271427_004,19,34,Sailboat,597,616,236,270
201806271427_005,20,38,Sailboat,643,663,235,273
201806271427_006,30,59,Sailboat,684,714,220,279
201806271427_007,28,55,Sailboat,631,659,221,276
201806271427_008,32,55,Sailboat,600,632,220,275
201806271427_009,51,136,Sailboat,661,712,150,286
201806271427_010,61,161,Sailboat,724,785,129,290
201806271427_011,103,253,Sailboat,787,890,57,310
201806271427_012,263,116,Sailboat,1017,1280,265,381
201806271427_012,32,7,Motorboat,405,437,273,280
201806271427_013,33,9,Motorboat,324,357,277,286
201806271427_010,35,11,Ferry,554,589,257,268
201806271427_011,38,12,Ferry,513,551,258,270
201806271427_012,36,13,Motorboat,488,524,261,274
201806271427_013,40,14,Motorboat,441,481,262,276
201806271427_014,67,20,Motorboat,369,436,261,281
201806271427_015,101,21,Motorboat,284,385,265,286
201806271427_016,112,170,Sailboat,158,270,129,299
201806271427_017,93,173,Sailboat,27,120,138,311
201806271427_011,50,50,Sailboat,420,470,226,276
201806271427_012,43,61,Sailboat,437,480,217,278
201806271427_015,104,41,Motorboat,277,381,248,289
201806271427_013,38,75,Sailboat,358,396,207,282
201806271427_014,65,83,Sailboat,241,306,207,290
201806271427_015,81,29,Motorboat,57,138,279,308
201806271427_014,57,90,Sailboat,307,364,196,286
201806271427_015,92,18,Motorboat,157,249,279,297
201806271427_011,10,8,Boat,635,645,267,275
201806271427_012,12,10,Boat,678,690,268,278
201806271427_013,13,11,Boat,667,680,269,280
201806271427_014,18,15,Boat,667,685,267,282
201806271427_015,20,16,Boat,688,708,272,288
201806271427_016,42,32,Boat,834,876,300,332
201806271427_014,17,10,Boat,676,693,276,286
201806271427_015,36,19,Boat,691,727,276,295
201806271427_016,59,42,Boat,851,910,294,336
201806271427_017,125,185,Boat,1149,1274,333,518
201806271427_011,33,48,Sailboat,470,503,226,274
201806271427_012,43,63,Sailboat,483,526,213,276
201806271427_013,42,61,Sailboat,447,489,214,275
201806271427_014,45,65,Sailboat,413,458,210,275
201806271427_014,17,21,Militaryship,481,498,248,269
201806271427_015,20,15,Militaryship,479,499,255,270
201806271427_016,89,26,Ferry,448,537,252,278
201806271427_017,96,34,Ferry,437,533,248,282
201806271427_018,30,20,Militaryship,484,514,252,272
201806271427_019,61,36,Militaryship,425,486,246,282
201806271427_020,55,33,Militaryship,508,563,248,281
201806271427_021,66,42,Militaryship,465,531,243,285
201806271427_022,123,109,Militaryship,144,267,199,308
201806271427_018,112,33,Ferry,562,674,255,288
201806271427_019,161,47,Ferry,656,817,253,300
201806271427_020,284,85,Ferry,823,1107,246,331
201806271427_021,84,49,Passengership,1048,1132,270,319
201806271427_016,12,13,Motorboat,580,592,260,273
201806271427_018,26,18,Motorboat,531,557,265,283
201806271427_019,51,39,Motorboat,378,429,266,305
201806271427_022,123,77,Motorboat,1121,1244,275,352
201806271427_016,22,30,Motorboat,787,809,279,309
201806271427_017,60,74,Motorboat,875,935,298,372
201806271427_013,41,63,Passengership,694,735,224,287
201806271427_014,61,70,Passengership,715,776,225,295
201806271427_015,121,101,Passengership,767,888,227,328
201806271427_018,172,43,Motorboat,2,174,264,307
201806271427_014,26,17,Passengership,638,664,255,272
201806271427_015,27,22,Passengership,655,682,252,274
201806271427_016,42,35,Passengership,711,753,246,281
201806271427_017,47,51,Passengership,676,723,238,289
201806271427_018,73,68,Passengership,763,836,227,295
201806271427_019,156,209,Passengership,815,971,121,330
201806271427_020,155,395,Passengership,1117,1272,23,418
201806271427_017,26,30,Passengership,650,676,250,280
201806271427_018,30,38,Passengership,732,762,245,283
201806271427_018,40,25,Miscboat,338,378,257,282
201806271427_019,74,90,Miscboat,193,267,204,294
201806271427_020,120,50,Miscboat,91,211,258,308
201806271427_021,28,28,Motorboat,910,938,261,289
201806271427_022,56,51,Motorboat,817,873,246,297
201806271427_023,125,59,Motorboat,875,1000,253,312
201806271427_020,12,10,Motorboat,660,672,260,270
201806271427_021,13,11,Motorboat,654,667,261,272
201806271427_022,24,18,Motorboat,479,503,259,277
201806271427_023,26,13,Motorboat,387,413,266,279
201806271427_024,34,22,Motorboat,308,342,266,288
201806271427_025,69,37,Motorboat,13,82,272,309
201806271427_020,16,12,Miscboat,706,722,258,270
201806271427_021,18,13,Miscboat,706,724,257,270
201806271427_022,20,14,Miscboat,543,563,256,270
201806271427_023,26,20,Miscboat,475,501,255,275
201806271427_024,35,16,Miscboat,438,473,264,280
201806271427_025,67,33,Miscboat,263,330,258,291
201806271427_026,101,36,Miscboat,146,247,264,300
201806271427_027,67,36,Motorboat,56,123,272,308
201806271427_026,34,16,Boat,249,283,281,297
201806271427_027,61,19,Boat,10,71,298,317
201806271427_026,22,17,Motorboat,296,318,274,291
201806271427_027,41,23,Motorboat,118,159,281,304
201806271427_026,19,19,Motorboat,319,338,274,293
201806271427_027,37,20,Motorboat,150,187,284,304
201806271427_028,83,27,Motorboat,922,1005,283,310
201806271427_029,93,26,Motorboat,802,895,285,311
201806271427_032,43,33,Motorboat,367,410,255,288
201806271427_033,70,40,Motorboat,190,260,255,295
201806271427_031,27,30,Passengership,213,240,252,282
201806271427_032,38,32,Passengership,818,856,258,290
201806271427_033,36,31,Passengership,798,834,262,293
201806271427_034,66,62,Passengership,792,858,246,308
201806271427_035,132,101,Passengership,898,1030,233,334
201806271427_032,42,21,Militaryship,464,506,257,278
201806271427_033,58,29,Militaryship,350,408,251,280
201806271427_034,76,38,Militaryship,190,266,245,283
201806271427_035,123,58,Militaryship,40,163,240,298
201806271427_036,115,41,Passengership,2,117,261,302
201806271427_035,46,36,Passengership,301,347,245,281
201806271427_036,87,44,Passengership,134,221,246,290
201806271427_032,24,15,Passengership,539,563,259,274
201806271427_033,26,16,Passengership,457,483,254,270
201806271427_034,32,19,Passengership,356,388,249,268
201806271427_035,40,36,Passengership,354,394,241,277
201806271427_036,67,45,Passengership,235,302,238,283
201806271427_037,116,72,Passengership,25,141,228,300
201806271427_035,25,48,Sailboat,721,746,234,282
201806271427_036,47,73,Sailboat,755,802,219,292
201806271427_037,62,114,Ferry,736,798,185,299
201806271427_038,128,140,Ferry,878,1006,188,328
201806271427_036,90,22,Ferry,550,640,261,283
201806271427_037,130,36,Ferry,374,504,251,287
201806271427_038,196,39,Ferry,198,394,264,303
201806271427_038,22,20,Passengership,529,551,254,274
201806271427_039,41,35,Passengership,535,576,249,284
201806271427_040,109,65,Passengership,396,505,235,300
201806271427_041,48,21,Motorboat,254,302,278,299
201806271427_041,268,108,Motorboat,1010,1278,294,402
201806271427_042,219,79,Motorboat,886,1105,284,363
201806271427_043,177,357,Sailboat,1012,1189,1,358
201806271427_038,75,23,Motorboat,680,755,273,296
201806271427_039,70,31,Motorboat,785,855,273,304
201806271427_040,173,39,Motorboat,891,1064,305,344
201806271427_035,59,21,Ferry,655,714,259,280
201806271427_036,64,30,Passengership,333,397,246,276
201806271427_037,85,46,Passengership,209,294,231,277
201806271427_038,109,136,Passengership,154,263,157,293
201806271427_039,121,79,Passengership,2,123,228,307
201806271427_038,98,144,Sailboat,659,757,143,287
201806271427_039,121,177,Sailboat,727,848,122,299
201806271427_040,155,290,Sailboat,815,970,40,330
201806271427_041,192,368,Sailboat,911,1103,1,369
201806271427_042,255,94,Motorboat,985,1240,284,378
201806271427_041,34,20,Motorboat,370,404,268,288
201806271427_042,51,32,Motorboat,173,224,271,303
201806271427_042,124,192,Sailboat,812,936,117,309
201806271427_043,119,380,Sailboat,1122,1241,0,380
201806271427_046,40,46,Motorboat,298,338,243,289
201806271427_047,70,52,Motorboat,86,156,254,306
201806271427_044,37,47,Sailboat,526,563,226,273
201806271427_045,62,78,Sailboat,407,469,199,277
201806271427_046,57,145,Sailboat,340,397,139,284
201806271427_047,106,229,Sailboat,166,272,72,301
201806271427_044,55,110,Sailboat,783,838,157,267
201806271427_045,65,126,Sailboat,719,784,144,270
201806271427_046,73,141,Sailboat,703,776,133,274
201806271427_047,96,162,Sailboat,713,809,104,266
201806271427_017,163,117,Motorboat,983,1146,323,440
201806271427_017,52,41,Motorboat,796,848,296,337
201806271427_026,91,97,Motorboat,1013,1104,255,352
201806271427_029,138,38,Miscboat,6,144,262,300
201806271427_035,60,38,Motorboat,162,222,251,289
201806271427_041,40,19,Motorboat,325,365,270,289
201806271427_047,20,12,Motorboat,740,760,268,280
201806271427_047,15,14,Motorboat,721,736,265,279
201806271427_047,16,15,Motorboat,702,718,263,278
201806271427_047,12,12,Motorboat,570,582,269,281
201806271427_017,86,189,Sailboat,187,273,111,300
201806271427_017,60,173,Sailboat,120,180,131,304
201806271427_012,139,93,Miscboat,936,1075,232,325
201806271427_021,133,95,Passengership,1147,1280,251,346
201806271427_030,145,46,Passengership,842,987,267,313
201806271427_040,106,131,Passengership,399,505,183,314
201806271427_016,29,41,Motorboat,807,836,279,320
201806271427_019,80,22,Boat,70,150,292,314
201806271427_030,89,48,Motorboat,29,118,306,354
201806271427_040,73,83,Boat,1207,1280,392,475
201806271427_042,44,29,Motorboat,90,134,278,307
201806271427_042,41,20,Motorboat,138,179,285,305
201806271427_001,122,154,Militaryship,91,213,152,306
201806271427_000,53,97,Militaryship,116,169,195,292
201806271427_000,103,102,Militaryship,6,109,206,308
201806271427_022,136,150,Militaryship,971,1107,176,326
201806271427_018,47,34,Motorboat,173,220,272,306
201806271427_024,28,12,Miscboat,571,599,262,274
201806271427_031,132,91,Motorboat,725,857,268,359
201806271427_043,84,83,Miscboat,220,304,219,302
201806271427_039,14,13,Motorboat,470,484,263,276
201806271427_039,18,14,Motorboat,449,467,262,276
201806271427_039,20,7,Motorboat,424,444,269,276
201806271427_005,19,5,Ferry,536,555,263,268
201806271427_009,57,41,Sailboat,657,714,236,277
201806271427_039,116,28,Boat,824,940,306,334
201806271427_042,48,18,Boat,227,275,280,298
201806271427_042,39,38,Motorboat,346,385,245,283
201806271457_001,57,41,Motorboat,802,859,272,313
201806271457_002,118,110,Motorboat,1006,1124,266,376
201806271457_000,143,262,Sailboat,771,914,26,288
201806271457_001,192,203,Sailboat,721,913,78,281
201806271457_002,284,322,Sailboat,806,1090,1,323
201806271457_003,418,404,Sailboat,863,1281,3,407
201806271457_004,140,265,Sailboat,1135,1275,138,403
201806271457_001,51,38,Motorboat,744,795,278,316
201806271457_002,112,155,Motorboat,890,1002,231,386
201806271457_005,324,233,Militaryship,805,1129,117,350
201806271457_006,254,304,Militaryship,1026,1280,114,418
201806271457_002,41,73,Militaryship,846,887,215,288
201806271457_003,106,88,Militaryship,835,941,205,293
201806271457_004,103,75,Militaryship,828,931,231,306
201806271457_002,74,89,Cruiseship,819,893,195,284
201806271457_003,90,133,Cruiseship,780,870,148,281
201806271457_004,76,105,Cruiseship,745,821,181,286
201806271457_005,181,228,Cruiseship,667,848,73,301
201806271457_006,295,226,Cruiseship,703,998,94,320
201806271457_007,507,405,Cruiseship,769,1276,4,409
201806271457_008,339,478,Cruiseship,942,1281,1,479
201806271457_008,25,71,Sailboat,532,557,216,287
201806271457_009,45,147,Sailboat,328,373,163,310
201806271457_006,57,69,Militaryship,647,704,209,278
201806271457_007,53,83,Militaryship,701,754,201,284
201806271457_008,78,123,Militaryship,759,837,177,300
201806271457_009,98,85,Militaryship,769,867,214,299
201806271457_010,197,215,Militaryship,757,954,115,330
201806271457_011,406,439,Militaryship,875,1281,1,440
201806271457_008,48,90,Militaryship,736,784,194,284
201806271457_009,54,96,Militaryship,731,785,184,280
201806271457_010,59,129,Militaryship,695,754,164,293
201806271457_011,136,203,Militaryship,757,893,123,326
201806271457_012,192,165,Militaryship,879,1071,168,333
201806271457_013,284,407,Militaryship,985,1269,13,420
201806271457_014,98,174,Militaryship,1077,1175,165,339
201806271457_015,281,162,Miscboat,906,1187,205,367
201806271457_005,11,10,Boat,575,586,268,278
201806271457_006,12,11,Boat,569,581,268,279
201806271457_007,13,12,Boat,592,605,267,279
201806271457_008,11,13,Boat,656,667,270,283
201806271457_009,11,13,Boat,660,671,270,283
201806271457_010,12,14,Boat,588,600,268,282
201806271457_011,12,10,Boat,537,549,269,279
201806271457_015,140,399,Militaryship,1141,1281,37,436
201806271457_016,57,23,Motorboat,350,407,256,279
201806271457_017,43,33,Motorboat,1,44,253,286
201806271457_017,40,31,Passengership,803,843,252,283
201806271457_018,46,34,Passengership,719,765,257,291
201806271457_019,151,75,Passengership,269,420,237,312
201806271457_014,49,80,Boat,167,216,321,401
201806271457_015,26,20,Boat,379,405,287,307
201806271457_016,12,17,Boat,892,904,286,303
201806271457_017,12,16,Boat,812,824,280,296
201806271457_018,10,12,Boat,900,910,283,295
201806271457_019,8,10,Boat,844,852,273,283
201806271457_020,7,9,Boat,672,679,268,277
201806271457_021,2,6,Seamark,242,244,265,271
201806271457_022,6,15,Seamark,228,234,260,275
201806271457_023,5,14,Seamark,151,156,263,277
201806271457_024,2,18,Seamark,63,65,263,281
201806271457_019,109,67,Militaryship,535,644,209,276
201806271457_020,156,96,Militaryship,253,409,177,273
201806271457_021,143,101,Militaryship,2,145,173,274
201806271457_020,7,15,Seamark,542,549,261,276
201806271457_021,15,22,Seamark,296,311,254,276
201806271457_022,8,28,Seamark,272,280,260,288
201806271457_023,7,25,Seamark,175,182,263,288
201806271457_024,3,23,Seamark,42,45,272,295
201806271457_021,3,6,Seamark,208,211,259,265
201806271457_022,8,15,Seamark,212,220,255,270
201806271457_023,7,14,Seamark,158,165,257,271
201806271457_024,2,10,Seamark,106,108,262,272
201806271457_025,9,18,Seamark,113,122,258,276
201806271457_026,8,16,Seamark,106,114,260,276
201806271457_021,4,6,Miscellaneous,481,485,267,273
201806271457_022,4,7,Boat,507,511,264,271
201806271457_024,2,6,Miscellaneous,365,367,266,272
201806271457_014,60,87,Boat,485,545,333,420
201806271457_015,17,23,Boat,662,679,283,306
201806271457_016,11,13,Boat,977,988,286,299
201806271457_017,12,14,Boat,868,880,277,291
201806271457_018,11,9,Boat,935,946,282,291
201806271457_019,12,10,Boat,859,871,276,286
201806271457_020,6,10,Boat,661,667,269,279
201806271457_021,6,10,Boat,484,490,266,276
201806271457_022,7,11,Boat,505,512,266,277
201806271457_023,7,10,Boat,434,441,263,273
201806271457_024,10,12,Boat,360,370,264,276
201806271457_025,9,11,Boat,352,361,264,275
201806271457_026,8,10,Boat,340,348,264,274
201806271457_023,8,9,Boat,399,407,263,272
201806271457_024,9,10,Boat,321,330,263,273
201806271457_025,24,13,Boat,347,371,260,273
201806271457_026,8,12,Boat,330,338,263,275
201806271457_021,4,15,Seamark,388,392,257,272
201806271457_022,5,15,Seamark,388,393,259,274
201806271457_023,10,24,Seamark,324,334,255,279
201806271457_024,5,22,Seamark,252,257,258,280
201806271457_025,6,25,Seamark,229,235,259,284
201806271457_026,18,40,Seamark,177,195,253,293
201806271457_027,10,35,Seamark,5,15,259,294
201806271457_029,6,17,Seamark,421,427,256,273
201806271457_030,3,12,Seamark,396,399,259,271
201806271457_032,12,26,Seamark,134,146,255,281
201806271457_033,9,23,Seamark,102,111,260,283
201806271457_034,134,28,Ferry,245,379,256,284
201806271457_035,59,38,Motorboat,107,166,248,286
201806271457_032,40,38,Passengership,405,445,235,273
201806271457_033,54,21,Ferry,458,512,256,277
201806271457_034,65,26,Passengership,392,457,246,272
201806271457_035,96,72,Passengership,214,310,210,282
201806271457_035,29,34,Motorboat,804,833,254,288
201806271457_036,20,19,Motorboat,693,713,264,283
201806271457_037,44,32,Motorboat,453,497,263,295
201806271457_035,46,64,Sailboat,897,943,226,290
201806271457_036,55,75,Sailboat,799,854,212,287
201806271457_037,104,169,Sailboat,627,731,135,304
201806271457_039,72,26,Motorboat,684,756,281,307
201806271457_040,111,44,Motorboat,926,1037,276,320
201806271457_044,19,41,Seamark,1019,1038,281,322
201806271457_045,15,51,Seamark,1048,1063,281,332
201806271457_044,17,34,Seamark,355,372,258,292
201806271457_045,8,30,Seamark,70,78,265,295
201806271457_043,14,9,Motorboat,1068,1082,283,292
201806271457_044,27,17,Motorboat,769,796,276,293
201806271457_045,51,16,Motorboat,328,379,277,293
201806271457_044,7,16,Seamark,916,923,277,293
201806271457_045,10,22,Seamark,765,775,268,290
201806271457_046,9,20,Seamark,554,563,265,285
201806271457_047,8,18,Seamark,510,518,266,284
201806271457_048,6,15,Seamark,411,417,270,285
201806271457_049,5,14,Seamark,319,324,272,286
201806271457_050,10,30,Seamark,222,232,262,292
201806271457_051,9,32,Seamark,36,45,267,299
201806271457_044,7,17,Seamark,1142,1149,286,303
201806271457_045,11,23,Seamark,1026,1037,275,298
201806271457_046,10,21,Seamark,857,867,272,293
201806271457_047,9,19,Seamark,855,864,274,293
201806271457_048,6,16,Seamark,813,819,274,290
201806271457_049,5,15,Seamark,796,801,277,292
201806271457_050,13,35,Seamark,819,832,267,302
201806271457_051,9,32,Seamark,871,880,275,307
201806271457_052,17,45,Seamark,1013,1030,285,330
201806271457_053,19,83,Seamark,1262,1281,293,376
201806271457_044,13,11,Sailboat,1006,1019,281,292
201806271457_045,14,12,Sailboat,849,863,275,287
201806271457_046,15,13,Sailboat,628,643,269,282
201806271457_047,25,22,Sailboat,576,601,261,283
201806271457_048,29,25,Sailboat,466,495,257,282
201806271457_049,46,53,Sailboat,335,381,232,285
201806271457_050,121,102,Sailboat,78,199,204,306
201806271457_047,7,19,Seamark,525,532,260,279
201806271457_050,6,19,Seamark,322,328,261,280
201806271457_051,3,15,Seamark,244,247,267,282
201806271457_052,3,16,Seamark,183,186,268,284
201806271457_053,9,19,Seamark,179,188,268,287
201806271457_054,4,19,Seamark,178,182,268,287
201806271457_047,6,20,Seamark,744,750,265,285
201806271457_050,6,14,Seamark,628,634,267,281
201806271457_051,3,11,Seamark,597,600,269,280
201806271457_052,3,9,Seamark,601,604,272,281
201806271457_053,7,16,Seamark,648,655,269,285
201806271457_054,3,12,Seamark,708,711,271,283
201806271457_055,4,11,Seamark,711,715,274,285
201806271457_056,11,23,Seamark,768,779,270,293
201806271457_057,4,24,Seamark,757,761,267,291
201806271457_058,8,22,Seamark,818,826,276,298
201806271457_059,17,42,Seamark,785,802,265,307
201806271457_060,14,44,Seamark,836,850,276,320
201806271457_061,26,85,Seamark,855,881,272,357
201806271457_050,8,16,Seamark,618,626,268,284
201806271457_051,5,13,Seamark,588,593,270,283
201806271457_052,6,14,Seamark,581,587,272,286
201806271457_053,9,24,Seamark,627,636,268,292
201806271457_054,4,23,Seamark,687,691,269,292
201806271457_055,7,22,Seamark,687,694,274,296
201806271457_056,17,46,Seamark,749,766,269,315
201806271457_057,19,66,Seamark,793,812,264,330
201806271457_058,43,157,Seamark,1084,1127,281,438
201806271457_059,6,14,Seamark,778,784,279,293
201806271457_060,2,14,Seamark,785,787,281,295
201806271457_062,8,36,Seamark,749,757,282,318
201806271457_063,6,52,Seamark,814,820,297,349
201806271457_064,23,118,Seamark,989,1012,338,456
201806271457_062,7,8,Boat,550,557,270,278
201806271457_063,8,9,Boat,510,518,271,280
201806271457_064,9,10,Boat,439,448,269,279
201806271457_065,13,13,Boat,268,281,269,282
201806271457_004,92,71,Motorboat,988,1080,266,337
201806271457_004,45,60,Motorboat,943,988,258,318
201806271457_004,88,47,Motorboat,1099,1187,293,340
201806271457_016,44,13,Motorboat,332,376,266,279
201806271457_037,36,28,Motorboat,212,248,276,304
201806271457_039,103,105,Militaryship,1051,1154,208,313
201806271457_040,85,31,Motorboat,1104,1189,294,325
201806271457_026,12,31,Sailboat,19,31,241,272
201806271457_038,190,295,Sailboat,103,293,38,333
201806271457_035,140,184,Militaryship,1074,1214,166,350
201806271457_005,176,158,Militaryship,1104,1280,232,390
201806271457_019,79,76,Militaryship,489,568,206,282
201806271457_035,39,26,Motorboat,179,218,257,283
201806271457_044,10,21,Miscboat,718,728,275,296
201806271457_021,2,10,Seamark,302,304,265,275
201806271457_020,7,19,Seamark,617,624,256,275
201806271457_020,6,11,Seamark,439,445,256,267
201806271457_023,5,16,Seamark,279,284,256,272
201806271457_027,2,16,Seamark,47,49,265,281
201806271457_036,2,16,Seamark,148,150,276,292
201806271457_036,2,16,Seamark,159,161,276,292
201806271457_036,2,14,Seamark,211,213,275,289
201806271457_036,2,12,Seamark,232,234,277,289
201806271457_036,2,13,Seamark,222,224,275,288
201806271457_037,9,65,Seamark,1089,1098,296,361
201806271457_041,28,55,Seamark,33,61,253,308
201806271457_043,7,21,Seamark,1114,1121,285,306
201806271457_044,6,14,Seamark,1099,1105,284,298
201806271457_044,4,13,Seamark,937,941,279,292
201806271457_000,31,21,Motorboat,770,801,271,292
201806271527_016,30,9,Motorboat,937,967,284,293
201806271527_017,43,18,Motorboat,1096,1139,291,309
201806271527_016,30,8,Motorboat,713,743,278,286
201806271527_017,55,16,Motorboat,784,839,276,292
201806271527_018,50,15,Motorboat,973,1023,286,301
201806271527_019,60,18,Motorboat,1171,1231,301,319
201806271527_020,73,22,Motorboat,1144,1217,301,323
201806271527_021,76,24,Motorboat,1082,1158,299,323
201806271527_016,14,8,Motorboat,679,693,276,284
201806271527_017,42,14,Motorboat,745,787,276,290
201806271527_018,48,16,Motorboat,919,967,283,299
201806271527_019,55,18,Motorboat,1104,1159,298,316
201806271527_020,65,19,Motorboat,1066,1131,301,320
201806271527_021,71,21,Motorboat,992,1063,299,320
201806271527_016,20,71,Sailboat,368,388,211,282
201806271527_019,47,179,Sailboat,520,567,131,310
201806271527_020,74,224,Sailboat,358,432,90,314
201806271527_019,34,140,Sailboat,398,432,167,307
201806271527_020,61,212,Sailboat,200,261,103,315
201806271527_016,50,86,Sailboat,257,307,201,287
201806271527_017,74,121,Sailboat,189,263,176,297
201806271527_018,89,149,Sailboat,138,227,169,318
201806271527_016,20,66,Sailboat,388,408,216,282
201806271527_019,32,170,Sailboat,435,467,137,307
201806271527_020,74,202,Sailboat,243,317,116,318
201806271527_016,25,56,Sailboat,322,347,225,281
201806271527_019,61,161,Sailboat,291,352,142,303
201806271527_020,87,195,Sailboat,79,166,114,309
201806271527_016,19,65,Sailboat,348,367,215,280
201806271527_019,38,137,Sailboat,356,394,167,304
201806271527_020,71,180,Sailboat,152,223,135,315
201806271527_019,50,254,Sailboat,646,696,60,314
201806271527_020,96,319,Sailboat,517,613,8,327
201806271527_019,35,204,Sailboat,608,643,106,310
201806271527_020,75,288,Sailboat,462,537,32,320
201806271527_016,33,6,Motorboat,544,577,274,280
201806271527_017,36,7,Motorboat,576,612,275,282
201806271527_018,65,11,Motorboat,690,755,286,297
201806271527_019,171,32,Motorboat,778,949,294,326
201806271527_020,207,49,Motorboat,719,926,299,348
201806271527_021,250,41,Motorboat,609,859,306,347
201806271527_016,25,74,Sailboat,509,534,206,280
201806271527_019,63,273,Sailboat,699,762,45,318
201806271527_020,92,326,Sailboat,581,673,9,335
201806271527_021,103,336,Sailboat,433,536,3,339
201806271527_016,20,66,Sailboat,444,464,217,283
201806271527_019,30,185,Sailboat,573,603,122,307
201806271527_020,67,206,Sailboat,412,479,114,320
201806271527_016,15,62,Sailboat,409,424,221,283
201806271527_019,42,188,Sailboat,472,514,119,307
201806271527_020,81,237,Sailboat,297,378,84,321
201806271527_025,5,17,Seamark,812,817,271,288
201806271527_026,11,30,Seamark,745,756,264,294
201806271527_027,14,22,Seamark,482,496,271,293
201806271527_024,10,23,Seamark,947,957,270,293
201806271527_025,6,21,Seamark,1107,1113,278,299
201806271527_026,12,37,Seamark,1145,1157,275,312
201806271527_027,16,41,Seamark,1070,1086,275,316
201806271527_028,24,78,Seamark,972,996,273,351
201806271527_029,7,24,Seamark,280,287,266,290
201806271527_030,14,22,Seamark,180,194,268,290
201806271527_031,10,29,Seamark,49,59,271,300
201806271527_032,8,16,Seamark,904,912,271,287
201806271527_033,7,16,Seamark,843,850,271,287
201806271527_034,6,15,Seamark,779,785,270,285
201806271527_035,12,25,Seamark,807,819,267,292
201806271527_036,12,24,Seamark,802,814,271,295
201806271527_037,14,39,Seamark,835,849,272,311
201806271527_038,45,115,Seamark,904,949,267,382
201806271527_038,7,14,Seamark,768,775,270,284
201806271527_039,6,25,Seamark,674,680,269,294
201806271527_040,5,23,Seamark,784,789,271,294
201806271527_041,17,39,Seamark,797,814,264,303
201806271527_042,20,57,Seamark,838,858,268,325
201806271527_043,51,203,Seamark,1164,1215,264,467
201806271527_045,13,36,Seamark,845,858,282,318
201806271527_046,33,129,Seamark,1124,1157,321,450
201806271527_044,6,25,Seamark,788,794,274,299
201806271527_046,4,17,Seamark,642,646,267,284
201806271527_029,12,26,Seamark,799,811,268,294
201806271527_030,11,22,Seamark,801,812,273,295
201806271527_031,10,30,Seamark,797,807,272,302
201806271527_032,23,64,Seamark,844,867,264,328
201806271527_033,62,207,Seamark,1200,1262,268,475
201806271527_032,6,12,Seamark,562,568,269,281
201806271527_034,4,14,Seamark,308,312,266,280
201806271527_035,8,18,Seamark,247,255,269,287
201806271527_038,20,12,Passengership,744,764,269,281
201806271527_039,31,28,Passengership,544,575,261,289
201806271527_040,30,27,Passengership,531,561,259,286
201806271527_041,62,38,Passengership,324,386,255,293
201806271527_042,43,54,Militaryship,234,277,220,274
201806271527_043,45,65,Militaryship,55,100,214,279
201806271527_031,16,20,Cruiseship,920,936,260,280
201806271527_032,18,22,Cruiseship,884,902,258,280
201806271527_033,20,24,Cruiseship,795,815,254,278
201806271527_034,18,29,Cruiseship,704,722,245,274
201806271527_035,19,31,Cruiseship,707,726,243,274
201806271527_036,20,33,Cruiseship,653,673,239,272
201806271527_037,25,36,Cruiseship,600,625,239,275
201806271527_038,28,40,Cruiseship,448,476,235,275
201806271527_039,37,52,Cruiseship,308,345,235,287
201806271527_040,28,47,Cruiseship,367,395,229,276
201806271527_041,34,58,Cruiseship,312,346,217,275
201806271527_041,7,13,Seamark,935,942,272,285
201806271527_044,8,19,Seamark,807,815,271,290
201806271527_045,13,30,Seamark,820,833,268,298
201806271527_046,19,43,Seamark,774,793,273,316
201806271527_047,50,150,Seamark,871,921,257,407
201806271527_040,87,37,Militaryship,1109,1196,251,288
201806271527_041,110,47,Militaryship,1122,1232,244,291
201806271527_042,60,44,Militaryship,1178,1238,248,292
201806271527_043,91,54,Militaryship,1104,1195,232,286
201806271527_044,110,65,Militaryship,1089,1199,226,291
201806271527_045,130,93,Militaryship,1151,1281,212,305
201806271527_046,74,81,Militaryship,1203,1277,227,308
201806271527_047,7,30,Seamark,1036,1043,287,317
201806271527_048,13,44,Seamark,933,946,301,345
201806271527_046,113,50,Militaryship,1130,1243,249,299
201806271527_049,23,33,Sailboat,730,753,252,285
201806271527_052,39,56,Boat,956,995,241,297
201806271527_048,309,159,Militaryship,971,1280,165,324
201806271527_049,255,105,Militaryship,1023,1278,241,346
201806271527_048,20,14,Motorboat,380,400,278,292
201806271527_049,11,12,Motorboat,346,357,276,288
201806271527_050,49,29,Motorboat,26,75,285,314
201806271527_049,68,23,Motorboat,787,855,265,288
201806271527_050,91,32,Motorboat,896,987,259,291
201806271527_051,71,20,Motorboat,965,1036,274,294
201806271527_052,98,24,Motorboat,1096,1194,278,302
201806271527_050,11,27,Seamark,820,831,281,308
201806271527_051,14,42,Seamark,908,922,284,326
201806271527_052,20,77,Seamark,1146,1166,287,364
201806271527_055,59,58,Miscboat,4,63,251,309
201806271527_056,68,59,Militaryship,41,109,239,298
201806271527_057,69,60,Militaryship,25,94,235,295
201806271527_058,36,61,Cruiseship,287,323,222,283
201806271527_059,73,110,Cruiseship,282,355,183,293
201806271527_060,103,96,Cruiseship,327,430,193,289
201806271527_061,139,125,Cruiseship,260,399,170,295
201806271527_058,37,86,Militaryship,246,283,209,295
201806271527_059,121,152,Militaryship,117,238,163,315
201806271527_060,131,195,Militaryship,1,132,125,320
201806271527_061,78,339,Sailboat,190,268,18,357
201806271527_052,33,48,Sailboat,630,663,231,279
201806271527_055,34,75,Sailboat,1170,1204,224,299
201806271527_050,7,10,Seamark,478,485,271,281
201806271527_051,8,11,Seamark,476,484,271,282
201806271527_052,9,12,Seamark,527,536,271,283
201806271527_053,12,18,Seamark,707,719,272,290
201806271527_052,14,11,Motorboat,581,595,268,279
201806271527_053,15,12,Motorboat,775,790,272,284
201806271527_054,16,13,Motorboat,945,961,275,288
201806271527_055,30,22,Motorboat,1065,1095,274,296
201806271527_061,42,23,Militaryship,407,449,258,281
201806271527_062,71,63,Militaryship,426,497,226,289
201806271527_059,21,43,Sailboat,462,483,242,285
201806271527_061,16,31,Sailboat,599,615,246,277
201806271527_062,29,51,Sailboat,672,701,235,286
201806271527_058,41,95,Sailboat,313,354,183,278
201806271527_059,62,107,Sailboat,351,413,173,280
201806271527_060,67,121,Sailboat,452,519,154,275
201806271527_061,80,140,Sailboat,441,521,138,278
201806271527_062,108,174,Sailboat,478,586,110,284
201806271527_013,11,11,Motorboat,1018,1029,276,287
201806271527_022,46,21,Motorboat,186,232,262,283
201806271527_034,33,10,Motorboat,157,190,267,277
201806271527_034,28,9,Motorboat,243,271,268,277
201806271527_037,47,26,Motorboat,158,205,254,280
201806271527_038,60,43,Boat,112,172,287,330
201806271527_046,24,16,Motorboat,711,735,280,296
201806271527_052,75,14,Motorboat,1019,1094,289,303
201806271527_052,24,9,Motorboat,748,772,269,278
201806271527_052,12,7,Motorboat,733,745,271,278
201806271527_055,27,14,Motorboat,1237,1264,287,301
201806271527_055,16,12,Motorboat,1126,1142,288,300
201806271527_013,11,36,Sailboat,993,1004,250,286
201806271527_013,12,38,Sailboat,1004,1016,249,287
201806271527_016,18,72,Sailboat,426,444,210,282
201806271527_019,44,109,Sailboat,213,257,193,302
201806271527_019,91,164,Sailboat,90,181,138,302
201806271527_020,82,160,Sailboat,42,124,148,308
201806271527_019,27,94,Sailboat,260,287,208,302
201806271527_016,11,48,Sailboat,309,320,234,282
201806271527_020,159,300,Sailboat,718,877,27,327
201806271527_022,94,373,Sailboat,1122,1216,11,384
201806271527_022,67,327,Sailboat,1027,1094,45,372
201806271527_022,49,342,Sailboat,977,1026,21,363
201806271527_022,57,185,Sailboat,852,909,166,351
201806271527_022,125,290,Sailboat,729,854,47,337
201806271527_022,68,225,Sailboat,909,977,130,355
201806271527_022,52,301,Sailboat,1224,1276,89,390
201806271527_022,61,185,Sailboat,663,724,143,328
201806271527_022,160,258,Sailboat,498,658,68,326
201806271527_022,50,71,Sailboat,125,175,213,284
201806271527_022,23,74,Sailboat,51,74,214,288
201806271527_023,101,389,Sailboat,1063,1164,1,390
201806271527_022,21,44,Sailboat,88,109,240,284
201806271527_047,126,224,Sailboat,61,187,128,352
201806271527_059,17,46,Sailboat,429,446,243,289
201806271527_062,319,302,Cruiseship,80,399,24,326
201806271527_040,71,25,Miscboat,1200,1271,266,291
201806271527_052,91,32,Miscboat,1147,1238,284,316
201806271527_013,19,7,Miscboat,265,284,270,277
201806271527_013,34,8,Boat,518,552,277,285
201806271527_034,34,11,Miscboat,199,233,265,276
201806271527_037,6,7,Boat,739,745,276,283
201806271527_047,15,12,Motorboat,812,827,277,289
201806271527_055,85,22,Motorboat,1058,1143,278,300
201806271527_049,96,53,Militaryship,896,992,256,309
201806271527_058,90,157,Militaryship,150,240,152,309
201806271527_058,46,52,Militaryship,100,146,256,308
201806271527_046,41,17,Miscboat,263,304,273,290
201806271527_013,7,15,Seamark,438,445,273,288
201806271527_013,4,19,Seamark,462,466,282,301
201806271527_023,9,21,Seamark,771,780,271,292
201806271527_025,7,20,Seamark,45,52,276,296
201806271527_023,8,16,Seamark,534,542,270,286
201806271527_035,6,13,Seamark,907,913,271,284
201806271527_047,6,20,Seamark,1117,1123,279,299
201806271527_050,8,19,Seamark,773,781,271,290
201806271527_054,37,31,Miscboat,175,212,266,297
201806271527_044,6,15,Seamark,1012,1018,282,297
201806271527_044,3,9,Seamark,959,962,280,289
201806271557_000,42,29,Militaryship,330,372,270,299
201806271557_001,101,63,Militaryship,21,122,264,327
201806271557_000,56,26,Miscboat,376,432,270,296
201806271557_001,95,53,Miscboat,132,227,263,316
201806271557_000,122,257,Sailboat,400,522,28,285
201806271557_001,189,298,Sailboat,192,381,1,299
201806271557_002,271,324,Sailboat,1,272,1,325
201806271557_003,133,319,Sailboat,1,134,5,324
201806271557_002,68,27,Passengership,250,318,271,298
201806271557_003,85,35,Passengership,113,198,274,309
201806271557_002,47,40,Motorboat,316,363,256,296
201806271557_003,52,29,Motorboat,230,282,274,303
201806271557_002,17,23,Motorboat,437,454,260,283
201806271557_003,19,18,Motorboat,404,423,264,282
201806271557_004,40,38,Motorboat,217,257,260,298
201806271557_005,20,13,Ferry,437,457,266,279
201806271557_006,40,12,Ferry,559,599,267,279
201806271557_007,36,11,Ferry,617,653,266,277
201806271557_008,42,20,Ferry,646,688,263,283
201806271557_009,38,19,Ferry,579,617,261,280
201806271557_010,35,17,Ferry,619,654,264,281
201806271557_011,41,18,Ferry,636,677,264,282
201806271557_012,53,26,Ferry,659,712,259,285
201806271557_013,77,22,Ferry,622,699,266,288
201806271557_014,88,40,Ferry,558,646,252,292
201806271557_015,110,31,Ferry,528,638,264,295
201806271557_016,177,50,Ferry,119,296,263,313
201806271557_005,27,50,Sailboat,374,401,232,282
201806271557_006,28,49,Sailboat,492,520,230,279
201806271557_007,47,57,Sailboat,503,550,225,282
201806271557_008,44,66,Sailboat,484,528,220,286
201806271557_009,64,80,Sailboat,349,413,204,284
201806271557_010,70,110,Sailboat,282,352,183,293
201806271557_011,90,127,Sailboat,198,288,177,304
201806271557_012,92,98,Sailboat,292,384,194,292
201806271557_014,157,150,Sailboat,1,158,172,322
201806271557_011,73,99,Sailboat,329,402,195,294
201806271557_014,131,212,Sailboat,66,197,109,321
201806271557_002,17,14,Boat,451,468,281,295
201806271557_003,23,21,Boat,432,455,282,303
201806271557_004,41,36,Boat,6,47,335,371
201806271557_002,12,10,Miscboat,474,486,263,273
201806271557_003,13,11,Miscboat,447,460,263,274
201806271557_004,14,12,Miscboat,344,358,263,275
201806271557_005,13,13,Miscboat,530,543,264,277
201806271557_001,29,55,Sailboat,560,589,227,282
201806271557_002,35,75,Sailboat,561,596,210,285
201806271557_003,28,87,Sailboat,548,576,198,285
201806271557_004,41,102,Sailboat,415,456,185,287
201806271557_005,56,138,Sailboat,570,626,159,297
201806271557_006,64,164,Sailboat,698,762,137,301
201806271557_007,95,245,Sailboat,759,854,72,317
201806271557_008,208,364,Sailboat,834,1042,1,365
201806271557_007,24,8,Boat,473,497,276,284
201806271557_008,26,13,Boat,449,475,275,288
201806271557_009,29,14,Boat,293,322,278,292
201806271557_010,41,14,Boat,172,213,289,303
201806271557_011,91,155,Sailboat,166,257,150,305
201806271557_012,86,212,Sailboat,74,160,106,318
201806271557_005,27,34,Passengership,537,564,248,282
201806271557_006,30,37,Passengership,659,689,247,284
201806271557_007,24,34,Passengership,708,732,251,285
201806271557_008,37,43,Passengership,718,755,247,290
201806271557_009,37,36,Passengership,655,692,255,291
201806271557_010,67,107,Passengership,702,769,202,309
201806271557_011,126,195,Passengership,769,895,151,346
201806271557_012,276,217,Passengership,907,1183,197,414
201806271557_011,24,22,Motorboat,701,725,277,299
201806271557_012,26,24,Motorboat,751,777,282,306
201806271557_013,41,67,Motorboat,834,875,276,343
201806271557_014,50,51,Motorboat,975,1025,337,388
201806271557_013,26,37,Motorboat,810,836,290,327
201806271557_014,71,62,Motorboat,913,984,306,368
201806271557_011,31,16,Boat,709,740,290,306
201806271557_012,37,19,Boat,763,800,299,318
201806271557_013,66,42,Boat,894,960,324,366
201806271557_008,42,9,Motorboat,514,556,270,279
201806271557_009,42,13,Motorboat,388,430,270,283
201806271557_010,45,17,Motorboat,361,406,271,288
201806271557_011,71,26,Motorboat,288,359,271,297
201806271557_012,83,26,Motorboat,235,318,275,301
201806271557_013,112,41,Motorboat,84,196,276,317
201806271557_002,27,32,Sailboat,371,398,244,276
201806271557_003,31,36,Sailboat,339,370,241,277
201806271557_005,30,42,Sailboat,399,429,237,279
201806271557_006,36,50,Sailboat,512,548,232,282
201806271557_007,30,43,Sailboat,541,571,235,278
201806271557_008,26,54,Sailboat,535,561,229,283
201806271557_011,59,79,Sailboat,373,432,208,287
201806271557_014,121,174,Sailboat,255,376,133,307
201806271557_013,63,108,Sailboat,290,353,195,303
201806271557_014,77,133,Sailboat,183,260,178,311
201806271557_015,98,263,Sailboat,4,102,67,330
201806271557_013,74,34,Motorboat,225,299,276,310
201806271557_014,133,58,Motorboat,1,134,277,335
201806271557_011,27,55,Passengership,677,704,231,286
201806271557_012,28,23,Passengership,714,742,260,283
201806271557_013,41,42,Passengership,732,773,249,291
201806271557_014,51,51,Passengership,732,783,245,296
201806271557_015,70,54,Passengership,837,907,247,301
201806271557_016,186,215,Passengership,805,991,128,343
201806271557_017,141,119,Passengership,776,917,214,333
201806271557_018,150,156,Passengership,891,1041,212,368
201806271557_013,16,24,Passengership,716,732,260,284
201806271557_014,20,31,Passengership,712,732,257,288
201806271557_015,40,39,Passengership,795,835,255,294
201806271557_016,59,65,Passengership,728,787,238,303
201806271557_018,234,314,Passengership,1047,1281,180,494
201806271557_019,214,506,Passengership,1070,1284,1,507
201806271557_017,39,82,Passengership,739,778,224,306
201806271557_018,97,77,Passengership,794,891,251,328
201806271557_019,126,91,Motorboat,846,972,277,368
201806271557_020,131,256,Sailboat,884,1015,121,377
201806271557_011,19,27,Militaryship,507,526,252,279
201806271557_012,20,29,Militaryship,523,543,251,280
201806271557_013,28,27,Militaryship,522,550,252,279
201806271557_014,30,33,Militaryship,495,525,249,282
201806271557_016,37,43,Militaryship,398,435,243,286
201806271557_017,60,56,Militaryship,318,378,235,291
201806271557_018,96,56,Militaryship,185,281,238,294
201806271557_020,283,468,Passengership,998,1281,15,483
201806271557_017,28,50,Militaryship,711,739,246,296
201806271557_018,40,55,Militaryship,728,768,251,306
201806271557_013,17,17,Passengership,559,576,260,277
201806271557_014,19,19,Passengership,538,557,260,279
201806271557_016,74,17,Passengership,489,563,264,281
201806271557_017,102,37,Passengership,499,601,248,285
201806271557_018,82,21,Passengership,495,577,266,287
201806271557_019,46,39,Passengership,440,486,253,292
201806271557_020,86,98,Passengership,398,484,211,309
201806271557_021,31,19,Motorboat,564,595,266,285
201806271557_022,28,17,Motorboat,538,566,270,287
201806271557_023,36,24,Motorboat,506,542,265,289
201806271557_024,45,19,Motorboat,395,440,270,289
201806271557_016,19,22,Motorboat,681,700,262,284
201806271557_017,23,25,Motorboat,691,714,263,288
201806271557_018,25,26,Motorboat,696,721,267,293
201806271557_019,49,43,Motorboat,654,703,260,303
201806271557_020,91,73,Motorboat,722,813,252,325
201806271557_021,249,139,Motorboat,969,1218,263,402
201806271557_021,34,19,Motorboat,393,427,273,292
201806271557_022,55,27,Motorboat,289,344,274,301
201806271557_023,69,40,Motorboat,180,249,268,308
201806271557_022,44,34,Miscboat,490,534,256,290
201806271557_023,65,40,Miscboat,441,506,251,291
201806271557_024,58,27,Miscboat,332,390,265,292
201806271557_023,40,43,Motorboat,983,1023,269,312
201806271557_024,62,59,Motorboat,1012,1074,270,329
201806271557_025,160,196,Motorboat,1122,1282,248,444
201806271557_023,14,14,Motorboat,845,859,270,284
201806271557_024,21,13,Motorboat,761,782,267,280
201806271557_025,19,12,Motorboat,604,623,270,282
201806271557_026,17,11,Motorboat,577,594,272,283
201806271557_027,19,12,Motorboat,552,571,273,285
201806271557_028,21,13,Motorboat,522,543,274,287
201806271557_029,29,18,Motorboat,366,395,285,303
201806271557_026,43,32,Passengership,461,504,266,298
201806271557_027,59,35,Passengership,384,443,275,310
201806271557_028,138,77,Passengership,178,316,276,353
201806271557_026,58,20,Motorboat,809,867,286,306
201806271557_027,69,23,Motorboat,847,916,290,313
201806271557_028,93,25,Motorboat,875,968,296,321
201806271557_029,113,41,Motorboat,930,1043,304,345
201806271557_034,31,30,Motorboat,452,483,280,310
201806271557_035,75,51,Motorboat,379,454,274,325
201806271557_036,55,36,Motorboat,482,537,286,322
201806271557_037,108,50,Motorboat,362,470,285,335
201806271557_038,173,96,Motorboat,88,261,283,379
201806271557_038,48,48,Motorboat,379,427,263,311
201806271557_039,85,69,Motorboat,281,366,256,325
201806271557_034,42,32,Passengership,1008,1050,268,300
201806271557_035,53,41,Passengership,1024,1077,271,312
201806271557_036,76,44,Passengership,1077,1153,267,311
201806271557_037,78,68,Passengership,1087,1165,256,324
201806271557_038,101,119,Passengership,1113,1214,217,336
201806271557_032,33,28,Miscboat,219,252,265,293
201806271557_033,42,42,Miscboat,492,534,249,291
201806271557_034,54,43,Miscboat,493,547,257,300
201806271557_035,72,58,Miscboat,401,473,250,308
201806271557_036,96,60,Miscboat,354,450,258,318
201806271557_037,100,83,Miscboat,273,373,249,332
201806271557_035,63,23,Ferry,745,808,264,287
201806271557_036,63,20,Ferry,719,782,264,284
201806271557_035,40,45,Miscboat,535,575,249,294
201806271557_036,53,42,Miscboat,537,590,250,292
201806271557_037,60,55,Miscboat,490,550,243,298
201806271557_038,60,59,Miscboat,429,489,241,300
201806271557_039,87,89,Miscboat,375,462,223,312
201806271557_035,30,34,Passengership,648,678,253,287
201806271557_036,34,28,Passengership,658,692,261,289
201806271557_037,45,36,Passengership,616,661,256,292
201806271557_038,93,46,Passengership,567,660,252,298
201806271557_039,201,44,Passengership,637,838,263,307
201806271557_040,265,91,Passengership,913,1178,251,342
201806271557_041,97,130,Sailboat,733,830,188,318
201806271557_042,205,218,Sailboat,1038,1243,133,351
201806271557_035,36,29,Passengership,577,613,258,287
201806271557_036,44,41,Passengership,587,631,255,296
201806271557_037,36,35,Passengership,555,591,261,296
201806271557_038,35,34,Passengership,504,539,260,294
201806271557_039,52,32,Passengership,492,544,268,300
201806271557_040,60,63,Passengership,336,396,245,308
201806271557_039,45,38,Passengership,550,595,252,290
201806271557_040,55,54,Passengership,396,451,244,298
201806271557_040,86,31,Ferry,451,537,262,293
201806271557_041,150,52,Ferry,46,196,259,311
201806271557_042,174,61,Ferry,2,176,262,323
201806271557_040,8,7,Boat,606,614,278,285
201806271557_041,19,20,Boat,314,333,288,308
201806271557_042,68,17,Motorboat,704,772,292,309
201806271557_043,137,31,Motorboat,938,1075,323,354
201806271557_043,19,15,Motorboat,413,432,271,286
201806271557_044,34,21,Motorboat,398,432,275,296
201806271557_045,55,29,Motorboat,268,323,285,314
201806271557_045,90,28,Motorboat,958,1048,288,316
201806271557_046,64,14,Motorboat,980,1044,305,319
201806271557_043,18,16,Motorboat,432,450,268,284
201806271557_044,30,20,Motorboat,428,458,274,294
201806271557_045,47,30,Motorboat,343,390,278,308
201806271557_045,43,32,Miscboat,475,518,259,291
201806271557_046,79,81,Miscboat,258,337,228,309
201806271557_041,72,124,Sailboat,465,537,161,285
201806271557_042,124,153,Sailboat,617,741,139,292
201806271557_043,112,237,Sailboat,763,875,76,313
201806271557_044,195,303,Sailboat,885,1080,48,351
201806271557_048,35,29,Motorboat,356,391,260,289
201806271557_049,46,51,Motorboat,207,253,251,302
201806271557_050,66,70,Motorboat,90,156,247,317
201806271557_048,30,138,Sailboat,406,436,147,285
201806271557_049,73,175,Sailboat,252,325,121,296
201806271557_050,112,223,Sailboat,158,270,87,310
201806271557_051,65,52,Motorboat,1,66,273,325
201806271557_051,44,19,Miscboat,593,637,267,286
201806271557_052,38,21,Motorboat,585,623,261,282
201806271557_053,50,27,Motorboat,496,546,264,291
201806271557_032,27,42,Sailboat,448,475,223,265
201806271557_033,28,43,Sailboat,765,793,224,267
201806271557_034,29,44,Sailboat,816,845,222,266
201806271557_035,33,49,Sailboat,769,802,221,270
201806271557_036,38,58,Sailboat,785,823,215,273
201806271557_037,42,65,Sailboat,752,794,214,279
201806271557_038,32,55,Sailboat,712,744,215,270
201806271557_039,35,61,Sailboat,734,769,212,273
201806271557_040,45,80,Sailboat,639,684,200,280
201806271557_041,37,66,Sailboat,372,409,203,269
201806271557_042,48,85,Sailboat,547,595,193,278
201806271557_043,54,95,Sailboat,676,730,188,283
201806271557_044,43,74,Sailboat,746,789,193,267
201806271557_045,56,96,Sailboat,797,853,176,272
201806271557_046,72,124,Sailboat,714,786,158,282
201806271557_047,68,119,Sailboat,667,735,150,269
201806271557_048,86,150,Sailboat,693,779,129,279
201806271557_049,96,168,Sailboat,645,741,118,286
201806271557_050,99,178,Sailboat,665,764,108,286
201806271557_051,100,183,Sailboat,700,800,96,279
201806271557_052,72,234,Sailboat,739,811,41,275
201806271557_053,171,294,Sailboat,760,931,1,295
201806271557_014,98,108,Boat,1138,1236,370,478
201806271557_015,144,47,Motorboat,144,288,271,318
201806271557_027,97,35,Passengership,212,309,262,297
201806271557_030,139,52,Motorboat,944,1083,305,357
201806271557_045,156,71,Motorboat,1054,1210,292,363
201806271557_011,59,102,Sailboat,397,456,187,289
201806271557_041,34,61,Sailboat,409,443,218,279
201806271557_046,162,42,Motorboat,1083,1245,309,351
201806271557_002,11,11,Miscboat,465,476,262,273
201806271557_035,30,36,Miscboat,512,542,261,297
201806271557_014,146,113,Motorboat,1013,1159,316,429
201806271557_016,65,21,Motorboat,46,111,301,322
201806271557_020,31,15,Motorboat,351,382,272,287
201806271557_035,26,26,Motorboat,617,643,258,284
201806271557_043,104,25,Motorboat,821,925,294,319
201806271557_044,209,73,Motorboat,967,1176,285,358
201806271557_000,141,133,Militaryship,1,142,184,317
201806271557_000,180,156,Militaryship,151,331,163,319
201806271557_031,98,60,Motorboat,236,334,266,326
201806271627_000,43,70,Motorboat,980,1023,256,326
201806271627_001,67,137,Miscboat,1207,1274,268,405
201806271627_000,65,67,Militaryship,911,976,256,323
201806271627_001,140,99,Militaryship,1046,1186,268,367
201806271627_000,74,103,Militaryship,811,885,196,299
201806271627_001,211,146,Militaryship,820,1031,192,338
201806271627_002,426,418,Militaryship,855,1281,11,429
201806271627_000,27,29,Passengership,606,633,249,278
201806271627_001,37,36,Passengership,520,557,246,282
201806271627_002,97,99,Passengership,332,429,210,309
201806271627_000,75,93,Cruiseship,734,809,193,286
201806271627_001,121,128,Cruiseship,698,819,166,294
201806271627_002,249,295,Cruiseship,637,886,10,305
201806271627_003,529,395,Cruiseship,749,1278,1,396
201806271627_004,292,475,Cruiseship,984,1276,6,481
201806271627_001,28,49,Militaryship,673,701,228,277
201806271627_002,54,64,Militaryship,594,648,216,280
201806271627_003,58,80,Militaryship,686,744,208,288
201806271627_004,70,111,Militaryship,772,842,186,297
201806271627_005,108,156,Militaryship,824,932,156,312
201806271627_006,157,204,Militaryship,862,1019,119,323
201806271627_007,151,187,Militaryship,733,884,128,315
201806271627_008,377,413,Militaryship,812,1189,1,414
201806271627_009,118,180,Militaryship,1049,1167,163,343
201806271627_010,297,184,Miscboat,968,1265,201,385
201806271627_011,102,61,Militaryship,846,948,222,283
201806271627_012,132,59,Militaryship,780,912,226,285
201806271627_013,144,62,Militaryship,739,883,221,283
201806271627_014,132,70,Militaryship,670,802,211,281
201806271627_015,143,76,Militaryship,539,682,202,278
201806271627_016,158,78,Militaryship,315,473,199,277
201806271627_017,182,99,Militaryship,145,327,182,281
201806271627_005,54,103,Militaryship,793,847,191,294
201806271627_006,62,124,Militaryship,801,863,172,296
201806271627_012,43,21,Motorboat,151,194,268,289
201806271627_013,45,19,Motorboat,17,62,275,294
201806271627_010,57,21,Motorboat,511,568,257,278
201806271627_011,73,29,Motorboat,266,339,254,283
201806271627_012,56,25,Motorboat,171,227,258,283
201806271627_013,51,28,Motorboat,56,107,266,294
201806271627_013,57,29,Miscboat,210,267,259,288
201806271627_014,71,43,Miscboat,28,99,252,295
201806271627_014,53,24,Motorboat,246,299,270,294
201806271627_015,90,37,Miscboat,315,405,246,283
201806271627_016,90,33,Miscboat,59,149,252,285
201806271627_014,14,13,Boat,1017,1031,282,295
201806271627_015,15,14,Boat,944,959,277,291
201806271627_016,16,15,Boat,777,793,271,286
201806271627_017,17,18,Boat,707,724,268,286
201806271627_014,10,18,Seamark,958,968,271,289
201806271627_015,11,20,Seamark,850,861,267,287
201806271627_016,11,21,Seamark,659,670,262,283
201806271627_017,13,19,Seamark,539,552,260,279
201806271627_020,17,13,Boat,530,547,270,283
201806271627_021,19,14,Boat,419,438,271,285
201806271627_022,21,15,Boat,372,393,266,281
201806271627_023,17,14,Boat,402,419,266,280
201806271627_020,9,13,Seamark,152,161,262,275
201806271627_021,10,14,Seamark,119,129,263,277
201806271627_022,11,15,Seamark,101,112,259,274
201806271627_023,7,14,Seamark,48,55,263,277
201806271627_024,8,15,Seamark,101,109,262,277
201806271627_025,9,16,Seamark,58,67,262,278
201806271627_026,9,15,Seamark,39,48,266,281
201806271627_020,9,13,Seamark,429,438,263,276
201806271627_021,10,14,Seamark,408,418,265,279
201806271627_022,11,15,Seamark,402,413,261,276
201806271627_023,8,19,Seamark,352,360,258,277
201806271627_024,9,21,Seamark,411,420,257,278
201806271627_025,5,14,Seamark,373,378,264,278
201806271627_026,11,24,Seamark,356,367,258,282
201806271627_027,12,26,Seamark,285,297,254,280
201806271627_028,6,19,Seamark,138,144,273,292
201806271627_029,13,32,Seamark,28,41,267,299
201806271627_029,51,53,Militaryship,1027,1078,247,300
201806271627_030,66,96,Militaryship,1032,1098,209,305
201806271627_031,92,68,Militaryship,1103,1195,253,321
201806271627_032,144,199,Militaryship,1137,1281,160,359
201806271627_032,8,15,Seamark,965,973,285,300
201806271627_034,26,60,Seamark,1048,1074,302,362
201806271627_033,79,114,Sailboat,718,797,177,291
201806271627_034,109,167,Sailboat,569,678,136,303
201806271627_035,136,35,Motorboat,120,256,293,328
201806271627_032,23,15,Motorboat,975,998,281,296
201806271627_033,29,14,Motorboat,926,955,287,301
201806271627_034,52,18,Motorboat,964,1016,293,311
201806271627_035,94,35,Motorboat,929,1023,301,336
201806271627_031,13,14,Motorboat,853,866,267,281
201806271627_032,23,23,Motorboat,741,764,264,287
201806271627_033,19,25,Motorboat,599,618,265,290
201806271627_034,42,34,Motorboat,393,435,263,297
201806271627_036,102,45,Motorboat,982,1084,261,306
201806271627_037,139,57,Motorboat,1070,1209,270,327
201806271627_038,185,94,Motorboat,1096,1281,251,345
201806271627_036,123,50,Miscboat,876,999,253,303
201806271627_037,119,31,Miscboat,951,1070,274,305
201806271627_038,187,49,Miscboat,901,1088,261,310
201806271627_040,4,19,Seamark,449,453,263,282
201806271627_041,14,30,Seamark,255,269,263,293
201806271627_041,7,13,Seamark,1127,1134,272,285
201806271627_042,10,23,Seamark,925,935,259,282
201806271627_043,9,21,Seamark,725,734,258,279
201806271627_044,8,19,Seamark,784,792,261,280
201806271627_045,6,21,Seamark,714,720,261,282
201806271627_046,6,20,Seamark,770,776,265,285
201806271627_047,14,38,Seamark,855,869,260,298
201806271627_048,19,49,Seamark,985,1004,265,314
201806271627_040,7,26,Seamark,1032,1039,272,298
201806271627_041,22,50,Seamark,1104,1126,265,315
201806271627_042,23,75,Seamark,1160,1183,267,342
201806271627_041,7,15,Seamark,1068,1075,267,282
201806271627_042,10,14,Seamark,843,853,261,275
201806271627_043,9,13,Seamark,640,649,260,273
201806271627_044,8,12,Seamark,682,690,261,273
201806271627_045,13,24,Seamark,587,600,251,275
201806271627_046,13,23,Seamark,615,628,253,276
201806271627_047,12,21,Seamark,652,664,256,277
201806271627_048,4,12,Seamark,660,664,263,275
201806271627_049,4,11,Seamark,715,719,266,277
201806271627_050,7,17,Seamark,716,723,264,281
201806271627_051,8,19,Seamark,782,790,265,284
201806271627_052,4,21,Seamark,809,813,265,286
201806271627_053,11,33,Seamark,754,765,261,294
201806271627_054,11,38,Seamark,784,795,266,304
201806271627_055,13,45,Seamark,790,803,267,312
201806271627_056,47,129,Seamark,913,960,255,384
201806271627_044,6,15,Seamark,672,678,260,275
201806271627_045,15,26,Seamark,573,588,254,280
201806271627_046,14,24,Seamark,598,612,256,280
201806271627_047,13,22,Seamark,632,645,260,282
201806271627_048,6,19,Seamark,637,643,262,281
201806271627_049,5,17,Seamark,686,691,266,283
201806271627_050,13,30,Seamark,687,700,262,292
201806271627_051,13,40,Seamark,762,775,265,305
201806271627_052,18,78,Seamark,877,895,270,348
201806271627_041,23,39,Sailboat,1021,1044,242,281
201806271627_042,24,42,Sailboat,758,782,231,273
201806271627_043,4,40,Sailboat,538,542,233,273
201806271627_044,18,53,Sailboat,543,561,223,276
201806271627_045,14,67,Sailboat,403,417,213,280
201806271627_046,13,90,Sailboat,361,374,192,282
201806271627_047,54,154,Sailboat,221,275,147,301
201806271627_047,9,19,Seamark,306,315,263,282
201806271627_048,9,20,Seamark,249,258,262,282
201806271627_049,2,18,Seamark,223,225,266,284
201806271627_050,10,27,Seamark,96,106,265,292
201806271627_056,6,23,Seamark,759,765,274,297
201806271627_057,6,24,Seamark,869,875,294,318
201806271627_058,13,70,Seamark,1060,1073,305,375
201806271627_014,47,15,Boat,362,409,279,294
201806271627_032,48,65,Sailboat,482,530,223,288
201806271627_035,194,296,Sailboat,150,344,43,339
201806271627_047,10,27,Sailboat,89,99,252,279
201806271627_031,88,41,Passengership,281,369,235,276
201806271627_000,266,392,Sailboat,1013,1279,36,428
201806271627_002,11,10,Boat,563,574,268,278
201806271627_008,45,32,Motorboat,298,343,277,309
201806271627_010,31,12,Motorboat,441,472,265,277
201806271627_031,33,19,Motorboat,94,127,267,286
201806271627_031,37,20,Motorboat,129,166,266,286
201806271627_031,25,20,Motorboat,170,195,264,284
201806271627_031,42,18,Motorboat,248,290,264,282
201806271627_031,44,18,Motorboat,201,245,265,283
201806271627_031,12,11,Motorboat,698,710,268,279
201806271627_034,25,24,Motorboat,216,241,280,304
201806271627_036,62,25,Motorboat,1182,1244,290,315
201806271627_017,21,24,Motorboat,641,662,253,277
201806271627_007,353,428,Militaryship,909,1262,3,431
201806271627_000,48,119,Militaryship,889,937,184,303
201806271627_018,51,30,Miscboat,307,358,250,280
201806271627_016,92,32,Miscboat,176,268,250,282
201806271627_019,7,26,Seamark,182,189,259,285
201806271627_020,21,46,Seamark,65,86,259,305
201806271627_020,11,23,Seamark,110,121,268,291
201806271627_035,17,59,Seamark,365,382,295,354
201806271627_037,7,25,Seamark,114,121,269,294
201806271627_041,6,11,Seamark,1085,1091,271,282
201806271627_047,14,38,Seamark,108,122,264,302
201806271657_000,22,18,Boat,607,629,258,276
201806271657_001,15,10,Boat,681,696,267,277
201806271657_002,12,9,Boat,706,718,273,282
201806271657_003,13,10,Boat,800,813,271,281
201806271657_004,8,5,Boat,872,880,271,276
201806271657_005,8,8,Boat,810,818,272,280
201806271657_004,30,47,Sailboat,249,279,243,290
201806271657_005,31,72,Sailboat,339,370,225,297
201806271657_006,25,59,Sailboat,473,498,229,288
201806271657_007,13,14,Sailboat,539,552,263,277
201806271657_008,13,15,Sailboat,542,555,259,274
201806271657_009,14,16,Sailboat,468,482,257,273
201806271657_010,7,11,Sailboat,347,354,257,268
201806271657_004,20,22,Motorboat,1,21,301,323
201806271657_005,36,29,Motorboat,337,373,267,296
201806271657_006,26,11,Motorboat,558,584,272,283
201806271657_007,10,6,Motorboat,625,635,272,278
201806271657_008,10,6,Motorboat,637,647,269,275
201806271657_009,11,7,Motorboat,559,570,267,274
201806271657_010,6,4,Motorboat,430,436,265,269
201806271657_013,19,8,Motorboat,1176,1195,291,299
201806271657_014,34,12,Motorboat,806,840,276,288
201806271657_015,19,13,Motorboat,943,962,278,291
201806271657_016,37,16,Motorboat,1148,1185,291,307
201806271657_013,22,49,Sailboat,721,743,235,284
201806271657_014,24,64,Sailboat,254,278,219,283
201806271657_015,33,78,Sailboat,237,270,207,285
201806271657_016,33,95,Sailboat,229,262,192,287
201806271657_017,39,160,Sailboat,100,139,149,309
201806271657_018,81,161,Sailboat,1,82,147,308
201806271657_013,29,53,Sailboat,760,789,233,286
201806271657_014,34,65,Sailboat,294,328,217,282
201806271657_015,44,84,Sailboat,278,322,201,285
201806271657_016,56,117,Sailboat,264,320,178,295
201806271657_017,36,88,Sailboat,176,212,210,298
201806271657_017,31,98,Sailboat,226,257,200,298
201806271657_018,63,132,Sailboat,159,222,176,308
201806271657_019,76,208,Sailboat,-4,72,111,319
201806271657_014,21,58,Sailboat,334,355,223,281
201806271657_015,56,71,Sailboat,323,379,210,281
201806271657_016,25,89,Sailboat,353,378,200,289
201806271657_017,34,122,Sailboat,253,287,176,298
201806271657_016,23,89,Sailboat,393,416,199,288
201806271657_017,44,105,Sailboat,297,341,192,297
201806271657_018,67,132,Sailboat,259,326,176,308
201806271657_019,101,181,Sailboat,72,173,142,323
201806271657_014,11,52,Sailboat,371,382,231,283
201806271657_015,16,78,Sailboat,381,397,208,286
201806271657_016,19,88,Sailboat,419,438,200,288
201806271657_014,22,53,Sailboat,386,408,231,284
201806271657_015,45,70,Sailboat,384,429,213,283
201806271657_016,30,97,Sailboat,458,488,192,289
201806271657_017,49,141,Sailboat,395,444,154,295
201806271657_018,25,128,Sailboat,428,453,180,308
201806271657_019,79,248,Sailboat,276,355,74,322
201806271657_017,40,115,Sailboat,373,413,180,295
201806271657_018,45,124,Sailboat,364,409,186,310
201806271657_019,75,256,Sailboat,215,290,70,326
201806271657_016,21,98,Sailboat,510,531,192,290
201806271657_017,41,137,Sailboat,467,508,159,296
201806271657_018,38,193,Sailboat,504,542,117,310
201806271657_019,66,279,Sailboat,401,467,47,326
201806271657_015,40,12,Motorboat,660,700,271,283
201806271657_016,44,13,Motorboat,783,827,275,288
201806271657_017,48,14,Motorboat,846,894,280,294
201806271657_018,69,21,Motorboat,969,1038,289,310
201806271657_019,63,21,Motorboat,1012,1075,298,319
201806271657_015,32,12,Motorboat,701,733,272,284
201806271657_016,35,13,Motorboat,834,869,277,290
201806271657_017,38,14,Motorboat,912,950,282,296
201806271657_018,60,19,Motorboat,1046,1106,292,311
201806271657_019,74,19,Motorboat,1095,1169,301,320
201806271657_014,23,61,Sailboat,403,426,221,282
201806271657_017,39,137,Sailboat,433,472,158,295
201806271657_018,45,188,Sailboat,458,503,120,308
201806271657_019,52,252,Sailboat,343,395,75,327
201806271657_014,25,63,Sailboat,426,451,221,284
201806271657_015,26,65,Sailboat,457,483,219,284
201806271657_016,25,104,Sailboat,529,554,186,290
201806271657_017,43,134,Sailboat,492,535,162,296
201806271657_018,35,134,Sailboat,550,585,176,310
201806271657_019,56,329,Sailboat,470,526,1,330
201806271657_014,17,59,Sailboat,442,459,221,280
201806271657_015,26,80,Sailboat,476,502,203,283
201806271657_016,23,127,Sailboat,555,578,164,291
201806271657_017,38,177,Sailboat,534,572,121,298
201806271657_014,36,63,Sailboat,493,529,220,283
201806271657_015,34,69,Sailboat,548,582,214,283
201806271657_016,48,12,Motorboat,624,672,277,289
201806271657_017,110,29,Motorboat,626,736,278,307
201806271657_018,141,29,Motorboat,686,827,295,324
201806271657_019,214,51,Motorboat,669,883,295,346
201806271657_014,23,74,Sailboat,466,489,207,281
201806271657_015,22,98,Sailboat,508,530,186,284
201806271657_016,31,134,Sailboat,578,609,157,291
201806271657_017,46,152,Sailboat,561,607,145,297
201806271657_018,58,274,Sailboat,594,652,47,321
201806271657_019,90,335,Sailboat,524,614,1,336
201806271657_022,6,13,Seamark,1122,1128,275,288
201806271657_023,8,13,Seamark,1225,1233,279,292
201806271657_024,9,14,Seamark,1203,1212,279,293
201806271657_025,5,14,Seamark,1251,1256,275,289
201806271657_022,20,9,Boat,619,639,275,284
201806271657_023,18,11,Boat,997,1015,278,289
201806271657_021,8,21,Seamark,604,612,264,285
201806271657_022,8,23,Seamark,793,801,266,289
201806271657_023,13,31,Seamark,895,908,266,297
201806271657_024,10,33,Seamark,874,884,263,296
201806271657_025,12,37,Seamark,915,927,266,303
201806271657_026,31,68,Seamark,995,1026,262,330
201806271657_022,6,15,Seamark,513,519,266,281
201806271657_023,10,21,Seamark,578,588,264,285
201806271657_024,10,19,Seamark,499,509,265,284
201806271657_025,9,22,Seamark,472,481,267,289
201806271657_026,16,35,Seamark,351,367,261,296
201806271657_022,5,11,Seamark,885,890,269,280
201806271657_023,10,13,Seamark,977,987,271,284
201806271657_024,11,14,Seamark,934,945,271,285
201806271657_025,5,11,Seamark,958,963,270,281
201806271657_026,13,17,Seamark,943,956,270,287
201806271657_027,9,22,Seamark,843,852,265,287
201806271657_028,8,26,Seamark,681,689,266,292
201806271657_029,25,48,Seamark,677,702,261,309
201806271657_030,34,103,Seamark,839,873,267,370
201806271657_031,7,14,Seamark,278,285,266,280
201806271657_032,11,17,Seamark,151,162,270,287
201806271657_033,9,26,Seamark,43,52,267,293
201806271657_028,4,10,Seamark,793,797,267,277
201806271657_029,9,16,Seamark,771,780,265,281
201806271657_030,10,18,Seamark,799,809,267,285
201806271657_031,8,17,Seamark,732,740,264,281
201806271657_032,12,20,Seamark,717,729,267,287
201806271657_033,11,30,Seamark,791,802,264,294
201806271657_034,16,46,Seamark,864,880,270,316
201806271657_034,4,10,Seamark,359,363,268,278
201806271657_035,9,14,Seamark,250,259,269,283
201806271657_036,27,17,Passengership,629,656,260,277
201806271657_037,49,25,Passengership,395,444,258,283
201806271657_037,4,10,Seamark,892,896,270,280
201806271657_038,8,15,Seamark,941,949,270,285
201806271657_039,9,23,Seamark,868,877,265,288
201806271657_040,8,21,Seamark,789,797,266,287
201806271657_041,12,30,Seamark,768,780,263,293
201806271657_042,14,39,Seamark,773,787,264,303
201806271657_043,36,120,Seamark,913,949,254,374
201806271657_041,7,16,Seamark,932,939,275,291
201806271657_042,4,24,Seamark,965,969,274,298
201806271657_043,4,22,Seamark,1089,1093,286,308
201806271657_044,8,21,Seamark,969,977,272,293
201806271657_045,6,30,Seamark,743,749,261,291
201806271657_046,6,29,Seamark,839,845,275,304
201806271657_034,5,11,Seamark,924,929,272,283
201806271657_035,9,15,Seamark,938,947,270,285
201806271657_036,9,22,Seamark,774,783,264,286
201806271657_037,11,30,Seamark,773,784,265,295
201806271657_038,21,55,Seamark,865,886,259,314
201806271657_039,31,121,Seamark,1079,1110,267,388
201806271657_033,18,36,Cruiseship,685,703,237,273
201806271657_034,18,36,Cruiseship,656,674,236,272
201806271657_035,19,39,Cruiseship,611,630,231,270
201806271657_036,31,43,Cruiseship,376,407,230,273
201806271657_037,33,50,Cruiseship,304,337,224,274
201806271657_038,40,63,Cruiseship,269,309,215,278
201806271657_039,38,60,Cruiseship,86,124,216,276
201806271657_038,6,14,Seamark,906,912,270,284
201806271657_040,4,20,Seamark,776,780,274,294
201806271657_041,9,33,Seamark,783,792,278,311
201806271657_042,21,95,Seamark,936,957,297,392
201806271657_036,74,37,Militaryship,1061,1135,248,285
201806271657_037,80,40,Militaryship,1076,1156,244,284
201806271657_038,97,62,Militaryship,1138,1235,228,290
201806271657_039,63,52,Militaryship,1136,1199,236,288
201806271657_040,116,72,Militaryship,1055,1171,220,292
201806271657_041,146,93,Militaryship,1089,1235,208,301
201806271657_042,100,97,Militaryship,1182,1282,210,307
201806271657_039,23,14,Passengership,1036,1059,266,280
201806271657_040,32,19,Passengership,882,914,262,281
201806271657_041,62,29,Passengership,709,771,253,282
201806271657_042,145,47,Passengership,291,436,247,294
201806271657_043,57,32,Passengership,118,175,266,298
201806271657_044,13,16,Miscboat,980,993,273,289
201806271657_048,54,30,Militaryship,935,989,272,302
201806271657_049,55,17,Motorboat,1186,1241,300,317
201806271657_044,183,100,Militaryship,1098,1281,221,321
201806271657_045,268,97,Militaryship,1010,1278,232,329
201806271657_046,56,30,Miscboat,942,998,266,296
201806271657_047,94,43,Miscboat,1005,1099,264,307
201806271657_044,46,19,Motorboat,1044,1090,272,291
201806271657_045,56,14,Motorboat,820,876,266,280
201806271657_046,50,19,Motorboat,909,959,269,288
201806271657_047,91,31,Motorboat,964,1055,266,297
201806271657_048,122,40,Motorboat,1159,1281,274,314
201806271657_049,24,12,Motorboat,851,875,274,286
201806271657_050,36,20,Motorboat,1128,1164,275,295
201806271657_049,27,12,Motorboat,815,842,272,284
201806271657_050,33,18,Motorboat,1088,1121,273,291
201806271657_051,29,20,Motorboat,1232,1261,280,300
201806271657_049,22,11,Motorboat,790,812,273,284
201806271657_050,30,12,Motorboat,1063,1093,278,290
201806271657_049,25,61,Sailboat,678,703,221,282
201806271657_050,58,91,Sailboat,924,982,201,292
201806271657_051,47,99,Sailboat,1063,1110,198,297
201806271657_049,19,16,Motorboat,588,607,266,282
201806271657_050,26,33,Motorboat,824,850,256,289
201806271657_051,26,30,Motorboat,938,964,264,294
201806271657_049,6,19,Seamark,503,509,267,286
201806271657_050,15,29,Seamark,705,720,268,297
201806271657_052,25,68,Seamark,1249,1274,287,355
201806271657_054,136,152,Militaryship,8,144,155,307
201806271657_055,128,204,Militaryship,1,129,118,322
201806271657_054,75,86,Militaryship,203,278,204,290
201806271657_055,103,68,Militaryship,232,335,232,300
201806271657_056,145,123,Militaryship,93,238,187,310
201806271657_057,66,108,Militaryship,0,66,210,318
201806271657_053,51,61,Cruiseship,96,147,226,287
201806271657_054,69,68,Cruiseship,341,410,211,279
201806271657_055,74,97,Cruiseship,427,501,183,280
201806271657_056,91,83,Cruiseship,373,464,203,286
201806271657_057,99,86,Cruiseship,265,364,200,286
201806271657_058,171,175,Cruiseship,182,353,119,294
201806271657_059,309,175,Cruiseship,1,310,132,307
201806271657_060,198,218,Cruiseship,-1,197,57,275
201806271657_059,72,65,Militaryship,293,365,224,289
201806271657_060,106,84,Militaryship,210,316,211,295
201806271657_058,11,10,Motorboat,533,544,269,279
201806271657_059,22,52,Sailboat,589,611,240,292
201806271657_060,11,42,Sailboat,654,665,239,281
201806271657_061,13,55,Sailboat,652,665,230,285
201806271657_055,22,21,Militaryship,509,531,256,277
201806271657_056,31,43,Militaryship,466,497,241,284
201806271657_057,39,31,Militaryship,372,411,248,279
201806271657_058,43,45,Militaryship,384,427,238,283
201806271657_059,65,52,Militaryship,365,430,233,285
201806271657_060,105,58,Militaryship,316,421,232,290
201806271657_053,46,91,Sailboat,145,191,189,280
201806271657_054,53,93,Sailboat,421,474,179,272
201806271657_055,41,103,Sailboat,533,574,172,275
201806271657_056,69,110,Sailboat,485,554,166,276
201806271657_057,72,112,Sailboat,406,478,161,273
201806271657_058,63,139,Sailboat,443,506,136,275
201806271657_059,105,166,Sailboat,444,549,110,276
201806271657_060,113,208,Sailboat,474,587,74,282
201806271657_061,131,241,Sailboat,452,583,45,286
201806271657_050,36,19,Motorboat,878,914,271,290
201806271657_013,9,26,Sailboat,224,233,252,278
201806271657_013,11,39,Sailboat,281,292,239,278
201806271657_013,11,33,Sailboat,342,353,245,278
201806271657_013,10,37,Sailboat,294,304,241,278
201806271657_014,10,44,Sailboat,358,368,237,281
201806271657_017,30,117,Sailboat,335,365,180,297
201806271657_018,48,112,Sailboat,104,152,197,309
201806271657_020,76,188,Sailboat,1175,1251,162,350
201806271657_020,74,220,Sailboat,1055,1129,125,345
201806271657_020,91,144,Sailboat,971,1062,186,330
201806271657_020,138,213,Sailboat,825,963,111,324
201806271657_020,11,48,Sailboat,215,226,241,289
201806271657_020,51,78,Sailboat,378,429,208,286
201806271657_020,123,368,Sailboat,308,431,1,369
201806271657_020,32,59,Sailboat,322,354,231,290
201806271657_021,17,52,Sailboat,1174,1191,246,298
201806271657_028,31,105,Sailboat,1225,1256,209,314
201806271657_061,21,42,Sailboat,742,763,237,279
201806271657_038,141,47,Cruiseship,252,393,224,271
201806271657_038,60,57,Passengership,1,61,250,307
201806271657_061,383,387,Passengership,0,383,34,421
201806271657_060,207,401,Passengership,10,217,9,410
201806271657_045,54,29,Motorboat,942,996,254,283
201806271657_020,49,23,Motorboat,437,486,265,288
201806271657_033,21,12,Motorboat,74,95,285,297
201806271657_035,27,14,Motorboat,72,99,287,301
201806271657_044,25,21,Motorboat,489,514,271,292
201806271657_049,13,11,Motorboat,1121,1134,283,294
201806271657_053,34,36,Motorboat,607,641,260,296
201806271657_060,92,61,Motorboat,822,914,296,357
201806271657_036,73,21,Miscboat,1138,1211,267,288
201806271657_039,35,29,Miscboat,1244,1279,270,299
201806271657_012,8,21,Seamark,1224,1232,293,314
201806271657_012,9,21,Seamark,1161,1170,277,298
201806271657_020,11,10,Seamark,491,502,311,321
201806271657_020,11,10,Seamark,739,750,298,308
201806271657_020,9,14,Seamark,420,429,313,327
201806271657_020,21,29,Seamark,302,323,343,372
201806271657_028,8,26,Seamark,64,72,269,295
201806271657_035,7,11,Seamark,1064,1071,273,284
201806271657_044,12,39,Seamark,1013,1025,290,329
201806271657_046,4,16,Seamark,791,795,272,288
201806271728_001,63,42,Militaryship,143,206,267,309
201806271728_002,114,61,Militaryship,1,115,267,328
201806271728_002,21,15,Boat,314,335,280,295
201806271728_003,42,24,Boat,103,145,301,325
201806271728_006,95,56,Miscboat,913,1008,279,335
201806271728_007,168,218,Miscboat,1112,1280,192,410
201806271728_000,32,74,Sailboat,565,597,209,283
201806271728_001,37,88,Sailboat,542,579,193,281
201806271728_002,43,109,Sailboat,607,650,182,291
201806271728_003,55,132,Sailboat,658,713,160,292
201806271728_004,66,167,Sailboat,736,802,131,298
201806271728_005,120,278,Sailboat,761,881,45,323
201806271728_006,227,373,Sailboat,951,1178,1,374
201806271728_005,38,61,Sailboat,423,461,221,282
201806271728_006,34,66,Sailboat,494,528,220,286
201806271728_007,34,65,Sailboat,451,485,219,284
201806271728_008,36,68,Sailboat,318,354,217,285
201806271728_009,62,90,Sailboat,533,595,193,283
201806271728_010,75,108,Sailboat,379,454,188,296
201806271728_011,75,106,Sailboat,362,437,189,295
201806271728_012,83,119,Sailboat,217,300,183,302
201806271728_013,89,36,Motorboat,89,178,276,312
201806271728_011,73,124,Sailboat,399,472,167,291
201806271728_012,86,147,Sailboat,282,368,151,298
201806271728_013,87,77,Miscboat,369,456,225,302
201806271728_014,58,41,Miscboat,268,326,256,297
201806271728_015,95,47,Miscboat,187,282,262,309
201806271728_010,68,23,Motorboat,333,401,273,296
201806271728_011,94,34,Motorboat,249,343,279,313
201806271728_012,125,37,Motorboat,6,131,286,323
201806271728_010,90,168,Sailboat,218,308,140,308
201806271728_011,92,228,Sailboat,127,219,99,327
201806271728_013,65,175,Sailboat,4,69,148,323
201806271728_014,78,52,Sailboat,1,79,289,341
201806271728_012,111,42,Motorboat,124,235,272,314
201806271728_006,10,10,Motorboat,698,708,272,282
201806271728_007,11,11,Motorboat,674,685,272,283
201806271728_008,12,12,Motorboat,560,572,272,284
201806271728_009,28,22,Motorboat,824,852,271,293
201806271728_010,23,23,Motorboat,775,798,278,301
201806271728_011,43,37,Motorboat,857,900,281,318
201806271728_012,75,57,Motorboat,924,999,298,355
201806271728_010,14,20,Motorboat,763,777,278,298
201806271728_011,22,28,Motorboat,835,857,282,310
201806271728_012,46,38,Motorboat,865,911,295,333
201806271728_001,15,16,Passengership,491,506,258,274
201806271728_002,16,18,Passengership,558,574,258,276
201806271728_003,18,20,Passengership,602,620,258,278
201806271728_004,23,26,Passengership,670,693,254,280
201806271728_005,28,36,Passengership,645,673,249,285
201806271728_006,33,31,Passengership,721,754,257,288
201806271728_007,37,50,Passengership,701,738,240,290
201806271728_008,52,70,Passengership,589,641,228,298
201806271728_009,65,68,Passengership,872,937,237,305
201806271728_010,169,138,Passengership,921,1090,212,350
201806271728_006,32,33,Passengership,678,710,243,276
201806271728_007,23,49,Passengership,653,676,232,281
201806271728_008,23,49,Passengership,539,562,232,281
201806271728_009,22,46,Passengership,810,832,233,279
201806271728_010,31,57,Passengership,703,734,226,283
201806271728_011,39,38,Passengership,739,778,252,290
201806271728_012,55,40,Passengership,674,729,250,290
201806271728_013,69,111,Passengership,660,729,190,301
201806271728_014,130,97,Passengership,805,935,221,318
201806271728_015,195,341,Passengership,1087,1282,53,394
201806271728_005,40,15,Ferry,507,547,263,278
201806271728_006,37,12,Ferry,597,634,265,277
201806271728_007,43,12,Ferry,582,625,264,276
201806271728_008,44,18,Ferry,485,529,262,280
201806271728_009,33,14,Ferry,777,810,265,279
201806271728_010,44,17,Ferry,660,704,265,282
201806271728_011,55,25,Ferry,683,738,263,288
201806271728_012,59,27,Ferry,616,675,260,287
201806271728_013,79,27,Ferry,581,660,262,289
201806271728_014,112,43,Ferry,697,809,260,303
201806271728_015,226,70,Ferry,855,1081,258,328
201806271728_016,122,138,Passengership,1046,1168,204,342
201806271728_017,197,239,Passengership,1058,1255,136,375
201806271728_014,52,35,Miscboat,365,417,257,292
201806271728_015,80,38,Miscboat,367,447,259,297
201806271728_016,123,65,Miscboat,120,243,253,318
201806271728_018,296,248,Militaryship,908,1204,124,372
201806271728_019,187,176,Miscboat,1075,1262,248,424
201806271728_017,84,97,Militaryship,810,894,213,310
201806271728_018,57,135,Militaryship,843,900,190,325
201806271728_015,43,48,Militaryship,518,561,235,283
201806271728_016,59,62,Militaryship,401,460,229,291
201806271728_017,103,89,Militaryship,112,215,229,318
201806271728_016,36,38,Motorboat,919,955,266,304
201806271728_017,92,66,Motorboat,912,1004,272,338
201806271728_018,42,89,Motorboat,1239,1281,316,405
201806271728_016,32,24,Motorboat,817,849,265,289
201806271728_017,53,38,Motorboat,694,747,258,296
201806271728_018,69,49,Motorboat,691,760,255,304
201806271728_019,102,71,Motorboat,723,825,255,326
201806271728_020,204,144,Motorboat,828,1032,230,374
201806271728_021,96,179,Motorboat,1185,1281,333,512
201806271728_022,57,31,Motorboat,111,168,271,302
201806271728_023,69,44,Motorboat,1,70,270,314
201806271728_023,62,41,Miscboat,258,320,255,296
201806271728_024,104,33,Miscboat,1,105,270,303
201806271728_000,232,269,Passengership,215,447,97,366
201806271728_001,177,222,Passengership,261,438,128,350
201806271728_002,147,199,Passengership,339,486,152,351
201806271728_003,121,170,Passengership,334,455,160,330
201806271728_004,127,159,Passengership,350,477,165,324
201806271728_005,127,137,Passengership,299,426,191,328
201806271728_006,114,97,Passengership,366,480,221,318
201806271728_007,108,127,Passengership,345,453,187,314
201806271728_008,107,116,Passengership,216,323,201,317
201806271728_009,112,78,Passengership,469,581,227,305
201806271728_010,94,103,Passengership,426,520,204,307
201806271728_011,88,101,Passengership,475,563,208,309
201806271728_012,78,72,Passengership,421,499,233,305
201806271728_014,83,73,Passengership,488,571,233,306
201806271728_015,79,97,Passengership,614,693,205,302
201806271728_016,73,110,Passengership,607,680,197,307
201806271728_017,84,104,Passengership,471,555,209,313
201806271728_018,81,122,Passengership,424,505,190,312
201806271728_019,101,125,Passengership,371,472,188,313
201806271728_020,134,99,Passengership,398,532,222,321
201806271728_021,158,164,Passengership,433,591,162,326
201806271728_022,205,203,Passengership,387,592,141,344
201806271728_023,178,199,Passengership,393,571,151,350
201806271728_024,272,291,Passengership,312,584,85,376
201806271728_023,36,23,Motorboat,322,358,267,290
201806271728_024,56,26,Motorboat,118,174,273,299
201806271728_027,29,26,Motorboat,95,124,283,309
201806271728_028,39,37,Motorboat,23,62,285,322
201806271728_029,105,73,Motorboat,17,122,275,348
201806271728_028,51,15,Ferry,248,299,278,293
201806271728_029,67,21,Ferry,450,517,271,292
201806271728_012,101,60,Boat,1072,1173,335,395
201806271728_012,69,55,Boat,1004,1073,315,370
201806271728_010,24,14,Boat,794,818,293,307
201806271728_011,129,252,Sailboat,18,147,78,330
201806271728_000,219,320,Sailboat,1,220,3,323
201806271728_016,118,260,Passengership,1162,1280,117,377
201806271728_025,175,55,Passengership,327,502,246,301
201806271728_001,84,31,Passengership,2,86,291,322
201806271728_016,75,118,Passengership,955,1030,198,316
201806271728_024,108,93,Motorboat,856,964,276,369
201806271728_010,46,17,Motorboat,1,47,314,331
201806271728_010,70,16,Motorboat,45,115,309,325
201806271728_010,92,27,Motorboat,95,187,292,319
201806271728_014,62,25,Motorboat,190,252,288,313
201806271728_019,28,14,Motorboat,185,213,295,309
201806271728_025,112,32,Motorboat,1161,1273,300,332
201806271728_026,82,82,Motorboat,217,299,281,363
201806271728_029,41,32,Miscboat,662,703,261,293
201806271728_029,67,55,Miscboat,753,820,250,305
201806271728_029,31,23,Motorboat,348,379,270,293
201806271728_029,27,21,Miscboat,381,408,269,290
201806271728_029,38,24,Miscboat,302,340,277,301
201806271728_029,47,27,Miscboat,236,283,282,309
201806271728_029,42,40,Miscboat,191,233,279,319
201806271728_001,52,75,Motorboat,92,144,233,308
201806271728_018,19,14,Motorboat,323,342,265,279
201806271728_022,46,31,Miscellaneous,209,255,53,84
201806281002_001,30,146,Sailboat,383,413,143,289
201806281002_002,29,122,Sailboat,366,395,164,286
201806281002_003,24,104,Sailboat,504,528,182,286
201806281002_004,22,91,Sailboat,535,557,188,279
201806281002_005,20,82,Sailboat,543,563,192,274
201806281002_000,105,237,Sailboat,24,129,89,326
201806281002_001,78,181,Sailboat,794,872,105,286
201806281002_002,72,163,Sailboat,730,802,122,285
201806281002_003,61,144,Sailboat,802,863,141,285
201806281002_004,48,118,Sailboat,794,842,157,275
201806281002_001,101,23,Motorboat,862,963,271,294
201806281002_002,91,21,Motorboat,783,874,265,286
201806281002_003,77,17,Motorboat,841,918,263,280
201806281002_004,53,12,Motorboat,831,884,263,275
201806281002_001,166,216,Passengership,161,327,117,333
201806281002_002,127,190,Passengership,209,336,125,315
201806281002_003,77,72,Passengership,402,479,230,302
201806281002_004,47,58,Passengership,483,530,231,289
201806281002_005,34,94,Passengership,504,538,188,282
201806281002_003,238,160,Passengership,8,246,234,394
201806281002_004,104,93,Passengership,296,400,234,327
201806281002_005,63,73,Passengership,378,441,236,309
201806281002_005,151,225,Motorboat,0,151,192,417
201806281002_006,106,82,Motorboat,205,311,266,348
201806281002_007,158,180,Militaryship,137,295,175,355
201806281002_008,70,131,Militaryship,396,466,186,317
201806281002_009,54,82,Militaryship,555,609,223,305
201806281002_010,42,47,Militaryship,133,175,254,301
201806281002_011,28,52,Militaryship,428,456,250,302
201806281002_012,21,38,Militaryship,384,405,255,293
201806281002_006,224,285,Militaryship,1,225,128,413
201806281002_008,94,179,Miscboat,303,397,159,338
201806281002_009,42,119,Miscboat,506,548,191,310
201806281002_008,162,257,Miscboat,100,262,136,393
201806281002_009,240,150,Motorboat,162,402,234,384
201806281002_010,72,71,Motorboat,1,73,272,343
201806281002_011,66,78,Motorboat,336,402,235,313
201806281002_012,51,52,Motorboat,321,372,253,305
201806281002_013,39,37,Motorboat,318,357,256,293
201806281002_014,30,32,Motorboat,270,300,257,289
201806281002_015,22,29,Motorboat,676,698,253,282
201806281002_000,419,138,Ferry,254,673,244,382
201806281002_001,137,87,Ferry,1144,1281,242,329
201806281002_002,210,71,Ferry,982,1192,233,304
201806281002_003,149,48,Ferry,984,1133,248,296
201806281002_004,134,41,Ferry,883,1017,243,284
201806281002_005,150,39,Ferry,777,927,244,283
201806281002_006,102,36,Ferry,673,775,250,286
201806281002_007,96,32,Ferry,541,637,249,281
201806281002_008,62,29,Ferry,568,630,246,275
201806281002_009,49,23,Ferry,688,737,253,276
201806281002_010,44,19,Ferry,232,276,261,280
201806281002_011,40,17,Ferry,491,531,254,271
201806281002_012,31,25,Ferry,438,469,252,277
201806281002_003,92,63,Miscboat,1189,1281,249,312
201806281002_004,93,112,Miscboat,1077,1170,182,294
201806281002_005,76,100,Miscboat,1025,1101,189,289
201806281002_006,63,28,Miscboat,948,1011,256,284
201806281002_007,56,32,Miscboat,860,916,249,281
201806281002_008,48,32,Miscboat,910,958,244,276
201806281002_005,52,129,Passengership,1229,1281,181,310
201806281002_006,126,47,Passengership,1096,1222,254,301
201806281002_007,106,48,Passengership,975,1081,245,293
201806281002_008,196,170,Passengership,972,1168,149,319
201806281002_009,65,57,Passengership,914,979,232,289
201806281002_010,45,30,Passengership,382,427,248,278
201806281002_011,34,30,Passengership,603,637,240,270
201806281002_012,36,64,Passengership,516,552,209,273
201806281002_004,225,145,Miscboat,72,297,248,393
201806281002_005,144,216,Miscboat,236,380,135,351
201806281002_006,98,61,Miscboat,327,425,262,323
201806281002_007,82,117,Miscboat,332,414,185,302
201806281002_008,61,93,Miscboat,473,534,197,290
201806281002_009,39,30,Miscboat,617,656,253,283
201806281002_009,69,55,Miscboat,430,499,266,321
201806281002_010,43,41,Miscboat,71,114,278,319
201806281002_002,123,228,Passengership,0,123,168,396
201806281002_003,141,124,Passengership,256,397,215,339
201806281002_004,86,81,Passengership,398,484,227,308
201806281002_005,64,77,Passengership,441,505,223,300
201806281002_006,61,50,Passengership,441,502,242,292
201806281002_007,43,53,Passengership,424,467,239,292
201806281002_008,32,42,Passengership,535,567,240,282
201806281002_009,34,53,Passengership,651,685,223,276
201806281002_010,22,31,Passengership,210,232,252,283
201806281002_011,20,30,Passengership,472,492,245,275
201806281002_010,89,83,Militaryship,708,797,199,282
201806281002_011,43,75,Militaryship,920,963,206,281
201806281002_013,107,90,Passengership,1177,1284,220,310
201806281002_014,223,110,Passengership,930,1153,190,300
201806281002_015,75,36,Passengership,1206,1281,256,292
201806281002_009,59,35,Miscboat,1046,1105,249,284
201806281002_010,54,27,Miscboat,543,597,246,273
201806281002_011,47,30,Miscboat,779,826,241,271
201806281002_012,47,22,Miscboat,699,746,244,266
201806281002_010,451,174,Passengership,826,1277,139,313
201806281002_011,319,147,Passengership,963,1282,163,310
201806281002_012,330,122,Passengership,821,1151,180,302
201806281002_013,253,80,Passengership,585,838,204,284
201806281002_014,48,43,Passengership,635,683,236,279
201806281002_015,38,31,Passengership,983,1021,249,280
201806281002_010,38,22,Miscboat,496,534,250,272
201806281002_011,29,48,Miscboat,738,767,220,268
201806281002_012,28,47,Miscboat,665,693,223,270
201806281002_013,28,48,Miscboat,582,610,225,273
201806281002_014,194,71,Passengership,348,542,214,285
201806281002_015,41,49,Passengership,839,880,234,283
201806281002_014,40,48,Passengership,592,632,225,273
201806281002_015,34,40,Passengership,940,974,234,274
201806281002_012,123,71,Passengership,1158,1281,237,308
201806281002_013,154,67,Passengership,915,1069,234,301
201806281002_014,107,85,Passengership,754,861,202,287
201806281002_015,85,34,Passengership,1075,1160,250,284
201806281002_013,53,16,Ferry,411,464,257,273
201806281002_015,101,64,Motorboat,517,618,273,337
201806281002_001,37,22,Motorboat,685,722,255,277
201806281012_002,104,57,Motorboat,1,105,260,317
201806281012_003,162,85,Motorboat,677,839,269,354
201806281012_003,165,84,Passengership,209,374,218,302
201806281012_004,257,206,Passengership,893,1150,147,353
201806281012_005,152,205,Passengership,1132,1284,199,404
201806281012_003,64,76,Passengership,124,188,210,286
201806281012_004,86,111,Passengership,800,886,191,302
201806281012_005,150,152,Passengership,899,1049,167,319
201806281012_006,189,156,Passengership,1092,1281,211,367
201806281012_004,49,35,Motorboat,261,310,247,282
201806281012_005,72,46,Motorboat,201,273,245,291
201806281012_006,121,81,Motorboat,58,179,227,308
201806281012_005,37,28,Motorboat,284,321,255,283
201806281012_006,68,40,Motorboat,196,264,254,294
201806281012_003,36,35,Passengership,61,97,247,282
201806281012_004,43,46,Passengership,741,784,236,282
201806281012_005,54,62,Passengership,805,859,226,288
201806281012_006,79,65,Passengership,885,964,238,303
201806281012_007,212,195,Passengership,1065,1277,177,372
201806281012_005,35,23,Motorboat,328,363,254,277
201806281012_006,45,42,Motorboat,275,320,243,285
201806281012_003,19,36,Passengership,36,55,243,279
201806281012_004,33,34,Passengership,445,478,235,269
201806281012_005,27,28,Passengership,465,492,238,266
201806281012_006,36,33,Passengership,470,506,236,269
201806281012_007,42,38,Passengership,365,407,236,274
201806281012_008,72,53,Passengership,222,294,232,285
201806281012_009,126,78,Passengership,84,210,225,303
201806281012_005,27,49,Passengership,778,805,232,281
201806281012_006,42,59,Passengership,847,889,232,291
201806281012_007,122,155,Passengership,915,1037,167,322
201806281012_007,61,39,Miscboat,261,322,245,284
201806281012_008,104,54,Miscboat,1,105,255,309
201806281012_008,17,16,Motorboat,440,457,250,266
201806281012_009,137,37,Ferry,360,497,248,285
201806281012_010,20,16,Motorboat,520,540,255,271
201806281012_011,18,15,Motorboat,456,474,257,272
201806281012_012,32,22,Motorboat,388,420,254,276
201806281012_013,40,27,Motorboat,388,428,258,285
201806281012_014,78,48,Motorboat,117,195,268,316
201806281012_007,42,39,Passengership,322,364,237,276
201806281012_008,95,58,Passengership,120,215,237,295
201806281012_005,29,26,Passengership,734,763,245,271
201806281012_006,31,26,Passengership,783,814,249,275
201806281012_007,74,77,Passengership,768,842,213,290
201806281012_008,95,98,Passengership,797,892,204,302
201806281012_009,218,97,Passengership,976,1194,249,346
201806281012_005,33,15,Ferry,689,722,250,265
201806281012_006,76,21,Ferry,715,791,244,265
201806281012_007,83,24,Ferry,634,717,246,270
201806281012_008,107,31,Ferry,488,595,245,276
201806281012_010,211,60,Ferry,115,326,246,306
201806281012_011,118,126,Passengership,0,118,202,328
201806281012_006,32,19,Ferry,726,758,248,267
201806281012_007,35,21,Ferry,641,676,249,270
201806281012_008,38,23,Ferry,503,541,250,273
201806281012_005,26,22,Passengership,492,518,241,263
201806281012_006,41,50,Passengership,498,539,214,264
201806281012_007,46,57,Passengership,411,457,211,268
201806281012_008,65,74,Passengership,321,386,201,275
201806281012_009,86,50,Passengership,272,358,234,284
201806281012_008,19,64,Sailboat,422,441,204,268
201806281012_010,29,116,Sailboat,441,470,160,276
201806281012_011,42,159,Sailboat,321,363,127,286
201806281012_008,50,84,Miscboat,745,795,199,283
201806281012_009,89,41,Miscboat,832,921,259,300
201806281012_010,167,231,Miscboat,1067,1234,114,345
201806281012_010,66,17,Motorboat,787,853,268,285
201806281012_011,139,23,Motorboat,801,940,281,304
201806281012_012,262,82,Motorboat,1021,1283,328,410
201806281012_010,15,8,Boat,627,642,261,269
201806281012_011,20,17,Boat,505,525,265,282
201806281012_012,53,36,Boat,262,315,291,327
201806281012_009,53,126,Sailboat,679,732,153,279
201806281012_010,60,144,Sailboat,777,837,145,289
201806281012_011,103,227,Sailboat,763,866,65,292
201806281012_012,282,323,Sailboat,858,1140,4,327
201806281012_013,162,377,Sailboat,1119,1281,1,378
201806281012_010,30,23,Motorboat,471,501,251,274
201806281012_011,43,26,Motorboat,375,418,252,278
201806281012_012,54,51,Motorboat,255,309,243,294
201806281012_013,119,60,Motorboat,132,251,257,317
201806281012_013,75,37,Motorboat,864,939,268,305
201806281012_014,139,82,Motorboat,1142,1281,319,401
201806281012_015,111,43,Motorboat,963,1074,276,319
201806281012_011,21,15,Motorboat,435,456,258,273
201806281012_012,23,16,Motorboat,366,389,263,279
201806281012_013,35,27,Motorboat,343,378,265,292
201806281012_014,81,44,Motorboat,1,82,288,332
201806281012_014,59,71,Miscboat,331,390,217,288
201806281012_015,113,123,Miscboat,91,204,197,320
201806281012_014,16,18,Motorboat,518,534,248,266
201806281012_015,18,20,Motorboat,475,493,251,271
201806281012_016,27,26,Motorboat,399,426,252,278
201806281012_017,36,27,Motorboat,316,352,254,281
201806281012_014,19,71,Sailboat,534,553,195,266
201806281012_015,52,98,Sailboat,467,519,184,282
201806281012_016,39,105,Sailboat,425,464,169,274
201806281012_017,46,129,Sailboat,352,398,150,279
201806281012_012,61,114,Sailboat,740,801,176,290
201806281012_010,17,13,Motorboat,507,524,254,267
201806281012_009,21,17,Motorboat,468,489,251,268
201806281012_013,51,23,Boat,1009,1060,340,363
201806281012_004,17,8,Boat,300,317,289,297
201806281012_004,24,10,Boat,261,285,288,298
201806281012_012,79,243,Sailboat,131,210,61,304
201806281012_015,76,215,Sailboat,1205,1281,183,398
201806281012_014,117,42,Motorboat,940,1057,274,316
201806281012_014,48,30,Motorboat,81,129,289,319
201806281012_001,259,75,Motorboat,69,328,263,338
201806281012_007,50,34,Motorboat,193,243,259,293
201806281022_000,32,26,Motorboat,585,617,250,276
201806281022_001,46,38,Motorboat,691,737,251,289
201806281022_002,41,36,Motorboat,733,774,253,289
201806281022_003,63,55,Motorboat,956,1019,265,320
201806281022_002,39,34,Motorboat,779,818,255,289
201806281022_003,62,60,Motorboat,1035,1097,269,329
201806281022_004,218,149,Motorboat,1037,1255,288,437
201806281022_001,35,8,Boat,594,629,267,275
201806281022_002,55,13,Boat,609,664,265,278
201806281022_003,99,20,Boat,719,818,277,297
201806281022_004,47,25,Boat,356,403,289,314
201806281022_005,81,28,Boat,168,249,302,330
201806281022_000,98,189,Sailboat,610,708,81,270
201806281022_001,131,222,Sailboat,709,840,31,253
201806281022_002,80,255,Sailboat,780,860,1,256
201806281022_003,155,257,Sailboat,943,1098,2,259
201806281022_004,231,273,Sailboat,860,1091,1,274
201806281022_005,250,378,Sailboat,1031,1281,1,379
201806281022_006,171,266,Sailboat,1110,1281,118,384
201806281022_004,55,51,Militaryship,798,853,222,273
201806281022_005,70,91,Militaryship,894,964,190,281
201806281022_006,121,119,Militaryship,789,910,174,293
201806281022_007,273,211,Militaryship,997,1270,120,331
201806281022_004,39,92,Cruiseship,761,800,172,264
201806281022_005,58,130,Cruiseship,842,900,137,267
201806281022_006,93,103,Cruiseship,698,791,172,275
201806281022_007,177,212,Cruiseship,820,997,69,281
201806281022_008,343,305,Cruiseship,868,1211,1,306
201806281022_009,344,318,Cruiseship,937,1281,14,332
201806281022_008,49,62,Militaryship,788,837,204,266
201806281022_009,49,72,Militaryship,789,838,197,269
201806281022_010,86,114,Militaryship,803,889,166,280
201806281022_011,113,139,Militaryship,849,962,144,283
201806281022_012,261,201,Militaryship,833,1094,116,317
201806281022_009,27,44,Militaryship,760,787,221,265
201806281022_010,35,67,Militaryship,768,803,200,267
201806281022_011,58,95,Militaryship,792,850,173,268
201806281022_012,107,130,Militaryship,725,832,147,277
201806281022_013,173,231,Militaryship,775,948,77,308
201806281022_014,78,109,Militaryship,862,940,176,285
201806281022_016,136,220,Miscboat,1144,1280,153,373
201806281022_017,66,54,Militaryship,857,923,207,261
201806281022_018,64,61,Militaryship,599,663,199,260
201806281022_019,79,76,Militaryship,263,342,195,271
201806281022_020,72,87,Militaryship,49,121,198,285
201806281022_014,371,443,Militaryship,911,1282,1,444
201806281022_015,157,262,Militaryship,1009,1166,96,358
201806281022_020,124,89,Militaryship,102,226,188,277
201806281022_021,165,98,Militaryship,44,209,185,283
201806281022_004,8,7,Boat,614,622,261,268
201806281022_005,9,5,Boat,714,723,264,269
201806281022_006,10,6,Boat,588,598,263,269
201806281022_007,10,7,Boat,684,694,264,271
201806281022_008,8,7,Boat,705,713,263,270
201806281022_009,9,8,Boat,695,704,262,270
201806281022_010,13,8,Boat,700,713,264,272
201806281022_011,12,8,Boat,686,698,263,271
201806281022_012,13,9,Boat,590,603,262,271
201806281022_013,12,10,Boat,671,683,263,273
201806281022_014,12,10,Boat,809,821,261,271
201806281022_002,21,26,Sailboat,716,737,225,251
201806281022_003,22,28,Sailboat,827,849,223,251
201806281022_004,23,29,Sailboat,629,652,221,250
201806281022_005,22,30,Sailboat,698,720,219,249
201806281022_006,20,28,Sailboat,528,548,219,247
201806281022_007,22,31,Sailboat,618,640,217,248
201806281022_008,27,38,Sailboat,601,628,209,247
201806281022_009,31,43,Sailboat,556,587,204,247
201806281022_010,35,48,Sailboat,542,577,204,252
201806281022_011,35,47,Sailboat,544,579,201,248
201806281022_012,40,55,Sailboat,425,465,195,250
201806281022_013,48,66,Sailboat,376,424,190,256
201806281022_014,55,72,Sailboat,308,363,176,248
201806281022_013,29,12,Motorboat,707,736,245,257
201806281022_014,32,15,Motorboat,697,729,242,257
201806281022_015,41,27,Motorboat,582,623,242,269
201806281022_016,48,24,Motorboat,523,571,244,268
201806281022_017,59,30,Motorboat,227,286,250,280
201806281022_003,19,20,Boat,869,888,262,282
201806281022_004,26,11,Boat,717,743,267,278
201806281022_005,20,10,Boat,839,859,275,285
201806281022_006,21,10,Boat,786,807,281,291
201806281022_007,27,18,Boat,969,996,292,310
201806281022_008,40,27,Boat,967,1007,292,319
201806281022_009,18,20,Boat,748,766,268,288
201806281022_010,10,8,Boat,740,750,265,273
201806281022_011,13,6,Boat,722,735,264,270
201806281022_012,17,16,Boat,646,663,258,274
201806281022_013,17,10,Boat,731,748,263,273
201806281022_014,13,10,Boat,837,850,263,273
201806281022_004,13,10,Boat,630,643,264,274
201806281022_005,11,9,Boat,697,708,267,276
201806281022_006,23,28,Boat,529,552,256,284
201806281022_007,14,8,Boat,629,643,266,274
201806281022_008,14,10,Boat,678,692,265,275
201806281022_009,21,21,Boat,662,683,259,280
201806281022_010,14,9,Boat,656,670,265,274
201806281022_011,12,8,Boat,653,665,264,272
201806281022_012,20,16,Boat,554,574,260,276
201806281022_013,14,8,Boat,612,626,265,273
201806281022_014,13,10,Boat,725,738,263,273
201806281022_015,21,18,Boat,816,837,268,286
201806281022_016,15,11,Boat,979,994,269,280
201806281022_017,15,10,Boat,990,1005,268,278
201806281022_018,25,17,Boat,898,923,266,283
201806281022_019,11,9,Boat,667,678,268,277
201806281022_020,8,10,Boat,529,537,272,282
201806281022_021,16,15,Boat,603,619,268,283
201806281022_022,9,6,Boat,523,532,265,271
201806281022_022,12,9,Boat,513,525,271,280
201806281022_023,11,9,Boat,478,489,269,278
201806281022_019,9,7,Boat,714,723,264,271
201806281022_020,9,8,Boat,570,579,266,274
201806281022_020,3,13,Seamark,362,365,260,273
201806281022_021,11,15,Seamark,355,366,259,274
201806281022_022,5,15,Seamark,209,214,265,280
201806281022_023,3,20,Seamark,78,81,267,287
201806281022_020,3,8,Seamark,266,269,257,265
201806281022_021,4,10,Seamark,280,284,252,262
201806281022_022,4,9,Seamark,162,166,258,267
201806281022_023,4,11,Seamark,132,136,255,266
201806281022_020,3,8,Seamark,390,393,257,265
201806281022_021,9,13,Seamark,404,413,254,267
201806281022_022,4,12,Seamark,282,286,257,269
201806281022_019,11,9,Boat,602,613,271,280
201806281022_020,12,12,Boat,515,527,274,286
201806281022_021,13,13,Boat,516,529,275,288
201806281022_022,25,11,Boat,467,492,274,285
201806281022_023,10,10,Boat,638,648,267,277
201806281022_019,7,15,Seamark,606,613,247,262
201806281022_020,5,15,Seamark,436,441,252,267
201806281022_021,6,16,Seamark,450,456,252,268
201806281022_022,7,19,Seamark,328,335,252,271
201806281022_023,9,23,Seamark,274,283,250,273
201806281022_016,17,10,Boat,1041,1058,273,283
201806281022_016,10,9,Boat,1018,1028,271,280
201806281022_023,6,6,Boat,484,490,261,267
201806281022_015,32,63,Sailboat,29,61,214,277
201806281022_010,123,279,Cruiseship,1159,1282,66,345
201806281022_006,83,65,Passengership,1073,1156,254,319
201806281022_018,55,31,Motorboat,416,471,237,268
201806281022_014,25,13,Motorboat,269,294,249,262
201806281022_006,64,64,Militaryship,898,962,234,298
201806281022_006,89,66,Motorboat,967,1056,254,320
201806281022_002,167,133,Miscboat,1016,1183,202,335
201806281022_004,167,52,Passengership,861,1028,280,332
201806281022_005,45,43,Motorboat,971,1016,253,296
201806281022_015,101,112,Miscboat,910,1011,199,311
201806281022_016,108,30,Miscboat,154,262,249,279
201806281022_019,4,8,Seamark,439,443,250,258
201806281022_019,3,7,Seamark,562,565,251,258
201806281022_019,4,11,Seamark,544,548,255,266
201806281022_023,4,8,Seamark,412,416,249,257
201806281022_023,3,9,Seamark,240,243,256,265
201806281022_023,6,14,Seamark,91,97,260,274
201806281022_021,17,23,Seamark,459,476,254,277
201806281032_000,18,11,Boat,448,466,268,279
201806281032_001,20,9,Boat,541,561,271,280
201806281032_002,16,22,Boat,425,441,271,293
201806281032_003,15,20,Boat,624,639,268,288
201806281032_004,34,16,Boat,576,610,273,289
201806281032_005,12,8,Boat,467,479,280,288
201806281032_006,15,13,Boat,406,421,278,291
201806281032_004,21,13,Boat,549,570,276,289
201806281032_005,15,10,Boat,427,442,279,289
201806281032_006,21,12,Boat,375,396,280,292
201806281032_007,28,16,Boat,202,230,289,305
201806281032_008,31,18,Boat,215,246,294,312
201806281032_009,64,25,Boat,277,341,298,323
201806281032_010,37,26,Boat,725,762,290,316
201806281032_011,31,16,Boat,1102,1133,301,317
201806281032_000,17,15,Boat,341,358,269,284
201806281032_001,21,12,Boat,434,455,273,285
201806281032_002,17,20,Boat,400,417,272,292
201806281032_003,17,21,Boat,585,602,268,289
201806281032_001,15,7,Boat,395,410,265,272
201806281032_002,16,8,Boat,254,270,270,278
201806281032_003,17,8,Boat,389,406,263,271
201806281032_004,10,7,Boat,279,289,268,275
201806281032_001,5,12,Seamark,432,437,250,262
201806281032_002,6,13,Seamark,346,352,253,266
201806281032_003,6,13,Seamark,467,473,248,261
201806281032_004,7,17,Seamark,363,370,252,269
201806281032_005,8,19,Seamark,238,246,252,271
201806281032_006,8,25,Seamark,245,253,252,277
201806281032_007,9,27,Seamark,48,57,262,289
201806281032_002,15,18,Motorboat,442,457,242,260
201806281032_003,16,20,Motorboat,577,593,236,256
201806281032_004,19,24,Motorboat,486,505,237,261
201806281032_005,17,10,Motorboat,390,407,255,265
201806281032_006,19,11,Motorboat,446,465,254,265
201806281032_007,21,12,Motorboat,343,364,256,268
201806281032_008,23,26,Motorboat,175,198,251,277
201806281032_002,16,13,Miscboat,424,440,248,261
201806281032_003,18,14,Miscboat,558,576,242,256
201806281032_004,20,15,Miscboat,465,485,245,260
201806281032_005,22,12,Miscboat,365,387,254,266
201806281032_006,24,13,Miscboat,416,440,253,266
201806281032_007,26,14,Miscboat,303,329,256,270
201806281032_008,29,16,Miscboat,104,133,262,278
201806281032_008,79,109,Militaryship,996,1075,190,299
201806281032_009,145,260,Militaryship,1128,1273,98,358
201806281032_002,14,18,Motorboat,473,487,241,259
201806281032_003,15,20,Motorboat,611,626,236,256
201806281032_004,16,22,Motorboat,523,539,238,260
201806281032_005,18,13,Motorboat,430,448,250,263
201806281032_006,20,14,Motorboat,493,513,249,263
201806281032_007,22,15,Motorboat,399,421,250,265
201806281032_008,40,29,Motorboat,216,256,247,276
201806281032_002,45,27,Passengership,491,536,231,258
201806281032_003,56,33,Passengership,628,684,222,255
201806281032_004,67,38,Passengership,539,606,220,258
201806281032_005,52,35,Passengership,458,510,228,263
201806281032_006,53,35,Passengership,535,588,224,259
201806281032_007,66,46,Passengership,452,518,219,265
201806281032_008,83,58,Passengership,298,381,211,269
201806281032_009,96,41,Passengership,78,174,243,284
201806281032_007,34,16,Boat,243,277,285,301
201806281032_008,32,15,Boat,413,445,286,301
201806281032_009,35,23,Boat,566,601,290,313
201806281032_010,38,20,Boat,818,856,289,309
201806281032_011,38,20,Boat,1176,1214,302,322
201806281032_010,10,37,Seamark,971,981,266,303
201806281032_011,10,58,Seamark,1052,1062,280,338
201806281032_010,6,22,Seamark,820,826,262,284
201806281032_012,10,67,Seamark,335,345,289,356
201806281032_008,13,15,Motorboat,822,835,253,268
201806281032_009,24,19,Motorboat,726,750,258,277
201806281032_010,27,29,Motorboat,601,628,249,278
201806281032_011,32,33,Motorboat,476,508,256,289
201806281032_008,44,10,Motorboat,891,935,262,272
201806281032_009,69,10,Motorboat,815,884,265,275
201806281032_010,76,11,Motorboat,729,805,275,286
201806281032_011,105,16,Motorboat,639,744,277,293
201806281032_012,215,55,Motorboat,102,317,279,334
201806281032_013,32,151,Sailboat,475,507,143,294
201806281032_014,39,202,Sailboat,1113,1152,109,311
201806281032_014,109,48,Militaryship,825,934,244,292
201806281032_015,170,74,Militaryship,1105,1275,242,316
201806281032_014,103,35,Miscboat,715,818,254,289
201806281032_015,131,37,Miscboat,947,1078,261,298
201806281032_015,20,14,Boat,262,282,265,279
201806281032_016,20,8,Boat,359,379,267,275
201806281032_017,21,8,Boat,485,506,267,275
201806281032_007,27,55,Sailboat,650,677,213,268
201806281032_010,82,122,Sailboat,732,814,160,282
201806281032_013,154,377,Sailboat,911,1065,1,378
201806281032_008,23,21,Motorboat,138,161,258,279
201806281032_008,36,42,Motorboat,258,294,230,272
201806281032_010,32,23,Motorboat,212,244,269,292
201806281032_013,79,32,Motorboat,554,633,276,308
201806281032_014,91,22,Miscboat,999,1090,272,294
201806281032_001,6,15,Seamark,33,39,261,276
201806281032_004,4,9,Seamark,60,64,264,273
201806281032_013,10,82,Seamark,545,555,313,395
201806281032_017,7,22,Seamark,1146,1153,262,284
201806281032_016,6,14,Seamark,807,813,259,273
201806281042_000,11,20,Seamark,445,456,262,282
201806281042_001,10,25,Seamark,345,355,257,282
201806281042_000,15,32,Seamark,1102,1117,267,299
201806281042_001,14,43,Seamark,1201,1215,265,308
201806281042_002,21,58,Seamark,1150,1171,267,325
201806281042_001,5,20,Sailboat,1069,1074,253,273
201806281042_002,9,37,Sailboat,756,765,232,269
201806281042_004,8,33,Sailboat,465,473,235,268
201806281042_005,8,26,Sailboat,508,516,240,266
201806281042_006,17,51,Sailboat,515,532,221,272
201806281042_007,19,53,Sailboat,439,458,226,279
201806281042_008,32,128,Sailboat,300,332,161,289
201806281042_004,4,7,Seamark,562,566,256,263
201806281042_005,4,9,Seamark,612,616,255,264
201806281042_006,4,8,Seamark,639,643,255,263
201806281042_007,4,7,Seamark,593,597,257,264
201806281042_008,8,13,Seamark,560,568,253,266
201806281042_009,7,12,Seamark,606,613,256,268
201806281042_010,6,11,Seamark,625,631,258,269
201806281042_011,6,10,Seamark,698,704,256,266
201806281042_012,8,18,Seamark,713,721,253,271
201806281042_013,7,16,Seamark,779,786,258,274
201806281042_014,4,17,Seamark,839,843,259,276
201806281042_015,11,28,Seamark,898,909,255,283
201806281042_016,11,27,Seamark,801,812,255,282
201806281042_017,13,38,Seamark,840,853,250,288
201806281042_018,27,86,Seamark,878,905,248,334
201806281042_004,5,10,Seamark,293,298,261,271
201806281042_005,5,14,Seamark,308,313,259,273
201806281042_006,13,23,Seamark,271,284,255,278
201806281042_007,8,22,Seamark,171,179,260,282
201806281042_008,7,22,Seamark,24,31,266,288
201806281042_000,20,16,Boat,606,626,267,283
201806281042_001,18,10,Boat,722,740,270,280
201806281042_002,20,11,Boat,515,535,268,279
201806281042_003,22,12,Boat,360,382,270,282
201806281042_004,16,6,Boat,289,305,272,278
201806281042_005,20,8,Boat,334,354,266,274
201806281042_006,18,6,Boat,364,382,268,274
201806281042_007,12,9,Boat,334,346,265,274
201806281042_004,7,14,Seamark,658,665,255,269
201806281042_005,6,16,Seamark,716,722,255,271
201806281042_006,17,21,Seamark,754,771,257,278
201806281042_007,9,22,Seamark,724,733,255,277
201806281042_008,9,28,Seamark,727,736,253,281
201806281042_009,21,50,Seamark,804,825,250,300
201806281042_010,25,74,Seamark,950,975,256,330
201806281042_004,4,9,Seamark,325,329,258,267
201806281042_005,4,10,Seamark,357,361,257,267
201806281042_006,4,11,Seamark,359,363,256,267
201806281042_007,5,10,Seamark,292,297,259,269
201806281042_008,4,13,Seamark,225,229,258,271
201806281042_009,4,14,Seamark,206,210,260,274
201806281042_010,7,17,Seamark,164,171,261,278
201806281042_011,4,18,Seamark,166,170,260,278
201806281042_012,10,20,Seamark,109,119,264,284
201806281042_013,9,24,Seamark,79,88,265,289
201806281042_004,4,8,Seamark,548,552,257,265
201806281042_005,4,9,Seamark,595,599,257,266
201806281042_006,4,10,Seamark,619,623,255,265
201806281042_007,6,12,Seamark,571,577,256,268
201806281042_008,7,13,Seamark,536,543,253,266
201806281042_009,10,20,Seamark,567,577,252,272
201806281042_010,6,18,Seamark,579,585,257,275
201806281042_011,6,19,Seamark,638,644,255,274
201806281042_012,9,26,Seamark,645,654,257,283
201806281042_013,11,31,Seamark,702,713,258,289
201806281042_014,14,38,Seamark,752,766,259,297
201806281042_015,26,84,Seamark,854,880,255,339
201806281042_019,7,34,Seamark,754,761,264,298
201806281042_020,9,70,Seamark,843,852,290,360
201806281042_011,58,30,Motorboat,80,138,271,301
201806281042_012,50,28,Motorboat,157,207,271,299
201806281042_013,50,30,Motorboat,328,378,265,295
201806281042_014,38,27,Motorboat,476,514,262,289
201806281042_015,35,23,Motorboat,625,660,262,285
201806281042_016,29,23,Motorboat,605,634,261,284
201806281042_017,20,20,Motorboat,645,665,254,274
201806281042_018,20,22,Motorboat,612,632,253,275
201806281042_019,22,18,Motorboat,561,583,256,274
201806281042_020,14,15,Boat,545,559,257,272
201806281042_021,17,20,Motorboat,347,364,257,277
201806281042_022,17,16,Motorboat,312,329,262,278
201806281042_010,13,9,Boat,396,409,265,274
201806281042_007,9,29,Sailboat,95,104,243,272
201806281042_001,5,11,Seamark,949,954,261,272
201806281042_001,5,8,Seamark,963,968,262,270
201806281103_001,41,15,Motorboat,347,388,268,283
201806281103_002,42,14,Motorboat,777,819,261,275
201806281103_001,8,19,Seamark,969,977,251,270
201806281103_002,5,17,Seamark,959,964,252,269
201806281103_003,6,19,Seamark,1089,1095,250,269
201806281103_004,10,19,Seamark,997,1007,252,271
201806281103_005,42,18,Motorboat,783,825,256,274
201806281103_006,63,38,Motorboat,0,63,267,305
201806281103_005,5,20,Seamark,1125,1130,256,276
201806281103_006,11,33,Seamark,1038,1049,248,281
201806281103_007,18,51,Seamark,1017,1035,250,301
201806281103_007,8,16,Seamark,1189,1197,256,272
201806281103_008,5,18,Seamark,1095,1100,254,272
201806281103_009,10,29,Seamark,858,868,250,279
201806281103_010,12,37,Seamark,901,913,251,288
201806281103_011,17,51,Seamark,910,927,250,301
201806281103_007,8,14,Seamark,843,851,254,268
201806281103_008,7,17,Seamark,645,652,252,269
201806281103_009,11,28,Seamark,249,260,261,289
201806281103_010,12,33,Seamark,45,57,270,303
201806281103_005,23,11,Motorboat,1100,1123,262,273
201806281103_006,22,14,Motorboat,1107,1129,258,272
201806281103_007,20,13,Motorboat,1082,1102,259,272
201806281103_008,15,12,Motorboat,1010,1025,257,269
201806281103_009,16,12,Motorboat,797,813,256,268
201806281103_010,15,11,Motorboat,834,849,257,268
201806281103_011,11,8,Motorboat,768,779,258,266
201806281103_012,18,10,Motorboat,742,760,255,265
201806281103_013,16,9,Motorboat,755,771,256,265
201806281103_013,32,12,Boat,452,484,264,276
201806281103_014,30,16,Boat,170,200,286,302
201806281103_013,6,17,Seamark,775,781,252,269
201806281103_014,8,19,Seamark,785,793,252,271
201806281103_015,11,30,Seamark,806,817,248,278
201806281103_016,19,53,Seamark,989,1008,249,302
201806281103_017,13,38,Seamark,842,855,236,274
201806281103_018,12,35,Seamark,798,810,240,275
201806281103_019,11,32,Seamark,765,776,248,280
201806281103_017,73,19,Miscboat,520,593,245,264
201806281103_018,86,50,Miscboat,388,474,217,267
201806281103_019,126,49,Miscboat,220,346,232,281
201806281103_017,21,20,Motorboat,259,280,254,274
201806281103_017,82,27,Militaryship,1115,1197,228,255
201806281103_011,39,11,Miscboat,933,972,247,258
201806281103_005,5,20,Seamark,78,83,271,291
201806281103_007,12,29,Seamark,336,348,260,289
201806281103_010,5,11,Seamark,926,931,254,265
201806281103_013,7,14,Seamark,294,301,265,279
201806281103_016,4,12,Seamark,980,984,251,263
201806281103_017,4,14,Seamark,140,144,271,285
201806281103_014,18,31,Cruiseship,671,689,227,258
201806281113_003,61,34,Passengership,424,485,253,287
201806281113_004,53,26,Miscboat,194,247,266,292
201806281113_005,60,30,Miscboat,81,141,273,303
201806281113_001,7,17,Seamark,767,774,258,275
201806281113_002,6,21,Seamark,817,823,253,274
201806281113_001,7,16,Seamark,746,753,267,283
201806281113_002,7,26,Seamark,813,820,263,289
201806281113_003,16,38,Seamark,832,848,253,291
201806281113_004,20,58,Seamark,767,787,250,308
201806281113_005,39,138,Seamark,970,1009,237,375
201806281113_000,105,61,Militaryship,1131,1236,207,268
201806281113_001,144,83,Militaryship,1024,1168,197,280
201806281113_002,133,95,Militaryship,1136,1269,177,272
201806281113_003,58,93,Militaryship,1222,1280,186,279
201806281113_008,32,20,Passengership,298,330,254,274
201806281113_009,32,34,Passengership,326,358,245,279
201806281113_010,45,55,Passengership,289,334,236,291
201806281113_011,24,92,Sailboat,121,145,207,299
201806281113_012,24,91,Sailboat,154,178,207,298
201806281113_008,55,14,Motorboat,883,938,247,261
201806281113_009,98,21,Motorboat,954,1052,250,271
201806281113_010,129,27,Motorboat,1047,1176,249,276
201806281113_011,109,29,Motorboat,1110,1219,251,280
201806281113_010,25,18,Motorboat,568,593,258,276
201806281113_011,34,22,Motorboat,277,311,270,292
201806281113_012,68,48,Motorboat,-1,67,285,333
201806281113_014,83,41,Miscboat,9,92,261,302
201806281113_015,54,79,Militaryship,12,66,217,296
201806281113_016,81,113,Militaryship,147,228,181,294
201806281113_017,145,77,Militaryship,167,312,229,306
201806281113_018,194,238,Militaryship,3,197,96,334
201806281113_017,38,60,Cruiseship,324,362,217,277
201806281113_018,61,98,Cruiseship,287,348,179,277
201806281113_019,89,135,Cruiseship,262,351,156,291
201806281113_020,151,123,Cruiseship,289,440,168,291
201806281113_021,232,158,Cruiseship,119,351,148,306
201806281113_022,275,316,Cruiseship,-2,273,24,340
201806281113_018,76,130,Militaryship,206,282,167,297
201806281113_019,159,216,Militaryship,-2,157,119,335
201806281113_020,45,34,Militaryship,446,491,240,274
201806281113_021,54,61,Militaryship,380,434,215,276
201806281113_022,75,87,Militaryship,327,402,202,289
201806281113_023,147,132,Militaryship,209,356,175,307
201806281113_020,79,129,Sailboat,475,554,137,266
201806281113_021,57,129,Sailboat,445,502,122,251
201806281113_022,86,158,Sailboat,425,511,113,271
201806281113_023,138,246,Sailboat,401,539,38,284
201806281113_023,35,22,Motorboat,364,399,265,287
201806281113_001,35,96,Sailboat,115,150,208,304
201806281113_015,29,31,Motorboat,1159,1188,240,271
201806281113_011,14,8,Motorboat,126,140,282,290
201806281113_006,215,152,Militaryship,1064,1279,136,288
201806281113_023,152,92,Militaryship,45,197,226,318
201806281113_000,141,61,Miscboat,19,160,224,285
201806281113_000,28,111,Seamark,960,988,237,348
201806281113_003,22,79,Seamark,947,969,271,350
201806281113_004,7,21,Seamark,971,978,259,280
201806281113_010,10,57,Seamark,1094,1104,256,313
201806281113_010,7,20,Seamark,901,908,256,276
201806281123_000,328,324,Sailboat,0,328,3,327
201806281123_001,143,349,Sailboat,1,144,1,350
201806281123_002,11,9,Motorboat,469,480,263,272
201806281123_003,37,36,Motorboat,440,477,253,289
201806281123_004,44,43,Motorboat,330,374,265,308
201806281123_001,37,100,Sailboat,653,690,173,273
201806281123_002,46,112,Sailboat,642,688,162,274
201806281123_003,67,166,Sailboat,715,782,116,282
201806281123_004,118,267,Sailboat,779,897,39,306
201806281123_005,324,382,Sailboat,937,1261,13,395
201806281123_002,17,12,Motorboat,397,414,258,270
201806281123_003,43,12,Motorboat,437,480,256,268
201806281123_004,39,11,Motorboat,448,487,258,269
201806281123_005,36,11,Motorboat,408,444,261,272
201806281123_006,57,16,Motorboat,445,502,258,274
201806281123_007,59,17,Motorboat,406,465,261,278
201806281123_008,55,16,Motorboat,371,426,263,279
201806281123_009,74,31,Motorboat,319,393,258,289
201806281123_010,125,54,Motorboat,505,630,250,304
201806281123_005,38,68,Sailboat,369,407,209,277
201806281123_006,53,18,Motorboat,422,475,258,276
201806281123_007,61,21,Motorboat,367,428,259,280
201806281123_008,62,22,Motorboat,319,381,263,285
201806281123_009,79,34,Motorboat,239,318,259,293
201806281123_010,159,47,Motorboat,348,507,267,314
201806281123_007,68,30,Motorboat,173,241,271,301
201806281123_008,41,29,Motorboat,2,43,296,325
201806281123_005,32,26,Miscboat,624,656,247,273
201806281123_006,63,121,Miscboat,689,752,174,295
201806281123_007,69,132,Miscboat,747,816,167,299
201806281123_008,128,127,Miscboat,824,952,193,320
201806281123_009,149,184,Miscboat,1126,1275,261,445
201806281123_008,47,159,Sailboat,186,233,140,299
201806281123_009,96,237,Sailboat,31,127,86,323
201806281123_010,118,366,Sailboat,1,119,1,367
201806281123_005,40,13,Ferry,489,529,254,267
201806281123_006,44,14,Ferry,591,635,251,265
201806281123_007,48,15,Ferry,629,677,250,265
201806281123_008,45,15,Ferry,652,697,252,267
201806281123_005,18,56,Sailboat,586,604,211,267
201806281123_006,20,62,Sailboat,658,678,206,268
201806281123_007,20,88,Sailboat,675,695,184,272
201806281123_008,23,99,Sailboat,699,722,173,272
201806281123_009,30,126,Sailboat,755,785,150,276
201806281123_010,45,190,Sailboat,1156,1201,103,293
201806281123_008,45,22,Motorboat,99,144,289,311
201806281123_008,54,23,Motorboat,50,104,298,321
201806281123_008,22,14,Boat,745,767,274,288
201806281123_008,61,97,Sailboat,415,476,178,275
201806281123_008,51,100,Sailboat,234,285,199,299
201806281123_010,81,26,Ferry,1013,1094,245,271
201806281123_001,100,43,Passengership,148,248,285,328
201806281123_001,66,30,Passengership,288,354,273,303
201806281123_000,62,39,Motorboat,242,304,302,341
201806281123_005,121,74,Miscboat,857,978,250,324
201806281133_000,133,60,Passengership,673,806,231,291
201806281133_001,299,240,Passengership,797,1096,92,332
201806281133_000,76,46,Passengership,533,609,232,278
201806281133_001,72,63,Passengership,634,706,228,291
201806281133_002,167,106,Passengership,802,969,217,323
201806281133_002,34,61,Passengership,763,797,238,299
201806281133_003,165,216,Passengership,1114,1279,209,425
201806281133_000,37,20,Passengership,228,265,255,275
201806281133_001,42,43,Passengership,235,277,241,284
201806281133_002,63,32,Passengership,235,298,254,286
201806281133_003,96,63,Passengership,155,251,240,303
201806281133_004,153,80,Passengership,0,153,248,328
201806281133_003,49,59,Motorboat,843,892,240,299
201806281133_004,131,108,Motorboat,993,1124,249,357
201806281133_002,42,37,Miscboat,662,704,244,281
201806281133_003,66,74,Miscboat,774,840,223,297
201806281133_005,126,157,Miscboat,1144,1270,246,403
201806281133_002,14,16,Motorboat,641,655,256,272
201806281133_005,119,59,Motorboat,1025,1144,279,338
201806281133_002,31,22,Motorboat,623,654,250,272
201806281133_003,36,25,Motorboat,727,763,248,273
201806281133_004,45,32,Motorboat,767,812,246,278
201806281133_005,66,56,Motorboat,832,898,241,297
201806281133_006,177,114,Motorboat,998,1175,229,343
201806281133_001,24,22,Passengership,290,314,255,277
201806281133_002,29,20,Passengership,346,375,256,276
201806281133_003,42,38,Passengership,364,406,245,283
201806281133_004,66,43,Passengership,322,388,248,291
201806281133_005,89,50,Passengership,226,315,248,298
201806281133_006,148,103,Passengership,70,218,216,319
201806281133_002,18,11,Motorboat,408,426,259,270
201806281133_003,20,12,Motorboat,469,489,258,270
201806281133_004,22,13,Motorboat,465,487,257,270
201806281133_005,27,15,Motorboat,432,459,262,277
201806281133_006,30,16,Motorboat,415,445,261,277
201806281133_007,50,27,Motorboat,261,311,267,294
201806281133_008,67,34,Motorboat,109,176,273,307
201806281133_002,20,16,Passengership,456,476,251,267
201806281133_003,22,18,Passengership,532,554,249,267
201806281133_004,24,20,Passengership,537,561,248,268
201806281133_005,26,19,Passengership,527,553,252,271
201806281133_006,30,21,Passengership,537,567,249,270
201806281133_007,43,26,Passengership,430,473,255,281
201806281133_008,57,23,Passengership,365,422,259,282
201806281133_009,80,35,Passengership,269,349,254,289
201806281133_010,117,69,Passengership,82,199,247,316
201806281133_002,13,14,Motorboat,476,489,252,266
201806281133_003,14,15,Motorboat,556,570,250,265
201806281133_004,15,16,Motorboat,564,579,249,265
201806281133_005,20,19,Motorboat,555,575,250,269
201806281133_006,22,21,Motorboat,569,591,248,269
201806281133_007,27,18,Motorboat,473,500,259,277
201806281133_008,31,20,Motorboat,423,454,258,278
201806281133_009,41,24,Motorboat,351,392,261,285
201806281133_010,68,39,Motorboat,210,278,262,301
201806281133_011,45,41,Motorboat,6,51,278,319
201806281133_004,99,123,Miscboat,854,953,219,342
201806281133_003,38,28,Motorboat,744,782,254,282
201806281133_004,62,33,Motorboat,795,857,258,291
201806281133_000,106,340,Sailboat,90,196,16,356
201806281133_000,86,376,Sailboat,1,87,13,389
201806281133_001,85,45,Ferry,1,86,281,326
201806281133_002,53,46,Passengership,706,759,243,289
201806281133_003,152,102,Passengership,888,1040,223,325
201806281133_012,122,37,Passengership,169,291,258,295
201806281133_012,26,20,Motorboat,397,423,277,297
201806281133_009,57,51,Motorboat,981,1038,259,310
201806281133_012,21,14,Motorboat,552,573,254,268
201806281133_012,25,11,Motorboat,499,524,257,268
201806281133_012,21,17,Motorboat,472,493,257,274
201806281133_012,44,25,Motorboat,858,902,261,286
201806281133_012,46,30,Motorboat,905,951,266,296
201806281133_012,98,25,Motorboat,953,1051,269,294
201806281133_002,103,52,Miscboat,4,107,266,318
201806281133_005,89,43,Miscboat,903,992,264,307
201806281133_000,169,324,Sailboat,1064,1233,0,324
201806281143_000,90,53,Passengership,378,468,235,288
201806281143_001,107,114,Passengership,662,769,190,304
201806281143_002,163,91,Passengership,892,1055,230,321
201806281143_001,51,42,Motorboat,99,150,257,299
201806281143_002,70,46,Motorboat,154,224,254,300
201806281143_002,37,23,Motorboat,284,321,263,286
201806281143_003,48,28,Motorboat,162,210,273,301
201806281143_002,52,32,Militaryship,321,373,249,281
201806281143_003,70,47,Militaryship,225,295,247,294
201806281143_000,38,32,Passengership,279,317,250,282
201806281143_001,35,36,Passengership,561,596,246,282
201806281143_002,53,48,Passengership,752,805,234,282
201806281143_003,81,63,Passengership,816,897,231,294
201806281143_004,190,207,Passengership,999,1189,146,353
201806281143_002,35,21,Passengership,379,414,256,277
201806281143_003,46,22,Passengership,331,377,260,282
201806281143_004,94,44,Passengership,186,280,260,304
201806281143_005,82,49,Passengership,5,87,266,315
201806281143_002,20,23,Passengership,411,431,251,274
201806281143_003,26,28,Passengership,377,403,252,280
201806281143_004,63,47,Passengership,261,324,244,291
201806281143_005,94,54,Passengership,100,194,247,301
201806281143_002,32,64,Sailboat,701,733,208,272
201806281143_003,53,84,Sailboat,729,782,192,276
201806281143_004,68,110,Sailboat,774,842,168,278
201806281143_005,96,162,Sailboat,789,885,133,295
201806281143_006,211,374,Sailboat,1047,1258,0,374
201806281143_002,29,21,Passengership,430,459,250,271
201806281143_003,33,29,Passengership,406,439,247,276
201806281143_004,52,45,Passengership,326,378,240,285
201806281143_005,70,51,Passengership,207,277,238,289
201806281143_006,150,83,Passengership,3,153,232,315
201806281143_000,36,26,Ferry,52,88,260,286
201806281143_001,54,17,Ferry,360,414,255,272
201806281143_002,59,19,Ferry,567,626,255,274
201806281143_003,66,17,Ferry,646,712,254,271
201806281143_004,74,19,Ferry,690,764,256,275
201806281143_005,52,35,Miscboat,738,790,255,290
201806281143_006,94,69,Miscboat,893,987,245,314
201806281143_005,68,29,Ferry,666,734,249,278
201806281143_002,30,18,Passengership,459,489,249,267
201806281143_003,35,28,Passengership,442,477,246,274
201806281143_004,49,70,Passengership,389,438,208,278
201806281143_005,63,32,Passengership,305,368,248,280
201806281143_006,109,51,Passengership,256,365,238,289
201806281143_007,209,221,Passengership,92,301,105,326
201806281143_002,18,17,Miscboat,510,528,249,266
201806281143_003,20,19,Miscboat,515,535,246,265
201806281143_004,21,20,Miscboat,496,517,245,265
201806281143_005,15,19,Miscboat,460,475,247,266
201806281143_008,210,306,Sailboat,1048,1258,10,316
201806281143_009,72,276,Sailboat,1188,1260,70,346
201806281143_002,11,37,Sailboat,494,505,229,266
201806281143_003,14,22,Sailboat,494,508,247,269
201806281143_004,15,24,Sailboat,463,478,247,271
201806281143_005,20,78,Sailboat,405,425,196,274
201806281143_006,22,14,Sailboat,437,459,264,278
201806281143_007,36,139,Sailboat,450,486,148,287
201806281143_008,55,209,Sailboat,418,473,88,297
201806281143_009,98,337,Sailboat,168,266,0,337
201806281143_008,56,23,Motorboat,920,976,264,287
201806281143_009,67,27,Motorboat,941,1008,267,294
201806281143_010,166,62,Motorboat,1006,1172,267,329
201806281143_002,34,63,Sailboat,633,667,204,267
201806281143_003,36,68,Sailboat,648,684,198,266
201806281143_004,39,74,Sailboat,646,685,194,268
201806281143_005,62,96,Sailboat,617,679,177,273
201806281143_006,61,128,Sailboat,708,769,151,279
201806281143_007,81,171,Sailboat,833,914,119,290
201806281143_008,134,200,Sailboat,958,1092,95,295
201806281143_009,36,231,Sailboat,1087,1123,101,332
201806281143_006,8,8,Motorboat,643,651,259,267
201806281143_007,14,11,Motorboat,730,744,260,271
201806281143_008,24,8,Motorboat,771,795,263,271
201806281143_009,35,11,Motorboat,812,847,263,274
201806281143_005,18,13,Motorboat,441,459,256,269
201806281143_006,23,11,Motorboat,491,514,260,271
201806281143_007,16,12,Motorboat,537,553,262,274
201806281143_008,30,16,Motorboat,566,596,263,279
201806281143_009,28,21,Motorboat,458,486,266,287
201806281143_010,37,35,Motorboat,303,340,274,309
201806281143_011,96,41,Motorboat,41,137,301,342
201806281143_007,15,15,Motorboat,554,569,259,274
201806281143_008,21,14,Motorboat,595,616,262,276
201806281143_009,30,22,Motorboat,488,518,264,286
201806281143_010,44,32,Motorboat,351,395,267,299
201806281143_011,64,37,Motorboat,195,259,278,315
201806281143_010,90,174,Sailboat,902,992,123,297
201806281143_011,87,205,Sailboat,937,1024,96,301
201806281143_011,59,58,Miscboat,354,413,229,287
201806281143_012,113,94,Miscboat,148,261,222,316
201806281143_014,74,129,Sailboat,710,784,131,260
201806281143_015,73,137,Sailboat,744,817,123,260
201806281143_002,13,43,Sailboat,537,550,219,262
201806281143_003,14,47,Sailboat,546,560,215,262
201806281143_004,15,52,Sailboat,533,548,211,263
201806281143_005,15,52,Sailboat,497,512,212,264
201806281143_006,17,41,Sailboat,571,588,224,265
201806281143_007,18,44,Sailboat,639,657,222,266
201806281143_008,20,56,Sailboat,706,726,208,264
201806281143_009,22,62,Sailboat,623,645,204,266
201806281143_010,18,15,Sailboat,546,564,254,269
201806281143_011,20,70,Sailboat,519,539,198,268
201806281143_012,23,80,Sailboat,507,530,191,271
201806281143_013,34,101,Sailboat,380,414,177,278
201806281143_014,62,138,Sailboat,341,403,143,281
201806281143_015,97,236,Sailboat,176,273,72,308
201806281143_012,21,22,Motorboat,486,507,250,272
201806281143_013,28,28,Motorboat,352,380,253,281
201806281143_014,40,28,Motorboat,303,343,261,289
201806281143_015,91,57,Motorboat,65,156,260,317
201806281143_009,37,276,Sailboat,1135,1172,59,335
201806281143_006,115,35,Ferry,770,885,252,287
201806281143_007,302,89,Ferry,979,1281,244,333
201806281143_011,118,31,Motorboat,988,1106,276,307
201806281143_011,83,49,Motorboat,1188,1271,299,348
201806281143_000,171,95,Motorboat,950,1121,250,345
201806281143_011,39,29,Motorboat,155,194,295,324
201806281143_012,78,42,Motorboat,1203,1281,295,337
201806281143_012,75,22,Motorboat,1118,1193,300,322
201806281143_012,98,45,Motorboat,1020,1118,270,315
201806281143_002,52,26,Miscboat,224,276,267,293
201806281143_003,37,18,Miscboat,285,322,268,286
201806281153_002,81,67,Motorboat,866,947,277,344
201806281153_003,251,112,Passengership,1029,1280,313,425
201806281153_000,125,208,Sailboat,653,778,55,263
201806281153_001,98,268,Sailboat,840,938,1,269
201806281153_002,241,253,Sailboat,785,1026,12,265
201806281153_003,422,304,Sailboat,858,1280,6,310
201806281153_004,126,131,Militaryship,876,1002,169,300
201806281153_005,260,190,Militaryship,869,1129,130,320
201806281153_006,276,367,Militaryship,1004,1280,23,390
201806281153_003,9,7,Boat,678,687,260,267
201806281153_004,10,10,Boat,609,619,258,268
201806281153_005,9,9,Boat,489,498,266,275
201806281153_006,21,15,Boat,408,429,264,279
201806281153_007,19,14,Boat,233,252,285,299
201806281153_002,60,78,Cruiseship,791,851,206,284
201806281153_003,55,99,Cruiseship,806,861,178,277
201806281153_004,83,163,Cruiseship,793,876,114,277
201806281153_005,147,129,Cruiseship,729,876,155,284
201806281153_006,268,273,Cruiseship,724,992,20,293
201806281153_007,480,368,Cruiseship,802,1282,1,369
201806281153_008,306,375,Cruiseship,952,1258,28,403
201806281153_005,14,27,Militaryship,684,698,239,266
201806281153_006,15,30,Militaryship,678,693,235,265
201806281153_007,16,33,Militaryship,693,709,237,270
201806281153_008,33,46,Militaryship,728,761,227,273
201806281153_009,37,46,Militaryship,727,764,229,275
201806281153_010,68,125,Militaryship,685,753,164,289
201806281153_011,112,184,Militaryship,771,883,113,297
201806281153_012,247,302,Militaryship,914,1161,32,334
201806281153_005,29,29,Militaryship,698,727,238,267
201806281153_006,50,46,Militaryship,671,721,223,269
201806281153_007,53,79,Militaryship,701,754,201,280
201806281153_008,71,55,Militaryship,761,832,223,278
201806281153_009,101,119,Militaryship,764,865,170,289
201806281153_010,181,223,Militaryship,753,934,103,326
201806281153_011,353,378,Militaryship,891,1244,10,388
201806281153_001,51,68,Motorboat,1,52,301,369
201806281153_002,69,34,Motorboat,154,223,288,322
201806281153_003,51,34,Motorboat,409,460,275,309
201806281153_004,44,28,Motorboat,552,596,270,298
201806281153_005,26,17,Motorboat,547,573,270,287
201806281153_006,32,19,Motorboat,487,519,266,285
201806281153_007,26,19,Motorboat,520,546,266,285
201806281153_008,16,11,Motorboat,619,635,266,277
201806281153_009,21,15,Motorboat,634,655,261,276
201806281153_008,10,9,Motorboat,514,524,254,263
201806281153_006,39,26,Motorboat,270,309,283,309
201806281153_005,141,94,Militaryship,1136,1277,260,354
201806281153_002,85,80,Motorboat,966,1051,270,350
201806281200_000,27,11,Motorboat,319,346,266,277
201806281200_001,78,26,Motorboat,1,79,273,299
201806281200_000,48,16,Motorboat,412,460,257,273
201806281200_001,57,29,Motorboat,161,218,261,290
201806281200_000,3,11,Seamark,853,856,261,272
201806281200_003,6,26,Seamark,401,407,258,284
201806281200_000,35,13,Motorboat,722,757,266,279
201806281200_001,49,20,Motorboat,698,747,273,293
201806281200_002,28,11,Motorboat,371,399,265,276
201806281200_003,34,15,Motorboat,208,242,269,284
201806281200_003,6,13,Seamark,827,833,254,267
201806281200_004,8,24,Seamark,452,460,258,282
201806281200_005,8,23,Seamark,331,339,266,289
201806281200_006,8,22,Seamark,91,99,277,299
201806281200_000,21,10,Motorboat,781,802,256,266
201806281200_001,23,11,Motorboat,591,614,258,269
201806281200_002,37,21,Motorboat,428,465,249,270
201806281200_000,49,17,Motorboat,812,861,251,268
201806281200_001,54,19,Motorboat,628,682,251,270
201806281200_002,85,38,Motorboat,478,563,233,271
201806281200_003,80,47,Motorboat,341,421,229,276
201806281200_002,96,65,Militaryship,715,811,201,266
201806281200_003,119,66,Militaryship,595,714,199,265
201806281200_004,132,85,Militaryship,188,320,196,281
201806281200_005,156,68,Militaryship,13,169,222,290
201806281200_002,42,60,Militaryship,673,715,207,267
201806281200_004,47,80,Militaryship,142,189,207,287
201806281200_005,10,7,Motorboat,464,474,264,271
201806281200_006,11,8,Motorboat,244,255,266,274
201806281200_007,12,9,Motorboat,238,250,264,273
201806281200_008,12,9,Motorboat,194,206,266,275
201806281200_009,18,7,Motorboat,212,230,267,274
201806281200_003,6,17,Seamark,891,897,248,265
201806281200_004,6,18,Seamark,533,539,254,272
201806281200_005,5,16,Seamark,442,447,260,276
201806281200_006,10,23,Seamark,277,287,259,282
201806281200_007,11,25,Seamark,260,271,259,284
201806281200_005,20,16,Passengership,606,626,255,271
201806281200_006,42,29,Passengership,440,482,249,278
201806281200_007,89,54,Passengership,320,409,242,296
201806281200_008,60,62,Passengership,9,69,261,323
201806281200_006,6,13,Seamark,233,239,266,279
201806281200_007,6,13,Seamark,233,239,265,278
201806281200_008,9,30,Seamark,187,196,260,290
201806281200_009,11,9,Motorboat,378,389,267,276
201806281200_010,23,20,Motorboat,84,107,284,304
201806281200_011,3,12,Seamark,272,275,263,275
201806281200_012,9,20,Seamark,321,330,259,279
201806281200_013,9,22,Seamark,257,266,259,281
201806281200_014,4,24,Seamark,130,134,262,286
201806281200_011,23,13,Motorboat,407,430,255,268
201806281200_012,23,16,Motorboat,501,524,252,268
201806281200_013,25,14,Motorboat,484,509,254,268
201806281200_014,26,19,Motorboat,402,428,249,268
201806281200_015,40,20,Motorboat,354,394,253,273
201806281200_016,53,24,Motorboat,296,349,254,278
201806281200_015,45,18,Motorboat,360,405,258,276
201806281200_016,107,129,Militaryship,1117,1224,178,307
201806281200_011,22,10,Militaryship,362,384,259,269
201806281200_012,24,11,Militaryship,445,469,258,269
201806281200_013,26,12,Militaryship,419,445,258,270
201806281200_014,23,16,Militaryship,320,343,258,274
201806281200_015,25,18,Militaryship,267,292,260,278
201806281200_016,30,48,Militaryship,193,223,238,286
201806281200_014,20,18,Motorboat,431,451,250,268
201806281200_015,22,20,Motorboat,411,433,250,270
201806281200_016,36,25,Motorboat,356,392,254,279
201806281200_015,39,67,Militaryship,1030,1069,199,266
201806281200_011,37,17,Militaryship,445,482,251,268
201806281200_012,40,18,Militaryship,542,582,250,268
201806281200_013,49,39,Militaryship,534,583,227,266
201806281200_014,48,44,Militaryship,453,501,224,268
201806281200_015,75,68,Militaryship,435,510,211,279
201806281200_016,73,37,Militaryship,395,468,238,275
201806281200_017,99,69,Militaryship,17,116,223,292
201806281200_015,9,6,Miscboat,768,777,264,270
201806281200_016,10,7,Miscboat,777,787,265,272
201806281200_017,11,8,Miscboat,499,510,270,278
201806281200_018,18,21,Miscboat,392,410,262,283
201806281200_015,15,12,Motorboat,899,914,259,271
201806281200_016,16,13,Motorboat,926,942,258,271
201806281200_017,16,19,Motorboat,689,705,261,280
201806281200_018,24,28,Motorboat,624,648,253,281
201806281200_019,31,32,Motorboat,518,549,253,285
201806281200_020,47,39,Motorboat,453,500,256,295
201806281200_021,80,60,Motorboat,38,118,250,310
201806281200_015,23,44,Sailboat,962,985,228,272
201806281200_016,41,49,Sailboat,1002,1043,225,274
201806281200_017,47,79,Sailboat,795,842,204,283
201806281200_018,71,114,Sailboat,748,819,169,283
201806281200_019,81,145,Sailboat,672,753,141,286
201806281200_020,122,26,Motorboat,619,741,270,296
201806281200_021,111,28,Motorboat,236,347,285,313
201806281200_020,122,191,Sailboat,652,774,112,303
201806281200_021,164,271,Sailboat,290,454,55,326
201806281200_018,8,24,Seamark,826,834,263,287
201806281200_019,9,26,Seamark,779,788,267,293
201806281200_020,5,33,Seamark,802,807,275,308
201806281200_021,17,53,Seamark,497,514,285,338
201806281200_023,108,34,Miscboat,475,583,248,282
201806281200_024,97,46,Miscboat,1147,1244,251,297
201806281200_023,76,23,Miscboat,386,462,255,278
201806281200_024,87,28,Miscboat,1026,1113,254,282
201806281200_025,168,55,Miscboat,1075,1243,235,290
201806281200_027,17,20,Seamark,445,462,252,272
201806281200_028,12,23,Seamark,355,367,256,279
201806281200_029,7,25,Seamark,40,47,270,295
201806281200_027,20,30,Seamark,1037,1057,247,277
201806281200_028,16,29,Seamark,1091,1107,246,275
201806281200_029,15,45,Seamark,947,962,245,290
201806281200_030,35,89,Seamark,1079,1114,237,326
201806281200_030,6,9,Seamark,536,542,256,265
201806281200_031,12,14,Seamark,407,419,256,270
201806281200_032,11,13,Seamark,355,366,261,274
201806281200_033,10,12,Seamark,340,350,262,274
201806281200_034,10,14,Seamark,251,261,265,279
201806281200_035,7,20,Seamark,246,253,262,282
201806281200_036,17,26,Seamark,237,254,260,286
201806281200_037,8,30,Seamark,76,84,268,298
201806281200_030,9,11,Seamark,826,835,248,259
201806281200_031,10,12,Seamark,748,758,250,262
201806281200_032,5,14,Seamark,743,748,250,264
201806281200_033,13,16,Seamark,766,779,247,263
201806281200_034,11,20,Seamark,736,747,247,267
201806281200_035,7,21,Seamark,797,804,247,268
201806281200_036,14,22,Seamark,885,899,250,272
201806281200_037,12,31,Seamark,900,912,244,275
201806281200_038,8,50,Seamark,1113,1121,244,294
201806281200_036,10,19,Seamark,396,406,251,270
201806281200_037,11,21,Seamark,309,320,254,275
201806281200_038,12,23,Seamark,308,320,253,276
201806281200_039,11,17,Seamark,236,247,266,283
201806281200_040,12,20,Seamark,165,177,270,290
201806281200_041,4,20,Seamark,71,75,275,295
201806281200_036,7,12,Seamark,718,725,247,259
201806281200_037,8,13,Seamark,666,674,248,261
201806281200_038,9,14,Seamark,729,738,247,261
201806281200_039,9,12,Seamark,728,737,252,264
201806281200_040,10,13,Seamark,744,754,251,264
201806281200_041,3,13,Seamark,768,771,249,262
201806281200_036,6,13,Seamark,701,707,249,262
201806281200_037,7,14,Seamark,650,657,251,265
201806281200_038,5,14,Seamark,712,717,250,264
201806281200_039,11,22,Seamark,705,716,249,271
201806281200_040,8,27,Seamark,726,734,248,275
201806281200_041,6,29,Seamark,755,761,249,278
201806281200_042,21,44,Seamark,699,720,245,289
201806281200_043,22,51,Seamark,741,763,246,297
201806281200_044,22,94,Seamark,898,920,246,340
201806281200_044,4,19,Seamark,807,811,249,268
201806281200_045,18,29,Seamark,836,854,245,274
201806281200_046,14,39,Seamark,821,835,246,285
201806281200_047,18,55,Seamark,861,879,244,299
201806281200_048,51,124,Seamark,1017,1068,235,359
201806281200_048,12,18,Seamark,782,794,261,279
201806281200_049,7,27,Seamark,744,751,260,287
201806281200_050,8,49,Seamark,829,837,274,323
201806281200_048,12,13,Motorboat,624,636,250,263
201806281200_049,16,11,Motorboat,540,556,251,262
201806281200_050,11,11,Motorboat,496,507,254,265
201806281200_051,26,22,Motorboat,300,326,260,282
201806281200_003,38,65,Militaryship,572,610,204,269
201806281200_014,51,17,Motorboat,349,400,255,272
201806281200_015,26,33,Motorboat,297,323,244,277
201806281200_016,27,35,Motorboat,230,257,244,279
201806281200_006,6,9,Boat,394,400,261,270
201806281200_009,21,10,Boat,627,648,262,272
201806281200_011,25,9,Boat,111,136,294,303
201806281200_001,72,154,Sailboat,213,285,149,303
201806281200_000,41,61,Sailboat,712,753,218,279
201806281200_023,98,249,Sailboat,1175,1273,165,414
201806281200_001,57,47,Militaryship,787,844,220,267
201806281200_023,105,55,Passengership,856,961,220,275
201806281200_023,85,18,Miscboat,615,700,259,277
201806281200_000,137,29,Miscboat,13,150,258,287
201806281200_003,6,8,Seamark,727,733,250,258
201806281200_003,5,8,Seamark,737,742,250,258
201806281200_003,5,11,Seamark,852,857,252,263
201806281200_006,5,11,Seamark,119,124,266,277
201806281200_009,15,51,Seamark,80,95,259,310
201806281200_009,8,23,Seamark,163,171,266,289
201806281200_009,7,15,Seamark,144,151,263,278
201806281200_009,6,10,Seamark,530,536,257,267
201806281200_012,6,11,Seamark,9,15,271,282
201806281200_018,14,36,Seamark,965,979,266,302
201806281200_024,16,22,Seamark,218,234,266,288
201806281200_000,255,287,Miscboat,1026,1281,147,434
201806281230_003,68,73,Sailboat,348,416,218,291
201806281422_000,326,330,Cruiseship,-5,321,1,331
201806281422_001,216,310,Cruiseship,3,219,29,339
201806281422_000,6,34,Sailboat,532,538,231,265
201806281422_001,9,8,Boat,508,517,257,265
201806281422_002,8,7,Boat,500,508,255,262
201806281422_003,7,6,Boat,513,520,259,265
201806281422_004,10,8,Boat,557,567,256,264
201806281422_005,9,7,Boat,354,363,259,266
201806281422_006,9,7,Boat,472,481,259,266
201806281422_007,8,7,Boat,445,453,262,269
201806281422_003,21,20,Motorboat,479,500,252,272
201806281422_004,25,18,Motorboat,500,525,255,273
201806281422_005,56,23,Motorboat,223,279,263,286
201806281422_006,84,50,Motorboat,161,245,262,312
201806281422_005,30,30,Sailboat,299,329,231,261
201806281422_006,17,42,Sailboat,401,418,224,266
201806281422_007,17,42,Sailboat,365,382,227,269
201806281422_008,19,45,Sailboat,448,467,223,268
201806281422_009,27,13,Motorboat,422,449,258,271
201806281422_010,46,16,Motorboat,373,419,257,273
201806281422_011,49,20,Motorboat,301,350,261,281
201806281422_012,74,30,Motorboat,155,229,272,302
201806281422_005,11,4,Miscboat,435,446,257,261
201806281422_006,12,6,Miscboat,558,570,258,264
201806281422_007,11,5,Miscboat,533,544,261,266
201806281422_008,14,8,Miscboat,601,615,258,266
201806281422_009,24,11,Miscboat,542,566,256,267
201806281422_010,39,53,Sailboat,419,458,216,269
201806281422_011,35,90,Sailboat,383,418,187,277
201806281422_012,49,22,Motorboat,285,334,270,292
201806281422_010,8,6,Boat,545,553,262,268
201806281422_011,11,7,Boat,564,575,261,268
201806281422_012,12,8,Boat,577,589,263,271
201806281422_000,7,6,Miscboat,585,592,259,265
201806281422_001,6,4,Miscboat,578,584,258,262
201806281422_002,9,7,Miscboat,567,576,254,261
201806281422_003,8,6,Miscboat,581,589,257,263
201806281422_004,8,5,Miscboat,627,635,256,261
201806281422_000,18,30,Militaryship,415,433,247,277
201806281422_001,17,28,Militaryship,381,398,248,276
201806281422_002,44,38,Militaryship,291,335,247,285
201806281422_003,75,43,Militaryship,167,242,260,303
201806281422_004,108,54,Militaryship,6,114,270,324
201806281422_000,62,83,Militaryship,354,416,202,285
201806281422_001,84,92,Militaryship,294,378,189,281
201806281422_002,140,141,Militaryship,148,288,164,305
201806281422_001,93,80,Militaryship,190,283,205,285
201806281422_002,132,141,Militaryship,8,140,172,313
201806281422_000,24,28,Miscboat,431,455,246,274
201806281422_001,27,27,Miscboat,387,414,252,279
201806281422_002,50,25,Miscboat,336,386,254,279
201806281422_003,73,42,Miscboat,248,321,252,294
201806281422_004,121,46,Miscboat,132,253,270,316
201806281422_003,32,27,Passengership,450,482,247,274
201806281422_004,35,18,Passengership,460,495,261,279
201806281422_005,77,35,Passengership,148,225,261,296
201806281422_006,65,59,Passengership,1,66,281,340
201806281422_000,55,135,Sailboat,448,503,134,269
201806281422_001,115,193,Sailboat,386,501,72,265
201806281422_002,154,250,Sailboat,322,476,20,270
201806281422_003,148,283,Sailboat,308,456,1,284
201806281422_004,277,290,Sailboat,189,466,5,295
201806281422_005,151,318,Sailboat,7,158,3,321
201806281422_000,26,41,Sailboat,601,627,223,264
201806281422_001,20,29,Sailboat,601,621,233,262
201806281422_002,20,36,Sailboat,605,625,224,260
201806281422_003,25,56,Sailboat,625,650,210,266
201806281422_004,27,45,Sailboat,680,707,218,263
201806281422_005,29,73,Sailboat,503,532,193,266
201806281422_006,40,63,Sailboat,630,670,208,271
201806281422_007,50,109,Sailboat,609,659,166,275
201806281422_008,68,149,Sailboat,717,785,134,283
201806281422_009,119,271,Sailboat,795,914,34,305
201806281422_010,133,114,Miscboat,959,1092,229,343
201806281422_011,15,18,Motorboat,684,699,253,271
201806281422_012,24,23,Motorboat,749,773,255,278
201806281422_010,32,9,Motorboat,454,486,257,266
201806281422_011,45,20,Motorboat,437,482,252,272
201806281422_012,69,21,Motorboat,413,482,256,277
201806281422_010,14,49,Sailboat,638,652,213,262
201806281422_011,19,64,Sailboat,665,684,200,264
201806281422_012,20,83,Sailboat,718,738,186,269
201806281422_009,33,9,Ferry,587,620,251,260
201806281422_010,42,13,Ferry,544,586,247,260
201806281422_011,20,14,Miscboat,605,625,250,264
201806281422_012,24,17,Miscboat,640,664,249,266
201806281422_008,18,25,Miscboat,648,666,239,264
201806281422_009,20,28,Miscboat,666,686,236,264
201806281422_010,22,31,Miscboat,680,702,235,266
201806281422_011,44,49,Miscboat,720,764,230,279
201806281422_012,93,128,Miscboat,818,911,171,299
201806281422_008,6,8,Boat,541,547,259,267
201806281422_011,13,7,Boat,692,705,265,272
201806281422_011,54,77,Sailboat,328,382,202,279
201806281422_012,49,130,Sailboat,228,277,165,295
201806281422_010,211,408,Sailboat,1065,1276,6,414
201806281422_003,163,170,Militaryship,1,164,162,332
201806281422_006,72,97,Miscboat,90,162,220,317
201806281422_011,45,15,Ferry,513,558,248,263
201806281429_000,81,68,Passengership,805,886,226,294
201806281429_001,141,136,Passengership,862,1003,187,323
201806281429_002,163,153,Passengership,1111,1274,208,361
201806281429_000,80,30,Seamark,245,325,256,286
201806281429_001,124,57,Seamark,74,198,247,304
201806281429_000,17,25,Militaryship,760,777,246,271
201806281429_001,17,25,Militaryship,760,777,245,270
201806281429_002,47,79,Militaryship,876,923,207,286
201806281429_003,98,122,Militaryship,1009,1107,187,309
201806281429_002,31,24,Miscboat,845,876,251,275
201806281429_003,44,27,Miscboat,935,979,255,282
201806281429_004,66,95,Miscboat,1046,1112,204,299
201806281429_000,44,28,Passengership,417,461,244,272
201806281429_001,59,57,Passengership,340,399,220,277
201806281429_002,84,56,Passengership,308,392,231,287
201806281429_003,117,60,Passengership,241,358,231,291
201806281429_004,194,151,Passengership,64,258,170,321
201806281429_000,19,22,Miscboat,741,760,246,268
201806281429_001,21,24,Miscboat,732,753,243,267
201806281429_002,22,23,Miscboat,825,847,250,273
201806281429_003,46,26,Miscboat,901,947,252,278
201806281429_004,58,60,Miscboat,983,1041,228,288
201806281429_002,18,12,Motorboat,567,585,253,265
201806281429_003,20,13,Motorboat,594,614,250,263
201806281429_004,22,14,Motorboat,605,627,250,264
201806281429_005,26,20,Motorboat,697,723,249,269
201806281429_006,36,26,Motorboat,698,734,252,278
201806281429_007,57,34,Motorboat,518,575,254,288
201806281429_007,44,46,Militaryship,1233,1277,250,296
201806281429_008,98,55,Militaryship,722,820,241,296
201806281429_005,26,13,Passengership,891,917,250,263
201806281429_006,36,14,Passengership,921,957,249,263
201806281429_002,41,64,Sailboat,712,753,210,274
201806281429_003,54,71,Sailboat,763,817,202,273
201806281429_004,51,65,Sailboat,806,857,205,270
201806281429_005,51,92,Sailboat,982,1033,192,284
201806281429_006,72,101,Sailboat,1124,1196,187,288
201806281429_007,86,129,Sailboat,1122,1208,176,305
201806281429_008,116,139,Sailboat,522,638,162,301
201806281429_002,14,11,Motorboat,647,661,249,260
201806281429_003,15,12,Motorboat,682,697,247,259
201806281429_004,16,13,Motorboat,703,719,246,259
201806281429_005,18,22,Motorboat,818,836,241,263
201806281429_006,19,23,Motorboat,841,860,240,263
201806281429_007,23,21,Motorboat,702,725,247,268
201806281429_008,38,27,Motorboat,2,40,257,284
201806281429_002,20,13,Miscboat,625,645,247,260
201806281429_003,22,14,Miscboat,660,682,245,259
201806281429_004,24,15,Miscboat,679,703,243,258
201806281429_005,31,27,Miscboat,786,817,237,264
201806281429_006,52,19,Miscboat,807,859,247,266
201806281429_007,43,40,Miscboat,659,702,233,273
201806281429_010,64,54,Passengership,986,1050,234,288
201806281429_011,93,58,Passengership,972,1065,235,293
201806281429_012,124,76,Passengership,1095,1219,233,309
201806281429_009,47,49,Motorboat,1215,1262,262,311
201806281429_010,67,54,Motorboat,436,503,251,305
201806281429_011,108,81,Motorboat,209,317,245,326
201806281429_012,163,129,Motorboat,1,164,261,390
201806281429_011,47,45,Miscboat,362,409,243,288
201806281429_012,62,50,Miscboat,335,397,252,302
201806281429_011,38,47,Motorboat,315,353,256,303
201806281429_012,104,67,Motorboat,181,285,258,325
201806281429_011,57,20,Ferry,620,677,250,270
201806281429_012,77,21,Ferry,697,774,250,271
201806281429_013,81,25,Ferry,772,853,254,279
201806281429_014,103,29,Ferry,863,966,258,287
201806281429_015,188,37,Ferry,921,1109,260,297
201806281429_011,50,26,Miscboat,780,830,250,276
201806281429_012,49,24,Miscboat,846,895,257,281
201806281429_013,50,24,Miscboat,933,983,262,286
201806281429_014,137,65,Miscboat,1143,1280,255,320
201806281429_011,26,38,Miscboat,415,441,242,280
201806281429_012,33,49,Miscboat,416,449,237,286
201806281429_013,74,57,Miscboat,324,398,242,299
201806281429_014,160,73,Miscboat,110,270,257,330
201806281429_013,29,34,Passengership,398,427,256,290
201806281429_014,90,73,Passengership,270,360,235,308
201806281429_015,48,96,Passengership,0,48,258,354
201806281429_010,29,11,Miscboat,609,638,257,268
201806281429_011,24,9,Miscboat,567,591,259,268
201806281429_012,9,11,Miscboat,625,634,261,272
201806281429_010,60,22,Ferry,654,714,248,270
201806281429_015,60,20,Motorboat,813,873,263,283
201806281429_016,92,160,Sailboat,619,711,131,291
201806281429_017,112,236,Sailboat,818,930,68,304
201806281429_018,169,41,Motorboat,951,1120,285,326
201806281429_013,41,14,Motorboat,718,759,262,276
201806281429_014,47,11,Motorboat,778,825,265,276
201806281429_016,100,16,Motorboat,614,714,268,284
201806281429_017,123,33,Motorboat,800,923,268,301
201806281429_018,103,284,Sailboat,906,1009,34,318
201806281429_014,54,24,Miscboat,657,711,252,276
201806281429_015,58,25,Motorboat,598,656,259,284
201806281429_016,39,131,Sailboat,393,432,164,295
201806281429_017,55,143,Sailboat,535,590,155,298
201806281429_014,53,109,Sailboat,776,829,170,279
201806281429_015,64,154,Sailboat,782,846,130,284
201806281429_017,83,153,Sailboat,734,817,141,294
201806281429_018,85,182,Sailboat,821,906,109,291
201806281429_019,110,342,Sailboat,965,1075,1,343
201806281429_020,114,374,Sailboat,1037,1151,15,389
201806281429_018,35,47,Motorboat,441,476,261,308
201806281429_019,27,22,Motorboat,350,377,262,284
201806281429_020,35,33,Motorboat,192,227,265,298
201806281429_016,22,14,Motorboat,259,281,257,271
201806281429_017,18,12,Motorboat,403,421,258,270
201806281429_019,204,88,Motorboat,1020,1224,277,365
201806281429_020,92,415,Sailboat,1174,1266,10,425
201806281429_012,35,15,Miscboat,784,819,260,275
201806281429_013,38,16,Miscboat,845,883,266,282
201806281429_014,63,29,Miscboat,976,1039,264,293
201806281429_015,126,65,Miscboat,1148,1274,260,325
201806281429_015,22,13,Motorboat,719,741,258,271
201806281429_016,35,22,Motorboat,493,528,251,273
201806281429_017,33,21,Motorboat,673,706,255,276
201806281429_018,35,22,Motorboat,751,786,261,283
201806281429_019,109,39,Motorboat,770,879,261,300
201806281429_020,195,67,Motorboat,813,1008,258,325
201806281429_011,22,28,Passengership,443,465,245,273
201806281429_012,20,26,Passengership,460,480,244,270
201806281429_013,45,43,Passengership,419,464,240,283
201806281429_014,67,62,Passengership,364,431,231,293
201806281429_015,162,116,Passengership,103,265,216,332
201806281429_013,30,33,Motorboat,463,493,243,276
201806281429_014,58,42,Motorboat,436,494,241,283
201806281429_015,93,62,Motorboat,331,424,228,290
201806281429_016,134,201,Motorboat,-2,132,109,310
201806281429_017,152,132,Motorboat,8,160,198,330
201806281429_017,37,20,Motorboat,249,286,271,291
201806281429_018,50,29,Motorboat,211,261,273,302
201806281429_019,21,15,Motorboat,329,350,271,286
201806281429_020,21,21,Motorboat,167,188,279,300
201806281429_017,30,150,Sailboat,309,339,133,283
201806281429_018,49,186,Sailboat,300,349,103,289
201806281429_017,59,96,Sailboat,675,734,178,274
201806281429_020,71,170,Sailboat,750,821,124,294
201806281429_022,127,272,Sailboat,929,1056,67,339
201806281429_021,171,281,Sailboat,906,1077,44,325
201806281429_022,164,48,Motorboat,1024,1188,302,350
201806281429_020,37,37,Miscboat,309,346,240,277
201806281429_021,61,54,Miscboat,220,281,240,294
201806281429_022,105,109,Miscboat,-5,100,213,322
201806281429_019,16,60,Sailboat,578,594,211,271
201806281429_020,21,76,Sailboat,503,524,198,274
201806281429_021,32,21,Motorboat,454,486,270,291
201806281429_022,30,70,Sailboat,475,505,200,270
201806281429_025,73,167,Sailboat,235,308,121,288
201806281429_026,121,239,Sailboat,83,204,64,303
201806281429_021,19,18,Passengership,546,565,249,267
201806281429_022,35,30,Passengership,545,580,244,274
201806281429_023,54,40,Passengership,384,438,242,282
201806281429_024,135,65,Passengership,214,349,248,313
201806281429_025,52,52,Miscboat,183,235,241,293
201806281429_026,58,64,Miscboat,3,61,246,310
201806281429_026,14,17,Motorboat,718,732,249,266
201806281429_027,15,19,Motorboat,735,750,250,269
201806281429_028,38,29,Motorboat,740,778,249,278
201806281429_029,47,31,Motorboat,813,860,258,289
201806281429_031,62,76,Militaryship,900,962,196,272
201806281429_032,99,105,Militaryship,572,671,174,279
201806281429_033,217,140,Militaryship,743,960,177,317
201806281429_034,378,366,Militaryship,902,1280,44,410
201806281429_024,23,15,Motorboat,649,672,249,264
201806281429_025,25,16,Motorboat,655,680,247,263
201806281429_026,28,18,Motorboat,691,719,246,264
201806281429_027,30,24,Motorboat,699,729,248,272
201806281429_028,36,24,Motorboat,704,740,253,277
201806281429_029,47,37,Motorboat,759,806,248,285
201806281429_030,70,72,Motorboat,945,1015,256,328
201806281429_031,40,34,Miscboat,949,989,249,283
201806281429_032,77,59,Miscboat,701,778,241,300
201806281429_017,38,68,Sailboat,623,661,185,253
201806281429_018,45,81,Sailboat,688,733,179,260
201806281429_019,62,110,Sailboat,670,732,163,273
201806281429_020,52,82,Sailboat,626,678,173,255
201806281429_021,66,105,Sailboat,662,728,159,264
201806281429_022,82,130,Sailboat,703,785,143,273
201806281429_023,63,113,Sailboat,647,710,142,255
201806281429_024,49,109,Sailboat,672,721,139,248
201806281429_025,76,144,Sailboat,674,750,110,254
201806281429_026,99,153,Sailboat,714,813,95,248
201806281429_027,81,183,Sailboat,740,821,66,249
201806281429_028,82,239,Sailboat,748,830,16,255
201806281429_029,178,236,Sailboat,772,950,10,246
201806281429_030,224,258,Sailboat,886,1110,1,259
201806281429_031,293,305,Sailboat,988,1281,1,306
201806281429_032,444,411,Sailboat,828,1272,8,419
201806281429_030,61,102,Cruiseship,890,951,156,258
201806281429_031,53,120,Cruiseship,858,911,145,265
201806281429_032,101,91,Cruiseship,498,599,172,263
201806281429_033,135,131,Cruiseship,640,775,148,279
201806281429_034,180,278,Cruiseship,725,905,11,289
201806281429_035,416,321,Cruiseship,734,1150,28,349
201806281429_036,482,434,Cruiseship,799,1281,1,435
201806281429_033,176,137,Miscboat,1105,1281,264,401
201806281429_032,26,42,Militaryship,469,495,217,259
201806281429_033,29,51,Militaryship,608,637,213,264
201806281429_034,27,50,Militaryship,704,731,211,261
201806281429_035,45,67,Militaryship,690,735,200,267
201806281429_036,89,92,Militaryship,706,795,181,273
201806281429_037,75,118,Militaryship,886,961,161,279
201806281429_038,123,157,Militaryship,822,945,138,295
201806281429_039,203,213,Militaryship,828,1031,102,315
201806281429_040,348,402,Militaryship,931,1279,1,403
201806281429_038,12,9,Motorboat,662,674,255,264
201806281429_039,18,12,Motorboat,564,582,255,267
201806281429_040,29,15,Motorboat,436,465,263,278
201806281429_038,49,112,Militaryship,770,819,164,276
201806281429_039,77,145,Militaryship,746,823,138,283
201806281429_040,144,192,Militaryship,751,895,105,297
201806281429_041,239,319,Militaryship,837,1076,16,335
201806281429_040,25,10,Motorboat,686,711,252,262
201806281429_041,27,13,Motorboat,522,549,248,261
201806281429_038,81,52,Motorboat,193,274,285,337
201806281429_039,62,35,Motorboat,323,385,279,314
201806281429_040,38,29,Motorboat,557,595,266,295
201806281429_041,23,18,Motorboat,623,646,263,281
201806281429_042,28,16,Motorboat,807,835,263,279
201806281429_002,111,83,Passengership,984,1095,222,305
201806281429_002,49,31,Motorboat,928,977,261,292
201806281429_026,24,17,Motorboat,739,763,251,268
201806281429_032,32,19,Motorboat,219,251,258,277
201806281429_042,80,126,Militaryship,974,1054,168,294
201806281429_042,263,337,Militaryship,1017,1280,111,448
201806281429_041,22,12,Motorboat,760,782,246,258
201806281429_041,25,13,Motorboat,786,811,245,258
201806281429_003,103,54,Motorboat,1115,1218,261,315
201806281429_016,27,130,Sailboat,206,233,149,279
201806281429_019,167,343,Sailboat,52,219,36,379
201806281429_020,91,263,Sailboat,928,1019,64,327
201806281429_022,93,352,Sailboat,179,272,6,358
201806281429_041,70,167,Sailboat,148,218,134,301
201806281429_000,94,41,Miscboat,66,160,262,303
201806281429_000,330,191,Passengership,951,1281,208,399
201806281429_037,121,400,Cruiseship,1160,1281,1,401
201806281429_016,224,75,Ferry,818,1042,244,319
201806281429_033,146,82,Militaryship,959,1105,261,343
201806281429_000,24,26,Passengership,779,803,248,274
201806281429_013,166,141,Militaryship,104,270,195,336
201806281429_016,110,94,Miscboat,1170,1280,251,345
201806281429_000,50,48,Ferry,2,52,273,321
201806281429_012,27,13,Boat,1037,1064,282,295
201806281429_015,20,18,Miscboat,470,490,258,276
201806281429_018,11,5,Boat,610,621,260,265
201806281429_021,96,143,Sailboat,780,876,154,297
201806281429_024,34,15,Motorboat,353,387,261,276
201806281429_042,37,11,Motorboat,276,313,261,272
201806281459_001,51,17,Motorboat,442,493,252,269
201806281459_002,89,45,Motorboat,126,215,244,289
201806281459_004,3,11,Seamark,776,779,250,261
201806281459_005,8,20,Seamark,639,647,248,268
201806281459_006,3,16,Seamark,502,505,255,271
201806281459_007,13,32,Seamark,379,392,243,275
201806281459_008,12,29,Seamark,446,458,246,275
201806281459_009,8,28,Seamark,213,221,255,283
201806281459_010,11,36,Seamark,146,157,254,290
201806281459_002,67,63,Militaryship,839,906,203,266
201806281459_003,62,64,Militaryship,638,700,199,263
201806281459_004,60,62,Militaryship,460,520,203,265
201806281459_005,94,95,Militaryship,253,347,186,281
201806281459_006,68,108,Militaryship,13,81,186,294
201806281459_002,67,55,Militaryship,874,941,199,254
201806281459_003,91,68,Militaryship,677,768,192,260
201806281459_004,124,38,Militaryship,474,598,223,261
201806281459_005,99,74,Militaryship,302,401,184,258
201806281459_006,172,110,Militaryship,71,243,175,285
201806281459_006,4,10,Seamark,316,320,259,269
201806281459_007,11,15,Seamark,204,215,255,270
201806281459_008,8,17,Seamark,279,287,250,267
201806281459_008,15,13,Motorboat,623,638,251,264
201806281459_009,13,7,Motorboat,430,443,263,270
201806281459_010,19,12,Motorboat,401,420,267,279
201806281459_000,20,12,Motorboat,868,888,262,274
201806281459_001,19,20,Motorboat,999,1018,251,271
201806281459_002,23,17,Motorboat,1060,1083,260,277
201806281459_003,9,9,Motorboat,962,971,257,266
201806281459_004,9,4,Motorboat,857,866,260,264
201806281459_005,15,16,Motorboat,800,815,254,270
201806281459_006,16,18,Motorboat,705,721,248,266
201806281459_007,18,20,Motorboat,617,635,248,268
201806281459_008,18,13,Motorboat,718,736,249,262
201806281459_008,7,11,Seamark,572,579,247,258
201806281459_009,8,12,Seamark,424,432,246,258
201806281459_010,9,13,Seamark,462,471,245,258
201806281459_011,9,16,Seamark,365,374,251,267
201806281459_011,32,29,Passengership,401,433,241,270
201806281459_012,30,31,Passengership,331,361,247,278
201806281459_013,98,61,Passengership,55,153,234,295
201806281459_014,9,20,Seamark,263,272,256,276
201806281459_015,4,16,Seamark,226,230,261,277
201806281459_016,5,18,Seamark,248,253,256,274
201806281459_017,15,35,Seamark,51,66,254,289
201806281459_017,40,25,Motorboat,375,415,246,271
201806281459_018,44,28,Motorboat,366,410,244,272
201806281459_019,45,15,Motorboat,312,357,254,269
201806281459_020,68,32,Motorboat,163,231,250,282
201806281459_017,29,17,Motorboat,412,441,253,270
201806281459_018,32,19,Motorboat,409,441,251,270
201806281459_019,41,15,Motorboat,360,401,254,269
201806281459_020,40,24,Motorboat,235,275,255,279
201806281459_016,44,21,Passengership,565,609,238,259
201806281459_017,67,48,Passengership,432,499,222,270
201806281459_018,60,24,Passengership,441,501,236,260
201806281459_019,75,31,Passengership,404,479,234,265
201806281459_020,89,79,Passengership,285,374,196,275
201806281459_021,88,50,Passengership,23,111,234,284
201806281459_017,19,21,Motorboat,856,875,247,268
201806281459_018,21,23,Motorboat,900,921,247,270
201806281459_019,16,15,Motorboat,919,935,249,264
201806281459_020,29,33,Motorboat,888,917,242,275
201806281459_021,36,41,Motorboat,708,744,234,275
201806281459_022,22,24,Motorboat,611,633,250,274
201806281459_023,43,58,Motorboat,584,627,226,284
201806281459_024,35,34,Motorboat,271,306,247,281
201806281459_024,5,31,Seamark,626,631,266,297
201806281459_025,14,58,Seamark,318,332,277,335
201806281459_019,51,65,Sailboat,983,1034,202,267
201806281459_020,51,72,Sailboat,981,1032,200,272
201806281459_021,41,72,Sailboat,827,868,201,273
201806281459_022,69,103,Sailboat,733,802,174,277
201806281459_023,81,146,Sailboat,759,840,139,285
201806281459_024,109,186,Sailboat,475,584,103,289
201806281459_025,169,291,Sailboat,125,294,28,319
201806281459_027,28,34,Boat,195,223,238,272
201806281459_028,34,40,Sailboat,115,149,233,273
201806281459_027,6,14,Seamark,79,85,272,286
201806281459_028,6,20,Seamark,87,93,265,285
201806281459_026,74,45,Motorboat,329,403,237,282
201806281459_027,81,38,Motorboat,878,959,241,279
201806281459_028,111,44,Motorboat,1076,1187,256,300
201806281459_028,108,38,Miscboat,924,1032,257,295
201806281459_029,147,54,Miscboat,997,1144,250,304
201806281459_031,24,54,Sailboat,640,664,208,262
201806281459_032,39,79,Sailboat,486,525,192,271
201806281459_033,68,107,Sailboat,151,219,177,284
201806281459_030,4,17,Seamark,1118,1122,257,274
201806281459_031,9,21,Seamark,872,881,253,274
201806281459_032,13,40,Seamark,935,948,245,285
201806281459_033,12,44,Seamark,1027,1039,249,293
201806281459_034,30,89,Seamark,1194,1224,252,341
201806281459_032,5,16,Seamark,893,898,243,259
201806281459_033,6,18,Seamark,863,869,241,259
201806281459_034,7,20,Seamark,661,668,240,260
201806281459_035,6,14,Seamark,614,620,245,259
201806281459_036,6,14,Seamark,648,654,244,258
201806281459_037,5,10,Seamark,638,643,244,254
201806281459_038,6,14,Seamark,578,584,245,259
201806281459_039,7,15,Seamark,652,659,244,259
201806281459_040,3,9,Seamark,720,723,248,257
201806281459_041,8,19,Seamark,702,710,243,262
201806281459_042,3,9,Seamark,784,787,249,258
201806281459_043,5,12,Seamark,738,743,248,260
201806281459_044,12,25,Seamark,762,774,242,267
201806281459_045,5,17,Seamark,789,794,250,267
201806281459_046,7,21,Seamark,833,840,249,270
201806281459_047,12,35,Seamark,851,863,242,277
201806281459_048,13,48,Seamark,771,784,247,295
201806281459_049,26,93,Seamark,882,908,240,333
201806281459_032,8,12,Seamark,1055,1063,248,260
201806281459_035,9,19,Seamark,697,706,245,264
201806281459_036,4,14,Seamark,742,746,250,264
201806281459_038,12,27,Seamark,690,702,243,270
201806281459_039,8,20,Seamark,788,796,251,271
201806281459_040,11,25,Seamark,902,913,252,277
201806281459_041,36,79,Seamark,1006,1042,232,311
201806281459_035,5,15,Seamark,601,606,246,261
201806281459_036,6,16,Seamark,633,639,245,261
201806281459_037,6,15,Seamark,622,628,245,260
201806281459_038,7,18,Seamark,558,565,244,262
201806281459_039,8,20,Seamark,629,637,244,264
201806281459_040,3,12,Seamark,694,697,248,260
201806281459_041,11,22,Seamark,671,682,246,268
201806281459_042,5,18,Seamark,751,756,249,267
201806281459_043,7,21,Seamark,703,710,249,270
201806281459_044,17,40,Seamark,724,741,242,282
201806281459_045,13,42,Seamark,758,771,251,293
201806281459_046,38,113,Seamark,907,945,247,360
201806281459_032,6,14,Seamark,862,868,246,260
201806281459_033,7,15,Seamark,840,847,244,259
201806281459_034,8,16,Seamark,644,652,244,260
201806281459_035,8,20,Seamark,363,371,249,269
201806281459_036,4,14,Seamark,371,375,252,266
201806281459_037,4,15,Seamark,310,314,251,266
201806281459_038,12,28,Seamark,206,218,251,279
201806281459_039,8,23,Seamark,198,206,256,279
201806281459_040,8,25,Seamark,106,114,263,288
201806281459_038,7,18,Seamark,296,303,249,267
201806281459_039,8,20,Seamark,339,347,247,267
201806281459_040,8,21,Seamark,356,364,244,265
201806281459_041,9,18,Seamark,281,290,256,274
201806281459_042,5,14,Seamark,297,302,257,271
201806281459_043,3,14,Seamark,169,172,263,277
201806281459_044,12,26,Seamark,56,68,264,290
201806281459_047,6,18,Seamark,848,854,251,269
201806281459_048,11,17,Seamark,727,738,254,271
201806281459_049,13,27,Seamark,757,770,252,279
201806281459_050,14,35,Seamark,715,729,260,295
201806281459_051,11,63,Seamark,831,842,282,345
201806281459_044,8,19,Sailboat,808,816,236,255
201806281459_045,8,20,Sailboat,819,827,233,253
201806281459_046,8,21,Sailboat,825,833,232,253
201806281459_047,9,24,Sailboat,805,814,231,255
201806281459_048,9,23,Sailboat,658,667,234,257
201806281459_049,10,25,Sailboat,652,662,228,253
201806281459_050,16,40,Sailboat,545,561,223,263
201806281459_051,11,42,Sailboat,521,532,222,264
201806281459_052,21,68,Sailboat,274,295,202,270
201806281459_053,36,105,Sailboat,1,37,191,296
201806281459_052,9,10,Motorboat,390,399,254,264
201806281459_053,17,22,Motorboat,187,204,253,275
201806281459_054,13,15,Motorboat,82,95,265,280
201806281459_049,86,61,Boat,178,264,320,381
201806281459_050,34,37,Boat,495,529,268,305
201806281459_051,12,11,Boat,615,627,266,277
201806281459_052,7,4,Boat,520,527,262,266
201806281459_053,12,10,Boat,364,376,258,268
201806281459_056,12,11,Motorboat,234,246,255,266
201806281459_057,13,12,Motorboat,279,292,256,268
201806281459_058,31,15,Motorboat,222,253,262,277
201806281459_019,98,100,Militaryship,1092,1190,189,289
201806281459_019,52,16,Miscboat,270,322,252,268
201806281459_019,32,18,Miscboat,240,272,255,273
201806281459_026,81,29,Motorboat,537,618,273,302
201806281459_067,24,11,Miscboat,915,939,249,260
201806281459_026,221,373,Sailboat,929,1150,1,374
201806281459_026,126,27,Motorboat,687,813,272,299
201806281459_001,38,174,Miscboat,1237,1275,224,398
201806281459_009,6,6,Miscboat,579,585,253,259
201806281459_009,5,4,Miscboat,631,636,255,259
201806281459_020,36,19,Motorboat,278,314,257,276
201806281459_006,2,13,Seamark,404,406,265,278
201806281459_008,7,32,Seamark,230,237,264,296
201806281459_008,11,21,Seamark,243,254,257,278
201806281459_009,2,8,Seamark,98,100,263,271
201806281459_009,3,7,Seamark,150,153,258,265
201806281459_024,17,80,Seamark,1122,1139,284,364
201806281459_032,12,26,Seamark,286,298,249,275
201806281459_032,8,17,Seamark,1097,1105,249,266
201806281459_048,3,15,Seamark,732,735,257,272
201806281459_000,283,204,Miscboat,998,1281,174,378
201806281529_004,44,11,Passengership,277,321,269,280
201806281529_005,48,12,Passengership,200,248,252,264
201806281529_006,53,13,Passengership,115,168,254,267
201806281529_007,84,29,Passengership,16,100,248,277
201806281529_008,145,49,Passengership,304,449,232,281
201806281529_009,160,33,Passengership,831,991,243,276
201806281529_016,6,20,Seamark,509,515,245,265
201806281529_018,18,29,Seamark,144,162,251,280
201806281529_016,8,26,Seamark,948,956,246,272
201806281529_018,19,51,Seamark,942,961,255,306
201806281529_019,51,192,Seamark,1209,1260,247,439
201806281529_019,4,19,Seamark,451,455,245,264
201806281529_020,3,20,Seamark,295,298,249,269
201806281529_021,11,22,Seamark,232,243,248,270
201806281529_022,8,26,Seamark,63,71,252,278
201806281529_019,5,19,Seamark,917,922,252,271
201806281529_020,6,21,Seamark,833,839,253,274
201806281529_021,13,26,Seamark,853,866,248,274
201806281529_022,10,30,Seamark,801,811,247,277
201806281529_023,11,34,Seamark,799,810,254,288
201806281529_024,33,89,Seamark,987,1020,246,335
201806281529_022,27,10,Miscboat,476,503,244,254
201806281529_023,30,11,Miscboat,403,433,250,261
201806281529_024,33,12,Miscboat,381,414,244,256
201806281529_025,31,13,Miscboat,254,285,243,256
201806281529_022,14,7,Miscboat,514,528,246,253
201806281529_023,15,8,Miscboat,444,459,250,258
201806281529_024,16,9,Miscboat,426,442,245,254
201806281529_025,26,12,Miscboat,302,328,244,256
201806281529_022,18,5,Miscboat,545,563,248,253
201806281529_025,26,9,Miscboat,335,361,247,256
201806281529_025,40,8,Miscboat,449,489,246,254
201806281529_026,44,9,Miscboat,332,376,247,256
201806281529_027,48,10,Miscboat,306,354,247,257
201806281529_028,42,12,Miscboat,227,269,248,260
201806281529_029,46,13,Miscboat,260,306,245,258
201806281529_030,60,17,Miscboat,93,153,249,266
201806281529_025,6,10,Seamark,827,833,253,263
201806281529_026,7,11,Seamark,747,754,251,262
201806281529_027,10,24,Seamark,780,790,246,270
201806281529_028,7,20,Seamark,732,739,250,270
201806281529_029,8,22,Seamark,877,885,250,272
201806281529_030,19,54,Seamark,943,962,249,303
201806281529_031,50,143,Seamark,1101,1151,252,395
201806281529_028,24,11,Motorboat,409,433,245,256
201806281529_029,26,12,Motorboat,464,490,243,255
201806281529_030,29,13,Motorboat,326,355,241,254
201806281529_031,25,14,Motorboat,151,176,248,262
201806281529_022,14,25,Cruiseship,907,921,229,254
201806281529_023,15,28,Cruiseship,857,872,230,258
201806281529_024,15,30,Cruiseship,866,881,223,253
201806281529_025,18,29,Cruiseship,767,785,226,255
201806281529_026,18,28,Cruiseship,669,687,223,251
201806281529_027,18,30,Cruiseship,673,691,224,254
201806281529_028,20,34,Cruiseship,604,624,219,253
201806281529_029,24,40,Cruiseship,681,705,212,252
201806281529_030,19,35,Cruiseship,574,593,217,252
201806281529_031,26,38,Cruiseship,417,443,216,254
201806281529_032,29,42,Cruiseship,519,548,212,254
201806281529_033,35,50,Cruiseship,404,439,206,256
201806281529_034,28,47,Cruiseship,359,387,207,254
201806281529_035,28,47,Cruiseship,316,344,208,255
201806281529_036,29,49,Cruiseship,144,173,209,258
201806281529_037,32,62,Cruiseship,81,113,201,263
201806281529_033,8,18,Seamark,831,839,248,266
201806281529_034,7,24,Seamark,832,839,245,269
201806281529_036,18,36,Seamark,778,796,253,289
201806281529_037,22,79,Seamark,922,944,248,327
201806281529_037,34,13,Passengership,950,984,250,263
201806281529_038,41,20,Passengership,834,875,243,263
201806281529_039,42,21,Passengership,723,765,242,263
201806281529_040,44,22,Passengership,520,564,241,263
201806281529_040,11,29,Seamark,738,749,256,285
201806281529_041,17,47,Seamark,748,765,237,284
201806281529_042,22,58,Seamark,823,845,251,309
201806281529_043,62,233,Seamark,1108,1170,246,479
201806281529_031,79,32,Militaryship,1033,1112,225,257
201806281529_032,92,37,Militaryship,1151,1243,222,259
201806281529_033,95,38,Militaryship,1103,1198,221,259
201806281529_034,83,44,Militaryship,1105,1188,217,261
201806281529_035,122,64,Militaryship,1097,1219,210,274
201806281529_037,58,57,Militaryship,1090,1148,211,268
201806281529_038,65,64,Militaryship,1082,1147,208,272
201806281529_039,82,80,Militaryship,1065,1147,199,279
201806281529_040,140,81,Militaryship,1073,1213,195,276
201806281529_041,137,94,Militaryship,1143,1280,189,283
201806281529_042,79,40,Militaryship,1200,1279,248,288
201806281529_043,76,41,Militaryship,1198,1274,253,294
201806281529_045,52,19,Miscboat,853,905,247,266
201806281529_046,64,21,Miscboat,703,767,245,266
201806281529_047,83,16,Miscboat,833,916,255,271
201806281529_048,85,17,Miscboat,889,974,262,279
201806281529_049,105,29,Miscboat,963,1068,258,287
201806281529_044,265,195,Militaryship,1016,1281,116,311
201806281529_045,219,49,Militaryship,1060,1279,261,310
201806281529_046,204,79,Militaryship,1074,1278,255,334
201806281529_044,15,12,Motorboat,414,429,256,268
201806281529_045,19,14,Motorboat,203,222,262,276
201806281529_045,107,47,Militaryship,942,1049,233,280
201806281529_046,162,79,Militaryship,842,1004,208,287
201806281529_047,12,34,Seamark,737,749,249,283
201806281529_048,24,46,Seamark,776,800,249,295
201806281529_049,12,66,Seamark,889,901,256,322
201806281529_050,32,140,Seamark,1230,1262,272,412
201806281529_046,24,13,Miscboat,618,642,247,260
201806281529_047,43,24,Miscboat,727,770,243,267
201806281529_048,40,23,Miscboat,760,800,247,270
201806281529_049,36,21,Miscboat,801,837,250,271
201806281529_050,80,30,Miscboat,890,970,253,283
201806281529_051,63,24,Miscboat,1046,1109,263,287
201806281529_052,49,27,Motorboat,1184,1233,260,287
201806281529_051,25,27,Miscboat,3,28,246,273
201806281529_052,29,29,Miscboat,26,55,243,272
201806281529_047,8,19,Seamark,694,702,247,266
201806281529_048,9,21,Seamark,720,729,246,267
201806281529_049,6,19,Seamark,755,761,254,273
201806281529_050,14,38,Seamark,857,871,249,287
201806281529_047,11,14,Seamark,402,413,245,259
201806281529_048,12,15,Seamark,403,415,244,259
201806281529_049,13,16,Seamark,393,406,244,260
201806281529_050,10,18,Seamark,450,460,247,265
201806281529_051,12,22,Seamark,506,518,244,266
201806281529_052,13,24,Seamark,593,606,242,266
201806281529_053,13,22,Seamark,610,623,246,268
201806281529_054,48,28,Miscboat,40,88,251,279
201806281529_055,104,57,Miscboat,4,108,233,290
201806281529_056,98,89,Miscboat,1,99,221,310
201806281529_055,47,58,Militaryship,119,166,207,265
201806281529_056,86,103,Militaryship,173,259,172,275
201806281529_057,96,133,Militaryship,221,317,147,280
201806281529_058,166,166,Militaryship,211,377,120,286
201806281529_059,97,147,Militaryship,226,323,139,286
201806281529_060,196,180,Militaryship,147,343,129,309
201806281529_056,101,108,Militaryship,74,175,182,290
201806281529_059,216,297,Militaryship,14,230,35,332
201806281529_059,66,82,Cruiseship,305,371,188,270
201806281529_060,77,89,Cruiseship,411,488,180,269
201806281529_061,123,118,Cruiseship,357,480,153,271
201806281529_062,282,202,Cruiseship,20,302,109,311
201806281529_061,35,44,Militaryship,480,515,216,260
201806281529_062,85,73,Militaryship,295,380,199,272
201806281529_063,103,95,Militaryship,170,273,184,279
201806281529_064,182,161,Militaryship,6,188,149,310
201806281529_062,17,14,Motorboat,486,503,257,271
201806281529_063,31,25,Motorboat,292,323,281,306
201806281529_064,60,29,Boat,245,305,250,279
201806281529_065,111,34,Boat,155,266,258,292
201806281529_066,56,25,Boat,2,58,289,314
201806281529_064,7,6,Motorboat,487,494,256,262
201806281529_065,18,22,Motorboat,505,523,257,279
201806281529_066,36,18,Motorboat,299,335,280,298
201806281529_064,6,6,Boat,455,461,250,256
201806281529_065,12,8,Boat,507,519,253,261
201806281529_066,12,8,Boat,472,484,257,265
201806281529_067,12,8,Boat,303,315,268,276
201806281529_068,42,23,Boat,68,110,298,321
201806281529_064,27,16,Passengership,408,435,249,265
201806281529_065,30,18,Passengership,442,472,250,268
201806281529_066,48,20,Passengership,364,412,255,275
201806281529_067,90,32,Passengership,87,177,259,291
201806281529_064,16,14,Motorboat,435,451,250,264
201806281529_065,18,15,Motorboat,481,499,250,265
201806281529_066,30,18,Motorboat,420,450,252,270
201806281529_067,51,23,Motorboat,200,251,257,280
201806281529_068,79,38,Motorboat,104,183,254,292
201806281529_059,61,115,Sailboat,341,402,147,262
201806281529_060,55,110,Sailboat,492,547,145,255
201806281529_061,78,140,Sailboat,494,572,114,254
201806281529_062,105,180,Sailboat,352,457,87,267
201806281529_063,102,204,Sailboat,294,396,54,258
201806281529_064,168,258,Sailboat,249,417,7,265
201806281529_065,231,277,Sailboat,216,447,1,278
201806281529_066,344,291,Sailboat,29,373,6,297
201806281529_067,104,306,Sailboat,5,109,1,307
201806281529_067,20,10,Motorboat,371,391,245,255
201806281529_068,32,15,Motorboat,406,438,251,266
201806281529_069,29,14,Motorboat,436,465,255,269
201806281529_070,26,13,Motorboat,426,452,262,275
201806281529_071,47,40,Motorboat,252,299,272,312
201806281529_062,25,45,Sailboat,534,559,217,262
201806281529_064,25,39,Sailboat,569,594,218,257
201806281529_065,31,50,Sailboat,646,677,214,264
201806281529_067,35,52,Sailboat,504,539,208,260
201806281529_068,42,86,Sailboat,576,618,183,269
201806281529_069,50,67,Sailboat,622,672,198,265
201806281529_070,65,160,Sailboat,735,800,116,276
201806281529_071,101,240,Sailboat,758,859,61,301
201806281529_072,177,303,Sailboat,829,1006,7,310
201806281529_073,17,32,Sailboat,514,531,224,256
201806281529_074,49,16,Ferry,521,570,241,257
201806281529_070,39,49,Sailboat,475,514,210,259
201806281529_071,55,52,Sailboat,437,492,207,259
201806281529_072,45,61,Sailboat,441,486,199,260
201806281529_073,53,63,Sailboat,403,456,199,262
201806281529_070,19,25,Miscboat,673,692,232,257
201806281529_071,21,28,Miscboat,669,690,228,256
201806281529_072,25,34,Miscboat,694,719,225,259
201806281529_073,33,36,Miscboat,695,728,228,264
201806281529_070,19,41,Sailboat,651,670,216,257
201806281529_071,20,44,Sailboat,644,664,213,257
201806281529_073,13,53,Sailboat,662,675,203,256
201806281529_005,23,12,Boat,155,178,266,278
201806281529_005,30,15,Boat,898,928,263,278
201806281529_016,12,7,Motorboat,1125,1137,249,256
201806281529_016,19,10,Motorboat,1098,1117,247,257
201806281529_019,25,14,Miscboat,846,871,243,257
201806281529_037,38,22,Militaryship,1050,1088,246,268
201806281529_049,85,27,Motorboat,939,1024,254,281
201806281529_052,22,8,Motorboat,918,940,254,262
201806281529_052,42,11,Motorboat,868,910,252,263
201806281529_052,16,19,Motorboat,678,694,241,260
201806281529_064,64,37,Miscboat,182,246,246,283
201806281529_073,87,105,Miscboat,962,1049,232,337
201806281529_052,37,60,Sailboat,751,788,201,261
201806281529_073,239,418,Sailboat,1039,1278,1,419
201806281529_073,20,44,Sailboat,494,514,214,258
201806281529_073,36,59,Sailboat,458,494,203,262
201806281529_063,80,225,Cruiseship,-1,79,82,307
201806281529_025,30,13,Miscboat,1031,1061,249,262
201806281529_043,39,20,Motorboat,529,568,259,279
201806281529_065,118,72,Miscboat,40,158,236,308
201806281529_063,115,86,Militaryship,65,180,192,278
201806281529_034,13,6,Miscboat,809,822,248,254
201806281529_040,27,11,Miscboat,441,468,250,261
201806281529_010,4,13,Seamark,1129,1133,257,270
201806281529_015,10,17,Seamark,219,229,251,268
201806281529_016,4,13,Seamark,1156,1160,251,264
201806281529_028,6,13,Seamark,78,84,261,274
201806281529_040,6,23,Seamark,746,752,246,269
201806281529_044,25,71,Seamark,1064,1089,286,357
201806281529_073,37,12,Ferry,532,569,244,256
201806281559_000,104,33,Sailboat,194,298,252,285
201806281559_001,123,202,Sailboat,29,152,100,302
201806281559_000,32,14,Boat,752,784,268,282
201806281559_001,30,14,Boat,770,800,278,292
201806281559_001,31,27,Motorboat,747,778,258,285
201806281559_002,63,47,Motorboat,829,892,265,312
201806281559_000,119,91,Miscboat,831,950,214,305
201806281559_001,232,343,Miscboat,918,1150,22,365
201806281559_001,12,9,Motorboat,513,525,254,263
201806281559_002,17,19,Motorboat,499,516,254,273
201806281559_003,36,25,Motorboat,301,337,280,305
201806281559_001,63,96,Sailboat,255,318,183,279
201806281559_002,89,137,Sailboat,133,222,158,295
201806281559_003,83,183,Sailboat,40,123,115,298
201806281559_004,122,50,Motorboat,57,179,259,309
201806281559_002,94,143,Sailboat,242,336,141,284
201806281559_003,94,175,Sailboat,196,290,103,278
201806281559_004,74,150,Sailboat,229,303,143,293
201806281559_005,136,51,Motorboat,7,143,265,316
201806281559_001,27,110,Sailboat,692,719,159,269
201806281559_002,36,145,Sailboat,733,769,134,279
201806281559_003,52,209,Sailboat,721,773,81,290
201806281559_004,90,135,Passengership,847,937,154,289
201806281559_005,236,237,Passengership,873,1109,95,332
201806281559_006,261,256,Passengership,1019,1280,146,402
201806281559_007,303,360,Passengership,981,1284,44,404
201806281559_008,294,397,Passengership,987,1281,29,426
201806281559_004,44,48,Passengership,801,845,223,271
201806281559_005,74,81,Passengership,776,850,210,291
201806281559_006,92,77,Passengership,798,890,219,296
201806281559_007,110,126,Passengership,872,982,204,330
201806281559_002,76,135,Sailboat,342,418,140,275
201806281559_003,89,157,Sailboat,255,344,124,281
201806281559_004,64,105,Sailboat,338,402,177,282
201806281559_005,67,33,Miscboat,189,256,241,274
201806281559_000,44,17,Ferry,659,703,242,259
201806281559_001,50,20,Ferry,636,686,242,262
201806281559_002,55,25,Ferry,666,721,241,266
201806281559_003,84,21,Ferry,601,685,243,264
201806281559_004,121,37,Ferry,602,723,239,276
201806281559_005,204,110,Ferry,305,509,193,303
201806281559_006,164,83,Ferry,-1,163,240,323
201806281559_006,48,47,Militaryship,365,413,219,266
201806281559_007,68,69,Militaryship,227,295,208,277
201806281559_008,117,102,Militaryship,1,118,200,302
201806281559_006,35,40,Passengership,755,790,234,274
201806281559_007,80,125,Passengership,787,867,172,297
201806281559_008,99,80,Motorboat,846,945,242,322
201806281559_008,95,93,Miscboat,752,847,213,306
201806281559_009,190,354,Miscboat,1090,1280,96,450
201806281559_010,161,371,Sailboat,1119,1280,77,448
201806281559_006,23,18,Motorboat,706,729,246,264
201806281559_007,35,28,Motorboat,684,719,244,272
201806281559_008,47,33,Motorboat,675,722,241,274
201806281559_009,63,54,Motorboat,806,869,239,293
201806281559_008,46,39,Motorboat,701,747,243,282
201806281559_009,96,55,Motorboat,861,957,254,309
201806281559_006,22,19,Passengership,448,470,240,259
201806281559_007,42,25,Passengership,361,403,239,264
201806281559_008,55,45,Passengership,261,316,230,275
201806281559_009,76,47,Passengership,206,282,236,283
201806281559_010,97,90,Passengership,-4,93,209,299
201806281559_006,26,21,Passengership,477,503,238,259
201806281559_007,35,26,Passengership,407,442,234,260
201806281559_008,52,46,Passengership,329,381,224,270
201806281559_009,74,39,Passengership,320,394,230,269
201806281559_010,112,60,Passengership,103,215,220,280
201806281559_011,63,110,Passengership,1,64,197,307
201806281559_009,27,15,Motorboat,424,451,250,265
201806281559_010,30,16,Motorboat,261,291,251,267
201806281559_011,46,24,Motorboat,140,186,256,280
201806281559_012,52,27,Motorboat,-1,51,260,287
201806281559_011,29,19,Motorboat,357,386,246,265
201806281559_012,32,21,Motorboat,281,313,246,267
201806281559_013,41,23,Motorboat,334,375,248,271
201806281559_011,46,31,Miscboat,311,357,236,267
201806281559_012,52,16,Miscboat,225,277,250,266
201806281559_013,69,36,Miscboat,257,326,240,276
201806281559_015,58,46,Motorboat,388,446,252,298
201806281559_016,97,99,Motorboat,0,97,237,336
201806281559_017,40,30,Miscboat,232,272,238,268
201806281559_018,68,28,Miscboat,263,331,240,268
201806281559_019,71,103,Passengership,291,362,174,277
201806281559_020,112,67,Passengership,182,294,215,282
201806281559_021,179,95,Passengership,2,181,211,306
201806281559_021,332,96,Ferry,109,441,232,328
201806281559_022,62,186,Sailboat,294,356,93,279
201806281559_023,92,326,Sailboat,169,261,1,327
201806281559_017,63,18,Ferry,516,579,250,268
201806281559_018,68,19,Ferry,618,686,254,273
201806281559_019,120,31,Ferry,622,742,248,279
201806281559_020,187,53,Ferry,474,661,237,290
201806281559_016,9,7,Boat,362,371,263,270
201806281559_017,15,12,Boat,307,322,271,283
201806281559_015,69,47,Passengership,910,979,242,289
201806281559_016,90,60,Passengership,790,880,235,295
201806281559_017,194,167,Passengership,908,1102,163,330
201806281559_017,42,40,Passengership,152,194,236,276
201806281559_018,85,52,Passengership,101,186,230,282
201806281559_019,136,70,Passengership,0,136,241,311
201806281559_017,63,50,Passengership,97,160,233,283
201806281559_018,93,45,Passengership,6,99,255,300
201806281559_017,42,35,Passengership,191,233,237,272
201806281559_018,65,48,Passengership,190,255,231,279
201806281559_019,98,65,Passengership,147,245,227,292
201806281559_020,36,93,Passengership,1,37,220,313
201806281559_016,13,9,Motorboat,369,382,254,263
201806281559_017,13,14,Motorboat,336,349,250,264
201806281559_017,23,59,Sailboat,464,487,203,262
201806281559_018,39,104,Sailboat,571,610,164,268
201806281559_020,43,101,Sailboat,680,723,172,273
201806281559_017,38,83,Sailboat,477,515,183,266
201806281559_020,82,144,Sailboat,686,768,139,283
201806281559_021,124,39,Motorboat,750,874,261,300
201806281559_022,226,77,Motorboat,977,1203,284,361
201806281559_024,106,177,Sailboat,868,974,112,289
201806281559_026,224,325,Sailboat,1030,1254,31,356
201806281559_023,132,253,Sailboat,293,425,49,302
201806281559_024,203,82,Motorboat,989,1192,265,347
201806281559_022,17,11,Motorboat,463,480,259,270
201806281559_023,20,17,Motorboat,506,526,263,280
201806281559_022,18,16,Motorboat,479,497,253,269
201806281559_023,31,23,Motorboat,524,555,255,278
201806281559_024,51,29,Motorboat,232,283,266,295
201806281559_020,26,112,Sailboat,377,403,161,273
201806281559_022,80,155,Sailboat,349,429,128,283
201806281559_023,33,37,Miscboat,591,624,232,269
201806281559_024,39,42,Miscboat,363,402,235,277
201806281559_025,70,81,Miscboat,227,297,216,297
201806281559_023,81,111,Sailboat,921,1002,159,270
201806281559_025,98,161,Sailboat,896,994,130,291
201806281559_023,12,10,Motorboat,844,856,250,260
201806281559_024,20,15,Motorboat,650,670,243,258
201806281559_025,18,14,Motorboat,681,699,244,258
201806281559_026,16,13,Motorboat,637,653,247,260
201806281559_027,19,13,Motorboat,740,759,247,260
201806281559_028,26,13,Motorboat,646,672,249,262
201806281559_029,21,16,Motorboat,698,719,251,267
201806281559_030,17,15,Motorboat,650,667,250,265
201806281559_031,31,26,Motorboat,725,756,250,276
201806281559_032,35,29,Motorboat,564,599,251,280
201806281559_033,37,28,Motorboat,670,707,262,290
201806281559_034,71,50,Motorboat,754,825,266,316
201806281559_023,26,54,Sailboat,693,719,207,261
201806281559_024,31,63,Sailboat,489,520,200,263
201806281559_025,35,71,Sailboat,490,525,194,265
201806281559_026,30,60,Sailboat,413,443,207,267
201806281559_027,54,73,Sailboat,460,514,193,266
201806281559_028,38,35,Miscboat,261,299,249,284
201806281559_029,54,43,Miscboat,214,268,248,291
201806281559_030,49,59,Miscboat,1,50,252,311
201806281559_028,57,147,Sailboat,300,357,134,281
201806281559_029,87,181,Sailboat,267,354,104,285
201806281559_030,122,250,Sailboat,64,186,56,306
201806281559_017,29,52,Sailboat,432,461,199,251
201806281559_018,33,59,Sailboat,536,569,194,253
201806281559_019,38,70,Sailboat,616,654,188,258
201806281559_020,31,62,Sailboat,652,683,192,254
201806281559_021,36,72,Sailboat,693,729,185,257
201806281559_022,43,85,Sailboat,758,801,177,262
201806281559_023,46,80,Sailboat,856,902,174,254
201806281559_024,59,103,Sailboat,662,721,159,262
201806281559_025,54,98,Sailboat,699,753,154,252
201806281559_026,59,110,Sailboat,653,712,149,259
201806281559_027,76,141,Sailboat,747,823,130,271
201806281559_028,73,134,Sailboat,663,736,122,256
201806281559_029,89,152,Sailboat,715,804,107,259
201806281559_030,99,170,Sailboat,663,762,92,262
201806281559_031,146,251,Sailboat,727,873,42,293
201806281559_032,142,241,Sailboat,576,718,23,264
201806281559_033,167,256,Sailboat,682,849,1,257
201806281559_034,117,261,Sailboat,815,932,1,262
201806281559_035,326,299,Sailboat,912,1238,1,300
201806281559_036,269,393,Sailboat,1012,1281,7,400
201806281559_036,57,34,Miscboat,938,995,268,302
201806281559_037,154,104,Miscboat,1004,1158,248,352
201806281559_017,66,41,Boat,800,866,299,340
201806281559_018,40,29,Boat,690,730,288,317
201806281559_019,35,21,Boat,698,733,286,307
201806281559_020,28,17,Boat,740,768,280,297
201806281559_021,24,17,Boat,650,674,275,292
201806281559_022,20,13,Boat,671,691,271,284
201806281559_023,17,12,Boat,846,863,271,283
201806281559_024,18,10,Boat,680,698,268,278
201806281559_025,16,9,Boat,689,705,265,274
201806281559_026,17,12,Boat,620,637,263,275
201806281559_027,13,9,Boat,725,738,262,271
201806281559_028,12,8,Boat,632,644,263,271
201806281559_029,12,8,Boat,659,671,262,270
201806281559_030,12,7,Boat,600,612,261,268
201806281559_031,11,6,Boat,667,678,261,267
201806281559_032,10,8,Boat,519,529,259,267
201806281559_033,10,6,Boat,642,652,258,264
201806281559_034,9,5,Boat,737,746,259,264
201806281559_035,9,7,Boat,836,845,260,267
201806281559_036,14,11,Boat,693,707,255,266
201806281559_037,13,10,Boat,571,584,255,265
201806281559_038,12,9,Boat,463,475,256,265
201806281559_038,13,10,Boat,348,361,262,272
201806281559_039,19,15,Boat,277,296,271,286
201806281559_036,75,78,Militaryship,837,912,202,280
201806281559_037,157,151,Militaryship,774,931,146,297
201806281559_038,371,267,Militaryship,797,1168,85,352
201806281559_039,326,432,Militaryship,955,1281,6,438
201806281559_038,15,11,Boat,529,544,253,264
201806281559_039,16,11,Motorboat,542,558,253,264
201806281559_041,11,8,Boat,477,488,253,261
201806281559_036,92,97,Cruiseship,766,858,176,273
201806281559_037,96,183,Cruiseship,679,775,88,271
201806281559_038,184,248,Cruiseship,644,828,47,295
201806281559_039,238,225,Cruiseship,696,934,87,312
201806281559_040,530,359,Cruiseship,751,1281,1,360
201806281559_041,232,392,Cruiseship,881,1113,1,393
201806281559_040,29,106,Sailboat,487,516,167,273
201806281559_041,65,236,Sailboat,381,446,72,308
201806281559_041,32,31,Passengership,591,623,237,268
201806281559_042,51,35,Passengership,450,501,252,287
201806281559_042,29,14,Motorboat,551,580,247,261
201806281559_043,24,23,Motorboat,602,626,242,265
201806281559_044,94,68,Motorboat,359,453,237,305
201806281559_038,37,62,Militaryship,611,648,204,266
201806281559_039,43,72,Militaryship,660,703,199,271
201806281559_040,57,96,Militaryship,686,743,186,282
201806281559_041,63,109,Militaryship,742,805,168,277
201806281559_042,90,144,Militaryship,743,833,144,288
201806281559_043,174,231,Militaryship,856,1030,80,311
201806281559_044,352,419,Militaryship,929,1281,1,420
201806281559_041,40,80,Militaryship,717,757,187,267
201806281559_043,66,136,Miscboat,793,859,148,284
201806281559_044,142,191,Militaryship,768,910,106,297
201806281559_045,264,328,Militaryship,882,1146,8,336
201806281559_046,331,446,Miscboat,942,1273,1,447
201806281559_047,152,244,Militaryship,939,1091,97,341
201806281559_048,357,256,Miscboat,920,1277,168,424
201806281559_002,69,40,Boat,897,966,294,334
201806281559_002,40,30,Boat,867,907,290,320
201806281559_003,179,137,Motorboat,1101,1280,311,448
201806281559_006,88,43,Miscboat,179,267,239,282
201806281559_008,120,69,Boat,140,260,333,402
201806281559_033,224,116,Miscboat,1028,1252,232,348
201806281559_000,91,146,Sailboat,83,174,146,292
201806281559_004,128,181,Sailboat,2,130,132,313
201806281559_004,122,350,Sailboat,982,1104,1,351
201806281559_004,34,162,Sailboat,948,982,151,313
201806281559_017,42,58,Sailboat,582,624,217,275
201806281559_023,112,380,Sailboat,1169,1281,1,381
201806281559_017,17,47,Sailboat,462,479,214,261
201806281559_018,46,72,Sailboat,479,525,195,267
201806281559_020,32,93,Sailboat,410,442,175,268
201806281559_025,147,360,Sailboat,1130,1277,0,360
201806281559_023,69,181,Sailboat,1001,1070,122,303
201806281559_023,53,80,Sailboat,905,958,197,277
201806281559_002,29,28,Passengership,503,532,232,260
201806281559_017,64,40,Miscboat,21,85,255,295
201806281559_035,169,64,Passengership,963,1132,286,350
201806281559_002,105,43,Motorboat,207,312,246,289
201806281559_003,70,64,Motorboat,1029,1099,327,391
201806281559_007,19,11,Boat,548,567,265,276
201806281559_010,206,174,Motorboat,829,1035,186,360
201806281559_014,63,33,Motorboat,1031,1094,252,285
201806281559_018,54,34,Boat,33,87,309,343
201806281559_020,20,12,Motorboat,445,465,251,263
201806281559_023,132,32,Motorboat,949,1081,256,288
201806281559_035,180,209,Militaryship,1100,1280,262,471
201806281559_049,47,23,Motorboat,397,444,244,267
201806281559_049,20,9,Motorboat,842,862,262,271
201806281559_014,61,87,Miscboat,969,1030,195,282
201806281559_016,49,53,Miscboat,97,146,253,306
201806281559_016,48,44,Miscboat,163,211,243,287
201806281559_016,39,28,Miscboat,213,252,247,275
201806281559_019,128,99,Miscboat,904,1032,220,319
201806281629_000,144,65,Militaryship,549,693,193,258
201806281629_001,118,95,Militaryship,288,406,173,268
201806281629_002,187,114,Militaryship,15,202,165,279
201806281629_002,9,20,Seamark,458,467,249,269
201806281629_003,15,16,Seamark,268,283,252,268
201806281629_004,5,21,Seamark,240,245,250,271
201806281629_005,12,31,Seamark,106,118,249,280
201806281629_006,10,30,Seamark,88,98,248,278
201806281629_005,23,16,Passengership,393,416,244,260
201806281629_006,24,17,Passengership,434,458,241,258
201806281629_007,22,21,Passengership,516,538,246,267
201806281629_008,64,50,Passengership,302,366,230,280
201806281629_008,6,13,Seamark,387,393,251,264
201806281629_009,7,14,Seamark,330,337,254,268
201806281629_010,8,15,Seamark,349,357,251,266
201806281629_011,11,22,Seamark,240,251,248,270
201806281629_013,71,108,Militaryship,1018,1089,188,296
201806281629_014,150,222,Militaryship,1130,1280,126,348
201806281629_013,16,14,Motorboat,849,865,253,267
201806281629_014,22,28,Motorboat,738,760,240,268
201806281629_015,23,24,Motorboat,649,672,249,273
201806281629_016,51,38,Motorboat,215,266,252,290
201806281629_015,62,122,Sailboat,780,842,158,280
201806281629_016,109,206,Sailboat,430,539,92,298
201806281629_017,151,27,Motorboat,68,219,276,303
201806281629_018,113,27,Miscboat,1077,1190,258,285
201806281629_019,134,32,Miscboat,951,1085,255,287
201806281629_020,216,45,Motorboat,1053,1269,274,319
201806281629_021,43,18,Motorboat,240,283,252,270
201806281629_018,90,33,Motorboat,1186,1276,268,301
201806281629_019,172,58,Motorboat,1085,1257,256,314
201806281629_019,28,48,Sailboat,877,905,217,265
201806281629_020,49,72,Sailboat,476,525,194,266
201806281629_020,9,20,Seamark,711,720,245,265
201806281629_023,13,28,Seamark,161,174,250,278
201806281629_022,8,25,Seamark,930,938,252,277
201806281629_023,22,51,Seamark,961,983,245,296
201806281629_024,27,86,Seamark,1019,1046,252,338
201806281629_023,8,15,Sailboat,938,946,243,258
201806281629_026,13,17,Sailboat,350,363,237,254
201806281629_029,13,26,Sailboat,480,493,232,258
201806281629_031,6,26,Sailboat,407,413,231,257
201806281629_032,14,38,Sailboat,504,518,222,260
201806281629_033,15,35,Sailboat,417,432,229,264
201806281629_034,16,54,Sailboat,354,370,217,271
201806281629_024,61,23,Motorboat,130,191,270,293
201806281629_025,20,12,Motorboat,370,390,267,279
201806281629_026,22,18,Motorboat,274,296,255,273
201806281629_027,24,20,Motorboat,403,427,254,274
201806281629_028,13,10,Motorboat,375,388,258,268
201806281629_029,15,12,Motorboat,489,504,250,262
201806281629_030,16,13,Motorboat,501,517,250,263
201806281629_031,18,14,Motorboat,534,552,245,259
201806281629_032,7,7,Motorboat,726,733,249,256
201806281629_026,8,19,Seamark,176,184,249,268
201806281629_029,11,28,Seamark,143,154,248,276
201806281629_026,7,20,Seamark,546,553,240,260
201806281629_027,8,22,Seamark,662,670,247,269
201806281629_028,5,17,Seamark,646,651,253,270
201806281629_029,12,30,Seamark,745,757,245,275
201806281629_030,15,29,Seamark,769,784,254,283
201806281629_031,11,44,Seamark,801,812,246,290
201806281629_032,31,84,Seamark,1026,1057,243,327
201806281629_026,6,13,Seamark,227,233,247,260
201806281629_029,6,16,Seamark,331,337,246,262
201806281629_032,8,22,Seamark,344,352,241,263
201806281629_032,17,15,Motorboat,449,466,253,268
201806281629_033,28,16,Motorboat,248,276,271,287
201806281629_026,6,13,Seamark,450,456,242,255
201806281629_027,7,14,Seamark,561,568,246,260
201806281629_028,8,15,Seamark,531,539,248,263
201806281629_029,8,20,Seamark,620,628,243,263
201806281629_030,9,22,Seamark,610,619,245,267
201806281629_031,5,14,Seamark,603,608,248,262
201806281629_032,10,25,Seamark,747,757,242,267
201806281629_033,11,28,Seamark,731,742,249,277
201806281629_034,5,21,Seamark,771,776,256,277
201806281629_035,17,41,Seamark,701,718,245,286
201806281629_036,17,57,Seamark,794,811,251,308
201806281629_037,30,98,Seamark,867,897,253,351
201806281629_026,7,13,Seamark,469,476,241,254
201806281629_027,8,14,Seamark,584,592,246,260
201806281629_028,8,14,Seamark,559,567,247,261
201806281629_029,7,17,Seamark,656,663,241,258
201806281629_030,8,19,Seamark,651,659,242,261
201806281629_031,8,20,Seamark,648,656,236,256
201806281629_032,6,16,Seamark,801,807,245,261
201806281629_033,6,17,Seamark,788,794,252,269
201806281629_034,5,11,Seamark,826,831,257,268
201806281629_035,8,24,Seamark,752,760,246,270
201806281629_036,9,26,Seamark,844,853,245,271
201806281629_037,6,21,Seamark,851,857,256,277
201806281629_038,15,32,Seamark,848,863,247,279
201806281629_039,11,35,Seamark,798,809,250,285
201806281629_040,18,71,Seamark,785,803,243,314
201806281629_041,51,159,Seamark,907,958,233,392
201806281629_041,8,24,Seamark,762,770,257,281
201806281629_042,9,26,Seamark,739,748,267,293
201806281629_043,14,59,Seamark,891,905,281,340
201806281629_041,12,30,Sailboat,560,572,228,258
201806281629_042,10,27,Sailboat,444,454,230,257
201806281629_043,15,60,Sailboat,434,449,199,259
201806281629_044,32,130,Sailboat,1,33,164,294
201806281629_034,195,150,Militaryship,141,336,166,316
201806281629_035,89,108,Militaryship,404,493,187,295
201806281629_036,55,52,Militaryship,588,643,226,278
201806281629_037,41,39,Militaryship,631,672,238,277
201806281629_038,40,50,Militaryship,656,696,222,272
201806281629_039,29,27,Militaryship,572,601,237,264
201806281629_040,26,22,Militaryship,528,554,238,260
201806281629_041,37,34,Militaryship,594,631,232,266
201806281629_042,22,24,Militaryship,599,621,238,262
201806281629_043,18,14,Militaryship,717,735,244,258
201806281629_044,20,26,Militaryship,554,574,232,258
201806281629_045,12,17,Militaryship,327,339,246,263
201806281629_046,12,9,Militaryship,346,358,241,250
201806281629_047,17,21,Militaryship,367,384,233,254
201806281629_048,18,22,Militaryship,333,351,233,255
201806281629_049,19,23,Militaryship,342,361,231,254
201806281629_050,11,17,Militaryship,625,636,232,249
201806281629_002,9,11,Miscboat,247,256,253,264
201806281629_013,30,18,Miscboat,152,182,252,270
201806281629_013,19,19,Miscboat,226,245,251,270
201806281629_013,41,18,Motorboat,255,296,251,269
201806281629_013,42,19,Motorboat,183,225,251,270
201806281629_013,40,17,Motorboat,296,336,250,267
201806281629_013,70,29,Miscboat,337,407,234,263
201806281629_040,15,14,Miscboat,526,541,257,271
201806281629_041,92,95,Motorboat,1,93,305,400
201806281629_017,209,320,Sailboat,76,285,17,337
201806281629_001,26,14,Motorboat,517,543,261,275
201806281629_004,11,9,Boat,309,320,272,281
201806281629_016,40,18,Boat,1043,1083,292,310
201806281629_001,53,83,Militaryship,233,286,185,268
201806281629_002,7,18,Seamark,360,367,257,275
201806281629_002,10,15,Seamark,304,314,254,269
201806281629_002,9,11,Seamark,271,280,252,263
201806281629_005,7,21,Seamark,82,89,253,274
201806281629_005,5,8,Seamark,289,294,252,260
201806281629_016,24,86,Seamark,1148,1172,300,386
201806281629_019,7,28,Seamark,21,28,248,276
201806281629_023,8,16,Seamark,1000,1008,248,264
201806281629_023,8,13,Seamark,827,835,246,259
201806281629_023,8,17,Seamark,1056,1064,250,267
201806281629_023,8,17,Seamark,803,811,243,260
201806281629_023,7,13,Seamark,1028,1035,249,262
201806281629_026,6,13,Seamark,405,411,242,255
201806281629_026,7,12,Seamark,500,507,239,251
201806281629_035,24,49,Seamark,8,32,246,295
201806281629_038,4,12,Seamark,860,864,254,266
201806281659_010,6,13,Seamark,1015,1021,267,280
201806281659_011,11,19,Seamark,947,958,260,279
201806281659_013,5,15,Seamark,1140,1145,266,281
201806281659_014,14,20,Seamark,1119,1133,262,282
201806281659_015,13,18,Seamark,377,390,256,274
201806281659_016,7,20,Seamark,720,727,254,274
201806281659_017,18,34,Seamark,396,414,248,282
201806281659_017,9,19,Seamark,1162,1171,263,282
201806281659_018,9,21,Seamark,952,961,257,278
201806281659_019,8,19,Seamark,813,821,259,278
201806281659_020,16,34,Seamark,733,749,248,282
201806281659_021,18,43,Seamark,779,797,256,299
201806281659_022,41,130,Seamark,1013,1054,255,385
201806281659_016,10,29,Seamark,1159,1169,263,292
201806281659_017,22,47,Seamark,1096,1118,259,306
201806281659_018,26,95,Seamark,1212,1238,262,357
201806281659_016,6,12,Seamark,1063,1069,261,273
201806281659_017,12,17,Seamark,822,834,254,271
201806281659_019,8,21,Seamark,305,313,255,276
201806281659_020,13,28,Seamark,55,68,256,284
201806281659_019,3,8,Seamark,922,925,261,269
201806281659_020,8,12,Seamark,827,835,254,266
201806281659_022,6,14,Seamark,819,825,256,270
201806281659_023,11,20,Seamark,792,803,255,275
201806281659_024,7,21,Seamark,784,791,254,275
201806281659_025,9,27,Seamark,790,799,256,283
201806281659_026,25,49,Seamark,777,802,253,302
201806281659_027,31,99,Seamark,935,966,259,358
201806281659_022,7,15,Seamark,433,440,250,265
201806281659_023,10,17,Seamark,330,340,253,270
201806281659_025,9,24,Seamark,26,35,258,282
201806281659_025,5,11,Seamark,873,878,257,268
201806281659_026,8,17,Seamark,813,821,250,267
201806281659_027,8,22,Seamark,786,794,251,273
201806281659_028,7,20,Seamark,760,767,253,273
201806281659_029,14,27,Seamark,680,694,250,277
201806281659_030,11,30,Seamark,805,816,255,285
201806281659_031,23,69,Seamark,842,865,252,321
201806281659_032,12,62,Seamark,893,905,245,307
201806281659_033,11,56,Seamark,803,814,250,306
201806281659_034,9,43,Seamark,892,901,271,314
201806281659_035,41,120,Seamark,1105,1146,291,411
201806281659_029,39,15,Passengership,780,819,251,266
201806281659_030,44,23,Passengership,716,760,245,268
201806281659_031,87,38,Passengership,383,470,239,277
201806281659_032,86,47,Passengership,2,88,249,296
201806281659_013,21,8,Boat,390,411,269,277
201806281659_014,30,13,Boat,605,635,263,276
201806281659_015,34,12,Boat,288,322,271,283
201806281659_016,38,13,Boat,322,360,271,284
201806281659_017,35,23,Boat,523,558,267,290
201806281659_018,27,14,Boat,554,581,271,285
201806281659_019,21,13,Boat,511,532,271,284
201806281659_020,21,16,Boat,516,537,264,280
201806281659_021,17,10,Boat,567,584,267,277
201806281659_022,17,11,Boat,723,740,265,276
201806281659_023,15,13,Boat,830,845,265,278
201806281659_024,16,14,Boat,889,905,265,279
201806281659_025,10,8,Boat,929,939,269,277
201806281659_026,11,12,Boat,894,905,263,275
201806281659_027,12,13,Boat,862,874,262,275
201806281659_028,8,5,Boat,840,848,266,271
201806281659_029,11,9,Boat,807,818,263,272
201806281659_029,6,10,Seamark,819,825,257,267
201806281659_031,6,15,Seamark,905,911,257,272
201806281659_032,9,26,Seamark,897,906,249,275
201806281659_033,9,23,Seamark,805,814,254,277
201806281659_034,11,29,Seamark,844,855,257,286
201806281659_035,25,50,Seamark,825,850,252,302
201806281659_036,30,79,Seamark,895,925,253,332
201806281659_037,56,209,Seamark,1214,1270,256,465
201806281659_031,4,10,Seamark,872,876,263,273
201806281659_032,13,17,Seamark,872,885,263,280
201806281659_023,32,25,Cruiseship,721,753,235,260
201806281659_024,26,30,Cruiseship,678,704,229,259
201806281659_025,58,25,Cruiseship,618,676,229,254
201806281659_026,93,24,Cruiseship,504,597,230,254
201806281659_027,106,27,Cruiseship,431,537,229,256
201806281659_028,137,35,Cruiseship,346,483,226,261
201806281659_029,122,27,Cruiseship,237,359,227,254
201806281659_030,102,31,Cruiseship,305,407,223,254
201806281659_031,104,35,Cruiseship,211,315,223,258
201806281659_032,133,34,Cruiseship,113,246,225,259
201806281659_025,18,34,Cruiseship,639,657,225,259
201806281659_026,26,35,Cruiseship,535,561,226,261
201806281659_027,24,34,Cruiseship,471,495,225,259
201806281659_028,24,34,Cruiseship,397,421,222,256
201806281659_029,30,50,Cruiseship,267,297,216,266
201806281659_030,32,52,Cruiseship,306,338,211,263
201806281659_031,34,60,Cruiseship,186,220,206,266
201806281659_032,43,69,Cruiseship,61,104,201,270
201806281659_034,3,14,Seamark,1020,1023,268,282
201806281659_035,9,20,Seamark,1016,1025,270,290
201806281659_029,83,43,Militaryship,1000,1083,228,271
201806281659_030,83,48,Militaryship,1129,1212,227,275
201806281659_031,99,63,Militaryship,1123,1222,218,281
201806281659_032,104,66,Militaryship,1143,1247,216,282
201806281659_033,118,83,Militaryship,1095,1213,205,288
201806281659_034,90,75,Militaryship,1171,1261,209,284
201806281659_035,102,85,Militaryship,1179,1281,206,291
201806281659_034,11,23,Seamark,1165,1176,277,300
201806281659_037,6,27,Seamark,1097,1103,279,306
201806281659_038,205,90,Militaryship,1076,1281,223,313
201806281659_039,129,69,Militaryship,1083,1212,226,295
201806281659_038,13,14,Motorboat,474,487,258,272
201806281659_039,14,15,Motorboat,441,455,260,275
201806281659_040,16,11,Motorboat,391,407,266,277
201806281659_041,37,18,Motorboat,171,208,283,301
201806281659_038,55,19,Miscboat,936,991,259,278
201806281659_039,55,18,Miscboat,969,1024,260,278
201806281659_040,60,20,Miscboat,1013,1073,264,284
201806281659_041,74,24,Miscboat,1006,1080,263,287
201806281659_042,70,32,Motorboat,1128,1198,261,293
201806281659_043,97,35,Motorboat,1152,1249,265,300
201806281659_046,24,13,Motorboat,1031,1055,264,277
201806281659_047,32,17,Motorboat,1193,1225,264,281
201806281659_046,25,13,Motorboat,1061,1086,264,277
201806281659_047,30,17,Motorboat,1229,1259,265,282
201806281659_046,34,62,Sailboat,904,938,214,276
201806281659_047,34,78,Sailboat,1068,1102,202,280
201806281659_043,15,15,Motorboat,544,559,252,267
201806281659_044,16,16,Motorboat,673,689,251,267
201806281659_045,18,18,Motorboat,741,759,251,269
201806281659_046,22,22,Motorboat,815,837,253,275
201806281659_047,36,35,Motorboat,951,987,244,279
201806281659_048,50,34,Motorboat,1198,1248,255,289
201806281659_043,8,13,Seamark,507,515,257,270
201806281659_046,11,19,Seamark,762,773,260,279
201806281659_047,21,34,Seamark,917,938,254,288
201806281659_048,57,85,Militaryship,0,57,200,285
201806281659_049,70,101,Militaryship,78,148,185,286
201806281659_050,97,106,Militaryship,99,196,193,299
201806281659_051,159,180,Militaryship,151,310,117,297
201806281659_052,124,203,Militaryship,1,125,149,352
201806281659_051,45,63,Cruiseship,350,395,207,270
201806281659_052,68,114,Cruiseship,374,442,160,274
201806281659_053,82,106,Cruiseship,335,417,178,284
201806281659_054,122,168,Cruiseship,253,375,117,285
201806281659_051,48,91,Militaryship,306,354,192,283
201806281659_052,111,149,Militaryship,226,337,150,299
201806281659_052,30,111,Ferry,452,482,153,264
201806281659_053,58,115,Ferry,427,485,147,262
201806281659_054,73,128,Ferry,400,473,136,264
201806281659_027,20,16,Motorboat,209,229,249,265
201806281659_032,10,8,Boat,1017,1027,267,275
201806281659_035,11,5,Boat,1088,1099,271,276
201806281659_042,76,27,Miscboat,1155,1231,271,298
201806281659_019,32,78,Sailboat,1178,1210,216,294
201806281659_025,27,16,Motorboat,315,342,267,283
201806281659_046,25,11,Motorboat,1006,1031,266,277
201806281659_047,20,11,Motorboat,1126,1146,269,280
201806281659_047,26,18,Motorboat,1007,1033,262,280
201806281659_042,29,42,Militaryship,997,1026,242,284
201806281659_054,39,50,Militaryship,378,417,220,270
201806281659_032,10,8,Boat,735,745,263,271
201806281659_045,31,33,Miscboat,111,142,245,278
201806281659_053,200,227,Militaryship,13,213,109,336
201806281659_049,49,101,Militaryship,1,50,207,308
201806281659_032,6,11,Seamark,1032,1038,264,275
201806281659_032,9,14,Seamark,1057,1066,262,276
201806281659_038,28,75,Seamark,1165,1193,294,369
201806281659_043,5,19,Seamark,959,964,270,289
201806281659_047,68,18,Miscellaneous,1179,1247,330,348
201806291006_000,399,103,Miscboat,389,788,230,333
201806291006_001,46,37,Passengership,143,189,257,294
201806291006_001,42,35,Miscboat,200,242,255,290
201806291006_001,61,46,Passengership,31,92,264,310
201806291006_000,146,59,Motorboat,1135,1281,275,334
201806291006_001,45,35,Motorboat,538,583,250,285
201806291006_001,242,264,Passengership,869,1111,108,372
201806291006_001,86,64,Motorboat,733,819,254,318
201806291022_000,61,134,Sailboat,338,399,167,301
201806291022_001,80,179,Sailboat,270,350,114,293
201806291022_002,139,278,Sailboat,61,200,45,323
201806291022_000,70,125,Sailboat,651,721,143,268
201806291022_001,83,149,Sailboat,705,788,125,274
201806291022_002,96,174,Sailboat,717,813,110,284
201806291022_003,92,215,Sailboat,785,877,64,279
201806291022_004,127,249,Sailboat,823,950,13,262
201806291022_005,104,261,Sailboat,906,1010,1,262
201806291022_006,259,249,Sailboat,811,1070,5,254
201806291022_007,346,402,Sailboat,932,1278,1,403
201806291022_008,93,70,Militaryship,858,951,242,312
201806291022_009,127,157,Militaryship,1154,1281,240,397
201806291022_005,35,44,Militaryship,871,906,230,274
201806291022_006,65,56,Militaryship,758,823,220,276
201806291022_007,71,62,Militaryship,765,836,216,278
201806291022_008,174,159,Militaryship,678,852,144,303
201806291022_009,336,264,Militaryship,808,1144,80,344
201806291022_010,350,471,Militaryship,925,1275,1,472
201806291022_005,27,76,Cruiseship,845,872,193,269
201806291022_006,75,113,Cruiseship,728,803,154,267
201806291022_007,56,122,Cruiseship,709,765,145,267
201806291022_008,98,188,Cruiseship,581,679,86,274
201806291022_009,164,247,Cruiseship,633,797,42,289
201806291022_010,227,303,Cruiseship,691,918,1,304
201806291022_011,504,352,Cruiseship,763,1267,1,353
201806291022_012,371,460,Cruiseship,910,1281,5,465
201806291022_012,84,63,Militaryship,758,842,224,287
201806291022_013,173,229,Militaryship,842,1015,87,316
201806291022_014,287,423,Militaryship,997,1284,1,424
201806291022_012,61,103,Militaryship,720,781,179,282
201806291022_013,71,174,Militaryship,768,839,114,288
201806291022_014,193,300,Militaryship,800,993,31,331
201806291022_014,37,52,Sailboat,472,509,201,253
201806291022_015,40,55,Sailboat,491,531,197,252
201806291022_016,52,70,Sailboat,379,431,187,257
201806291022_006,110,103,Miscboat,1154,1264,268,371
201806291022_015,73,18,Passengership,606,679,247,265
201806291022_016,34,14,Motorboat,783,817,245,259
201806291022_006,140,96,Militaryship,1026,1166,282,378
201806291022_015,165,231,Militaryship,798,963,91,322
201806291022_015,275,379,Militaryship,1003,1278,41,420
201806291022_014,84,157,Militaryship,721,805,135,292
201806291022_016,361,444,Militaryship,918,1279,1,445
201806291022_001,60,43,Miscboat,210,270,260,303
201806291022_004,117,82,Miscboat,1064,1181,226,308
201806291022_008,162,85,Miscboat,1098,1260,260,345
201806291022_008,182,187,Militaryship,956,1138,170,357
201806291036_000,61,58,Militaryship,996,1057,239,297
201806291036_001,102,144,Militaryship,968,1070,170,314
201806291036_001,19,18,Motorboat,673,692,256,274
201806291036_002,23,20,Motorboat,626,649,259,279
201806291036_003,25,29,Motorboat,578,603,257,286
201806291036_004,56,51,Motorboat,274,330,252,303
201806291036_004,7,42,Seamark,673,680,277,319
201806291036_005,17,77,Seamark,127,144,307,384
201806291036_001,54,46,Sailboat,750,804,230,276
201806291036_002,64,59,Sailboat,729,793,230,289
201806291036_003,69,69,Sailboat,716,785,219,288
201806291036_000,74,25,Boat,309,383,251,276
201806291036_001,38,75,Sailboat,370,408,208,283
201806291036_004,132,211,Sailboat,495,627,103,314
201806291036_008,141,68,Miscboat,1133,1274,253,321
201806291036_008,147,138,Miscboat,987,1134,164,302
201806291036_007,7,19,Seamark,228,235,270,289
201806291059_013,8,24,Seamark,326,334,266,290
201806291059_014,8,27,Seamark,201,209,271,298
201806291059_013,13,28,Seamark,861,874,255,283
201806291059_014,14,49,Seamark,961,975,249,298
201806291059_015,35,130,Seamark,1138,1173,243,373
201806291059_013,5,13,Sailboat,688,693,256,269
201806291059_014,5,13,Sailboat,682,687,256,269
201806291059_010,9,19,Seamark,597,606,256,275
201806291117_003,460,88,Militaryship,644,1104,196,284
201806291117_004,410,197,Militaryship,871,1281,97,294
201806291117_003,57,127,Passengership,1224,1281,166,293
201806291117_003,111,47,Miscboat,459,570,234,281
201806291117_001,111,84,Miscboat,1169,1280,260,344
201806291127_000,213,329,Sailboat,1,214,1,330
201806291127_001,151,351,Sailboat,0,151,1,352
201806291127_000,30,70,Sailboat,533,563,199,269
201806291127_001,40,89,Sailboat,665,705,183,272
201806291127_002,42,103,Sailboat,676,718,168,271
201806291127_003,53,122,Sailboat,661,714,153,275
201806291127_004,67,154,Sailboat,737,804,127,281
201806291127_005,109,229,Sailboat,853,962,65,294
201806291127_008,56,27,Motorboat,324,380,268,295
201806291127_009,85,37,Motorboat,177,262,274,311
201806291127_005,22,54,Sailboat,499,521,217,271
201806291127_006,48,67,Sailboat,429,477,209,276
201806291127_007,41,85,Sailboat,395,436,197,282
201806291127_008,49,100,Sailboat,403,452,183,283
201806291127_009,65,140,Sailboat,308,373,156,296
201806291127_010,87,207,Sailboat,107,194,121,328
201806291127_005,19,21,Passengership,728,747,245,266
201806291127_006,21,23,Passengership,708,729,244,267
201806291127_007,31,34,Passengership,710,741,240,274
201806291127_008,49,48,Passengership,791,840,234,282
201806291127_009,104,90,Passengership,860,964,208,298
201806291127_010,220,348,Passengership,1060,1280,34,382
201806291127_009,57,124,Sailboat,375,432,166,290
201806291127_010,76,183,Sailboat,229,305,136,319
201806291127_011,104,248,Sailboat,4,108,97,345
201806291127_010,27,35,Motorboat,826,853,257,292
201806291127_011,51,49,Motorboat,883,934,262,311
201806291127_012,93,81,Motorboat,1010,1103,272,353
201806291127_006,20,74,Sailboat,479,499,198,272
201806291127_007,24,89,Sailboat,440,464,189,278
201806291127_008,60,94,Sailboat,459,519,184,278
201806291127_009,58,110,Sailboat,433,491,177,287
201806291127_010,89,150,Sailboat,327,416,149,299
201806291127_011,152,232,Sailboat,127,279,80,312
201806291127_012,130,307,Sailboat,1,131,29,336
201806291127_009,27,91,Sailboat,725,752,182,273
201806291127_010,56,113,Sailboat,734,790,166,279
201806291127_011,75,154,Sailboat,723,798,132,286
201806291127_012,86,189,Sailboat,740,826,107,296
201806291127_013,186,332,Sailboat,830,1016,4,336
201806291127_014,143,355,Sailboat,1121,1264,19,374
201806291127_009,20,106,Sailboat,755,775,169,275
201806291127_010,31,146,Sailboat,793,824,137,283
201806291127_011,50,210,Sailboat,819,869,85,295
201806291127_012,94,255,Sailboat,853,947,69,324
201806291127_013,37,36,Passengership,718,755,240,276
201806291127_014,48,40,Passengership,792,840,235,275
201806291127_009,48,21,Ferry,624,672,247,268
201806291127_010,64,23,Ferry,669,733,246,269
201806291127_011,33,20,Passengership,709,742,251,271
201806291127_012,55,34,Ferry,647,702,241,275
201806291127_013,71,100,Passengership,756,827,186,286
201806291127_014,115,68,Passengership,849,964,221,289
201806291127_011,24,33,Militaryship,473,497,235,268
201806291127_012,25,35,Militaryship,449,474,234,269
201806291127_013,29,40,Militaryship,447,476,231,271
201806291127_014,58,43,Militaryship,467,525,230,273
201806291127_008,43,10,Ferry,568,611,255,265
201806291127_009,47,11,Ferry,622,669,255,266
201806291127_010,52,12,Ferry,677,729,255,267
201806291127_011,49,19,Ferry,657,706,250,269
201806291127_013,77,30,Ferry,568,645,250,280
201806291127_014,133,35,Ferry,494,627,252,287
201806291127_011,53,31,Boat,970,1023,295,326
201806291127_011,36,34,Boat,930,966,287,321
201806291127_006,211,329,Sailboat,1026,1237,13,342
201806291127_008,18,78,Sailboat,727,745,194,272
201806291127_014,98,195,Sailboat,141,239,124,319
201806291127_014,58,343,Sailboat,8,66,6,349
201806291127_003,28,11,Ferry,502,530,253,264
201806291127_002,24,7,Ferry,537,561,255,262
201806291127_011,15,15,Passengership,514,529,251,266
201806291127_014,48,25,Passengership,408,456,255,280
201806291127_002,110,54,Miscboat,56,166,278,332
201806291127_006,73,59,Miscboat,953,1026,249,308
201806291143_000,86,63,Motorboat,689,775,266,329
201806291143_001,83,91,Motorboat,387,470,248,339
201806291143_000,92,45,Passengership,1135,1227,234,279
201806291143_001,90,40,Passengership,842,932,237,277
201806291143_002,96,37,Passengership,313,409,250,287
201806291143_003,116,55,Passengership,250,366,245,300
201806291143_004,177,99,Passengership,837,1014,218,317
201806291143_005,96,121,Passengership,1176,1272,227,348
201806291143_004,65,44,Motorboat,130,195,267,311
201806291143_005,108,64,Motorboat,74,182,261,325
201806291143_005,66,34,Miscboat,200,266,275,309
201806291143_006,88,61,Miscboat,31,119,277,338
201806291143_005,44,28,Miscboat,286,330,268,296
201806291143_006,59,49,Miscboat,187,246,267,316
201806291143_005,51,36,Miscboat,340,391,257,293
201806291143_006,94,44,Miscboat,257,351,255,299
201806291143_000,35,31,Passengership,1003,1038,235,266
201806291143_001,36,29,Passengership,699,735,239,268
201806291143_002,33,27,Passengership,170,203,258,285
201806291143_003,37,48,Passengership,113,150,245,293
201806291143_004,41,44,Passengership,693,734,239,283
201806291143_005,57,42,Passengership,874,931,241,283
201806291143_006,98,75,Passengership,1010,1108,230,305
201806291143_007,119,207,Passengership,1165,1284,132,339
201806291143_005,24,23,Miscboat,389,413,263,286
201806291143_006,38,28,Miscboat,353,391,264,292
201806291143_000,49,45,Passengership,951,1000,220,265
201806291143_001,50,42,Passengership,646,696,227,269
201806291143_002,55,45,Passengership,113,168,242,287
201806291143_003,43,51,Passengership,67,110,242,293
201806291143_004,50,57,Passengership,643,693,221,278
201806291143_005,63,45,Passengership,806,869,231,276
201806291143_006,89,97,Passengership,909,998,185,282
201806291143_007,185,177,Passengership,925,1110,146,323
201806291143_008,192,177,Passengership,1074,1266,156,333
201806291143_005,33,21,Passengership,506,539,251,272
201806291143_006,39,32,Passengership,528,567,238,270
201806291143_005,42,21,Miscboat,416,458,262,283
201806291143_006,52,35,Miscboat,403,455,250,285
201806291143_007,60,40,Miscboat,269,329,257,297
201806291143_008,117,55,Miscboat,135,252,269,324
201806291143_009,76,60,Miscboat,1,77,278,338
201806291143_008,86,55,Miscboat,938,1024,238,293
201806291143_009,140,73,Miscboat,1042,1182,238,311
201806291143_005,31,19,Passengership,450,481,261,280
201806291143_006,35,30,Passengership,455,490,249,279
201806291143_007,57,44,Passengership,326,383,245,289
201806291143_008,76,55,Passengership,259,335,251,306
201806291143_009,125,63,Passengership,109,234,246,309
201806291143_005,34,27,Passengership,476,510,248,275
201806291143_006,37,31,Passengership,490,527,245,276
201806291143_007,49,45,Passengership,384,433,242,287
201806291143_008,69,55,Passengership,340,409,235,290
201806291143_009,107,56,Passengership,240,347,240,296
201806291143_008,49,80,Sailboat,861,910,199,279
201806291143_009,79,109,Sailboat,900,979,182,291
201806291143_010,182,213,Sailboat,1062,1244,118,331
201806291143_005,57,17,Ferry,611,668,252,269
201806291143_006,63,19,Ferry,593,656,250,269
201806291143_007,76,23,Ferry,458,534,253,276
201806291143_008,100,26,Ferry,409,509,256,282
201806291143_004,55,20,Ferry,511,566,253,273
201806291143_005,80,29,Ferry,596,676,248,277
201806291143_009,124,44,Ferry,353,477,247,291
201806291143_010,230,73,Ferry,70,300,258,331
201806291143_005,20,55,Sailboat,559,579,213,268
201806291143_006,26,79,Sailboat,584,610,192,271
201806291143_007,27,81,Sailboat,518,545,191,272
201806291143_008,27,80,Sailboat,526,553,190,270
201806291143_009,41,70,Sailboat,503,544,204,274
201806291143_010,40,80,Sailboat,403,443,200,280
201806291143_011,34,113,Sailboat,375,409,175,288
201806291143_012,38,156,Sailboat,456,494,141,297
201806291143_011,67,146,Sailboat,308,375,147,293
201806291143_012,120,239,Sailboat,314,434,72,311
201806291143_013,50,239,Sailboat,279,329,84,323
201806291143_008,47,97,Sailboat,737,784,173,270
201806291143_009,57,102,Sailboat,749,806,171,273
201806291143_010,76,136,Sailboat,725,801,145,281
201806291143_011,160,257,Sailboat,824,984,55,312
201806291143_012,65,331,Sailboat,1138,1203,4,335
201806291143_012,48,60,Motorboat,930,978,236,296
201806291143_013,145,70,Motorboat,1060,1205,262,332
201806291143_011,14,13,Boat,360,374,270,283
201806291143_012,52,36,Boat,417,469,269,305
201806291143_013,73,51,Boat,204,277,289,340
201806291143_011,17,16,Motorboat,404,421,264,280
201806291143_012,29,29,Motorboat,504,533,256,285
201806291143_013,37,37,Motorboat,382,419,270,307
201806291143_014,58,79,Motorboat,5,63,296,375
201806291143_011,20,13,Passengership,435,455,262,275
201806291143_012,34,44,Passengership,556,590,232,276
201806291143_013,46,60,Passengership,468,514,224,284
201806291143_014,70,65,Passengership,322,392,241,306
201806291143_015,128,117,Passengership,147,275,225,342
201806291143_016,29,24,Miscboat,487,516,260,284
201806291143_017,33,18,Miscboat,439,472,266,284
201806291143_018,39,43,Miscboat,350,389,259,302
201806291143_019,71,59,Miscboat,139,210,266,325
201806291143_020,113,74,Miscboat,40,153,269,343
201806291143_011,19,47,Sailboat,502,521,219,266
201806291143_012,21,53,Sailboat,650,671,210,263
201806291143_013,24,62,Sailboat,591,615,205,267
201806291143_014,23,81,Sailboat,547,570,189,270
201806291143_015,27,98,Sailboat,545,572,178,276
201806291143_016,33,113,Sailboat,514,547,163,276
201806291143_017,46,126,Sailboat,464,510,153,279
201806291143_018,69,150,Sailboat,385,454,139,289
201806291143_019,77,208,Sailboat,210,287,103,311
201806291143_020,129,280,Sailboat,166,295,42,322
201806291143_023,32,33,Miscboat,861,893,255,288
201806291143_012,34,73,Sailboat,813,847,181,254
201806291143_013,60,105,Sailboat,764,824,159,264
201806291143_014,58,102,Sailboat,742,800,160,262
201806291143_015,56,99,Sailboat,764,820,158,257
201806291143_016,86,129,Sailboat,741,827,133,262
201806291143_017,86,130,Sailboat,733,819,130,260
201806291143_018,85,128,Sailboat,721,806,129,257
201806291143_019,92,165,Sailboat,629,721,99,264
201806291143_020,89,160,Sailboat,755,844,94,254
201806291143_021,114,197,Sailboat,802,916,60,257
201806291143_022,64,233,Sailboat,839,903,25,258
201806291143_023,112,246,Sailboat,838,950,4,250
201806291143_024,214,272,Sailboat,855,1069,3,275
201806291143_025,246,305,Sailboat,883,1129,1,306
201806291143_026,372,366,Sailboat,884,1256,11,377
201806291143_027,311,354,Sailboat,970,1281,10,364
201806291143_028,149,103,Militaryship,1028,1177,234,337
201806291143_026,51,69,Militaryship,872,923,209,278
201806291143_027,52,88,Militaryship,904,956,213,301
201806291143_028,46,79,Militaryship,932,978,227,306
201806291143_029,70,119,Militaryship,1206,1276,222,341
201806291143_023,51,55,Cruiseship,819,870,207,262
201806291143_024,32,74,Cruiseship,819,851,187,261
201806291143_025,48,117,Cruiseship,745,793,152,269
201806291143_026,88,80,Cruiseship,750,838,187,267
201806291143_027,124,106,Cruiseship,715,839,160,266
201806291143_028,113,183,Cruiseship,657,770,97,280
201806291143_029,147,132,Cruiseship,750,897,148,280
201806291143_030,286,288,Cruiseship,846,1132,21,309
201806291143_031,226,335,Cruiseship,1055,1281,1,336
201806291143_025,55,72,Militaryship,791,846,202,274
201806291143_026,54,55,Militaryship,816,870,223,278
201806291143_027,161,137,Militaryship,791,952,164,301
201806291143_028,172,146,Militaryship,769,941,153,299
201806291143_029,291,190,Militaryship,903,1194,125,315
201806291143_030,134,177,Militaryship,1147,1281,154,331
201806291143_031,58,85,Miscboat,934,992,192,277
201806291143_032,121,88,Miscboat,819,940,208,296
201806291143_026,29,36,Militaryship,725,754,225,261
201806291143_027,35,44,Militaryship,684,719,222,266
201806291143_028,41,52,Militaryship,611,652,218,270
201806291143_029,49,36,Militaryship,697,746,230,266
201806291143_030,76,58,Militaryship,766,842,213,271
201806291143_031,39,65,Militaryship,873,912,203,268
201806291143_032,50,50,Militaryship,710,760,222,272
201806291143_033,82,124,Militaryship,735,817,161,285
201806291143_034,146,194,Militaryship,768,914,111,305
201806291143_035,376,371,Militaryship,894,1270,15,386
201806291143_032,58,104,Militaryship,768,826,177,281
201806291143_033,168,168,Militaryship,833,1001,138,306
201806291143_035,45,28,Miscboat,854,899,261,289
201806291143_036,137,184,Militaryship,874,1011,138,322
201806291143_037,431,255,Cargoship,744,1175,157,412
201806291143_038,62,26,Motorboat,454,516,255,281
201806291143_039,94,39,Motorboat,410,504,251,290
201806291143_040,91,32,Motorboat,517,608,258,290
201806291143_041,60,36,Motorboat,516,576,250,286
201806291143_042,53,33,Motorboat,257,310,259,292
201806291143_043,42,34,Motorboat,344,386,255,289
201806291143_044,20,26,Motorboat,424,444,254,280
201806291143_045,27,20,Motorboat,359,386,257,277
201806291143_046,22,19,Motorboat,212,234,264,283
201806291143_047,12,14,Motorboat,55,67,271,285
201806291143_048,10,17,Motorboat,91,101,268,285
201806291143_037,47,20,Motorboat,424,471,255,275
201806291143_038,23,24,Miscboat,414,437,254,278
201806291143_038,124,54,Militaryship,880,1004,205,259
201806291143_039,147,63,Militaryship,672,819,204,267
201806291143_040,177,61,Militaryship,548,725,206,267
201806291143_041,174,75,Militaryship,306,480,200,275
201806291143_010,15,70,Sailboat,582,597,199,269
201806291143_011,15,64,Sailboat,600,615,203,267
201806291143_012,13,16,Sailboat,781,794,249,265
201806291143_013,14,18,Sailboat,740,754,248,266
201806291143_014,12,73,Sailboat,722,734,194,267
201806291143_015,17,12,Sailboat,743,760,255,267
201806291143_016,16,80,Sailboat,734,750,189,269
201806291143_017,16,75,Sailboat,717,733,191,266
201806291143_018,19,80,Sailboat,681,700,190,270
201806291143_019,18,82,Sailboat,571,589,191,273
201806291143_020,18,79,Sailboat,690,708,188,267
201806291143_021,32,83,Sailboat,749,781,188,271
201806291143_022,19,90,Sailboat,768,787,182,272
201806291143_023,16,82,Sailboat,781,797,186,268
201806291143_024,29,90,Sailboat,766,795,179,269
201806291143_025,21,96,Sailboat,671,692,179,275
201806291143_026,21,93,Sailboat,643,664,180,273
201806291143_027,23,96,Sailboat,583,606,176,272
201806291143_028,21,102,Sailboat,513,534,175,277
201806291143_029,24,98,Sailboat,591,615,177,275
201806291143_030,33,112,Sailboat,647,680,167,279
201806291143_031,23,111,Sailboat,773,796,164,275
201806291143_032,20,110,Sailboat,638,658,167,277
201806291143_033,39,123,Sailboat,649,688,157,280
201806291143_034,28,129,Sailboat,664,692,154,283
201806291143_035,55,117,Sailboat,689,744,146,263
201806291143_036,60,159,Sailboat,681,741,126,285
201806291143_037,48,163,Sailboat,523,571,128,291
201806291143_038,68,190,Sailboat,723,791,100,290
201806291143_039,55,248,Sailboat,761,816,54,302
201806291143_040,68,287,Sailboat,703,771,29,316
201806291143_041,71,315,Sailboat,618,689,10,325
201806291143_042,108,368,Sailboat,180,288,1,369
201806291143_043,8,19,Seamark,234,242,267,286
201806291143_044,9,21,Seamark,196,205,268,289
201806291143_045,28,42,Seamark,91,119,267,309
201806291143_047,21,22,Passengership,278,299,250,272
201806291143_048,38,41,Passengership,311,349,244,285
201806291143_049,73,70,Passengership,148,221,242,312
201806291143_049,7,13,Seamark,332,339,263,276
201806291143_050,8,14,Seamark,334,342,264,278
201806291143_051,9,19,Seamark,397,406,264,283
201806291143_052,9,21,Seamark,229,238,271,292
201806291143_053,49,39,Militaryship,908,957,237,276
201806291143_054,85,123,Militaryship,1100,1185,172,295
201806291143_055,178,186,Militaryship,1069,1247,137,323
201806291143_056,64,145,Militaryship,1212,1276,202,347
201806291143_057,21,32,Seamark,1126,1147,269,301
201806291143_058,9,47,Seamark,1198,1207,270,317
201806291143_059,13,65,Seamark,1211,1224,280,345
201806291143_055,22,19,Motorboat,612,634,256,275
201806291143_056,24,21,Motorboat,538,562,257,278
201806291143_057,26,23,Motorboat,767,793,252,275
201806291143_058,34,32,Motorboat,668,702,254,286
201806291143_059,34,35,Motorboat,393,427,261,296
201806291143_060,52,54,Motorboat,103,155,263,317
201806291143_058,81,141,Sailboat,831,912,150,291
201806291143_059,111,117,Sailboat,593,704,186,303
201806291143_060,134,134,Sailboat,352,486,175,309
201806291143_063,12,27,Seamark,1006,1018,254,281
201806291143_064,21,32,Seamark,768,789,252,284
201806291143_065,20,30,Seamark,511,531,257,287
201806291143_066,19,28,Seamark,820,839,260,288
201806291143_068,137,45,Miscboat,947,1084,234,279
201806291143_069,224,118,Miscboat,1057,1281,198,316
201806291143_013,31,14,Boat,326,357,308,322
201806291143_012,180,259,Sailboat,1006,1186,44,303
201806291143_008,17,62,Sailboat,625,642,204,266
201806291143_014,62,277,Sailboat,1207,1269,52,329
201806291143_014,97,250,Sailboat,1060,1157,60,310
201806291143_014,67,161,Sailboat,987,1054,135,296
201806291143_058,65,148,Sailboat,90,155,167,315
201806291143_067,89,63,Sailboat,1192,1281,317,380
201806291143_067,35,152,Sailboat,594,629,142,294
201806291143_000,32,13,Ferry,867,899,247,260
201806291143_002,35,12,Ferry,30,65,274,286
201806291143_053,57,25,Passengership,296,353,251,276
201806291143_037,106,26,Passengership,0,106,272,298
201806291143_013,36,20,Motorboat,347,383,286,306
201806291143_037,31,20,Motorboat,273,304,274,294
201806291143_026,42,30,Militaryship,903,945,255,285
201806291143_047,24,18,Militaryship,663,687,247,265
201806291143_041,118,46,Militaryship,42,160,250,296
201806291143_033,197,215,Militaryship,1000,1197,96,311
201806291143_025,137,105,Militaryship,1141,1278,275,380
201806291143_011,165,45,Miscboat,858,1023,279,324
201806291143_047,23,17,Miscboat,603,626,252,269
201806291143_053,60,30,Miscboat,113,173,257,287
201806291143_053,56,31,Miscboat,234,290,249,280
201806291143_053,32,27,Miscboat,183,215,257,284
201806291143_068,94,40,Miscboat,1161,1255,241,281
201806291143_068,63,38,Miscboat,1092,1155,242,280
201806291143_068,86,48,Miscboat,846,932,230,278
201806291143_002,133,49,Miscboat,987,1120,257,306
201806291143_022,113,78,Miscboat,1065,1178,220,298
201806291143_050,34,32,Miscboat,887,921,242,274
201806291143_048,9,9,Seamark,371,380,266,275
201806291143_045,12,13,Seamark,58,70,276,289
201806291143_063,11,20,Seamark,738,749,259,279
201806291143_066,11,25,Seamark,1113,1124,257,282
201806291143_067,17,101,Seamark,882,899,306,407
201806291143_068,7,29,Seamark,50,57,268,297
201806291213_000,17,30,Seamark,307,324,254,284
201806291213_001,12,25,Seamark,99,111,272,297
201806291213_000,14,35,Seamark,1015,1029,247,282
201806291213_001,16,47,Seamark,1020,1036,248,295
201806291213_002,12,65,Seamark,1175,1187,256,321
201806291213_000,5,10,Seamark,1037,1042,249,259
201806291213_003,6,12,Seamark,692,698,258,270
201806291243_000,3,13,Seamark,958,961,255,268
201806291243_001,6,23,Seamark,920,926,249,272
201806291243_002,5,21,Seamark,844,849,246,267
201806291243_003,7,13,Seamark,798,805,263,276
201806291243_004,11,26,Seamark,831,842,251,277
201806291243_005,13,37,Seamark,868,881,252,289
201806291243_006,23,70,Seamark,1251,1274,249,319
201806291243_000,30,89,Seamark,856,886,249,338
201806291243_001,83,292,Seamark,1169,1252,231,523
201806291243_000,57,127,Sailboat,398,455,184,311
201806291243_001,29,67,Cruiseship,106,135,218,285
201806291243_000,59,62,Cruiseship,212,271,224,286
201806291243_001,30,61,Cruiseship,137,167,223,284
201806291243_000,103,63,Militaryship,1175,1278,204,267
201806291243_001,117,71,Militaryship,1152,1269,202,273
201806291243_002,125,74,Militaryship,1107,1232,191,265
201806291243_003,128,81,Militaryship,1086,1214,191,272
201806291243_004,135,82,Militaryship,1142,1277,185,267
201806291243_000,22,16,Motorboat,935,957,253,269
201806291243_001,31,12,Motorboat,965,996,249,261
201806291243_002,33,12,Motorboat,971,1004,244,256
201806291243_003,25,13,Motorboat,982,1007,252,265
201806291243_004,20,14,Motorboat,1072,1092,248,262
201806291243_003,34,20,Passengership,784,818,248,268
201806291243_004,40,23,Passengership,742,782,246,269
201806291243_005,115,49,Passengership,376,491,249,298
201806291243_006,59,25,Passengership,550,609,254,279
201806291243_007,71,30,Passengership,883,954,252,282
201806291243_008,73,37,Passengership,1135,1208,256,293
201806291243_009,85,52,Passengership,1133,1218,255,307
201806291243_014,132,29,Militaryship,1147,1279,249,278
201806291243_015,289,90,Militaryship,992,1281,197,287
201806291243_016,104,50,Militaryship,1175,1279,249,299
201806291243_014,102,40,Militaryship,972,1074,232,272
201806291243_015,95,37,Militaryship,754,849,230,267
201806291243_016,150,65,Militaryship,830,980,215,280
201806291243_017,176,72,Militaryship,1064,1240,215,287
201806291243_014,50,19,Motorboat,776,826,247,266
201806291243_015,60,17,Motorboat,503,563,256,273
201806291243_016,68,21,Motorboat,562,630,252,273
201806291243_017,74,24,Motorboat,734,808,246,270
201806291243_018,81,29,Motorboat,746,827,248,277
201806291243_019,111,42,Motorboat,1119,1230,242,284
201806291243_020,31,33,Cargoship,35,66,262,295
201806291243_021,38,40,Cargoship,138,176,252,292
201806291243_022,48,66,Cargoship,58,106,240,306
201806291243_023,101,131,Cargoship,118,219,185,316
201806291243_024,54,51,Miscboat,178,232,262,313
201806291243_025,98,75,Miscboat,1,99,257,332
201806291243_024,54,91,Militaryship,232,286,202,293
201806291243_025,81,115,Militaryship,158,239,182,297
201806291243_026,113,147,Militaryship,115,228,160,307
201806291243_027,103,171,Militaryship,90,193,147,318
201806291243_028,142,137,Militaryship,2,144,207,344
201806291243_028,62,99,Militaryship,149,211,198,297
201806291243_029,106,154,Militaryship,159,265,150,304
201806291243_030,136,195,Militaryship,1,137,135,330
201806291243_029,54,94,Militaryship,262,316,196,290
201806291243_030,85,125,Militaryship,137,222,183,308
201806291243_031,165,98,Militaryship,1,166,239,337
201806291243_030,7,6,Boat,464,471,264,270
201806291243_031,12,10,Boat,519,531,263,273
201806291243_032,11,9,Boat,510,521,266,275
201806291243_033,6,6,Boat,490,496,281,287
201806291243_027,32,90,Cruiseship,197,229,194,284
201806291243_028,54,67,Cruiseship,220,274,214,281
201806291243_029,69,78,Cruiseship,330,399,199,277
201806291243_030,90,136,Cruiseship,285,375,152,288
201806291243_031,127,109,Cruiseship,302,429,183,292
201806291243_032,171,132,Cruiseship,242,413,159,291
201806291243_033,320,294,Cruiseship,78,398,30,324
201806291243_034,184,260,Cruiseship,0,184,85,345
201806291243_030,31,46,Militaryship,377,408,230,276
201806291243_031,39,50,Militaryship,429,468,226,276
201806291243_032,55,57,Militaryship,412,467,217,274
201806291243_033,31,113,Sailboat,459,490,180,293
201806291243_034,97,81,Militaryship,172,269,213,294
201806291243_035,267,156,Militaryship,6,273,173,329
201806291243_036,175,116,Militaryship,1,176,221,337
201806291243_034,19,30,Militaryship,343,362,259,289
201806291243_035,32,29,Militaryship,278,310,265,294
201806291243_036,65,39,Militaryship,187,252,270,309
201806291243_034,31,26,Miscboat,368,399,258,284
201806291243_035,58,17,Miscboat,318,376,267,284
201806291243_036,68,33,Miscboat,264,332,266,299
201806291243_037,133,52,Miscboat,67,200,268,320
201806291243_029,54,105,Sailboat,400,454,161,266
201806291243_030,38,117,Sailboat,408,446,152,269
201806291243_031,52,129,Sailboat,472,524,137,266
201806291243_032,58,136,Sailboat,475,533,129,265
201806291243_033,63,166,Sailboat,507,570,104,270
201806291243_034,113,193,Sailboat,358,471,85,278
201806291243_035,130,226,Sailboat,334,464,47,273
201806291243_036,134,286,Sailboat,332,466,1,287
201806291243_037,276,303,Sailboat,135,411,1,304
201806291243_038,274,328,Sailboat,22,296,13,341
201806291243_039,297,339,Sailboat,0,297,1,340
201806291243_035,27,13,Passengership,461,488,260,273
201806291243_036,30,14,Passengership,465,495,260,274
201806291243_037,42,23,Passengership,413,455,260,283
201806291243_038,70,25,Passengership,279,349,273,298
201806291243_039,69,32,Passengership,295,364,268,300
201806291243_040,170,61,Passengership,32,202,278,339
201806291243_035,21,14,Miscboat,481,502,256,270
201806291243_036,25,17,Miscboat,490,515,259,276
201806291243_037,34,20,Miscboat,448,482,259,279
201806291243_038,45,22,Miscboat,351,396,265,287
201806291243_039,47,28,Miscboat,385,432,261,289
201806291243_040,87,50,Miscboat,279,366,265,315
201806291243_041,69,65,Miscboat,6,75,293,358
201806291243_045,56,71,Miscboat,918,974,247,318
201806291243_046,165,159,Miscboat,1116,1281,239,398
201806291243_039,31,78,Sailboat,677,708,190,268
201806291243_040,39,97,Sailboat,718,757,174,271
201806291243_041,44,119,Sailboat,635,679,156,275
201806291243_042,61,150,Sailboat,752,813,132,282
201806291243_043,82,199,Sailboat,766,848,95,294
201806291243_044,117,248,Sailboat,781,898,55,303
201806291243_045,254,359,Sailboat,974,1228,1,360
201806291243_047,53,21,Motorboat,269,322,271,292
201806291243_048,68,26,Motorboat,167,235,280,306
201806291243_049,85,37,Motorboat,35,120,292,329
201806291243_045,28,40,Passengership,665,693,233,273
201806291243_046,35,50,Passengership,624,659,229,279
201806291243_047,42,38,Passengership,699,741,240,278
201806291243_048,66,108,Passengership,743,809,182,290
201806291243_049,115,86,Passengership,837,952,219,305
201806291243_050,247,235,Passengership,1005,1252,139,374
201806291243_047,64,89,Sailboat,390,454,188,277
201806291243_048,58,110,Sailboat,382,440,172,282
201806291243_049,94,128,Sailboat,348,442,158,286
201806291243_050,98,163,Sailboat,321,419,131,294
201806291243_052,48,189,Sailboat,144,192,128,317
201806291243_053,95,249,Sailboat,5,100,87,336
201806291243_047,36,90,Sailboat,354,390,195,285
201806291243_048,37,93,Sailboat,321,358,195,288
201806291243_049,46,152,Sailboat,288,334,148,300
201806291243_050,64,191,Sailboat,253,317,116,307
201806291243_047,46,71,Sailboat,307,353,217,288
201806291243_048,51,108,Sailboat,287,338,185,293
201806291243_049,88,148,Sailboat,196,284,155,303
201806291243_050,88,197,Sailboat,164,252,115,312
201806291243_051,111,249,Sailboat,69,180,76,325
201806291243_052,121,204,Sailboat,21,142,130,334
201806291243_048,12,12,Passengership,599,611,250,262
201806291243_049,15,17,Passengership,634,649,245,262
201806291243_050,26,31,Passengership,660,686,237,268
201806291243_051,23,27,Passengership,627,650,240,267
201806291243_052,33,20,Passengership,504,537,252,272
201806291243_053,58,76,Passengership,352,410,230,306
201806291243_054,49,36,Passengership,336,385,244,280
201806291243_055,79,49,Passengership,347,426,241,290
201806291243_056,88,67,Passengership,393,481,219,286
201806291243_057,103,93,Passengership,354,457,206,299
201806291243_058,177,150,Passengership,112,289,173,323
201806291243_059,96,181,Passengership,4,100,172,353
201806291243_049,70,152,Sailboat,122,192,166,318
201806291243_050,101,206,Sailboat,62,163,124,330
201806291243_054,52,69,Sailboat,177,229,227,296
201806291243_055,64,85,Sailboat,97,161,226,311
201806291243_056,128,143,Sailboat,12,140,186,329
201806291243_050,22,29,Motorboat,830,852,261,290
201806291243_051,48,61,Motorboat,953,1001,261,322
201806291243_052,120,133,Motorboat,1159,1279,282,415
201806291243_047,23,74,Sailboat,645,668,194,268
201806291243_048,32,85,Sailboat,660,692,187,272
201806291243_049,28,95,Sailboat,707,735,179,274
201806291243_050,35,121,Sailboat,756,791,160,281
201806291243_052,59,43,Passengership,719,778,234,277
201806291243_053,81,106,Passengership,712,793,179,285
201806291243_054,130,172,Passengership,732,862,125,297
201806291243_055,305,183,Passengership,874,1179,160,343
201806291243_056,131,386,Passengership,1142,1273,16,402
201806291243_051,75,163,Sailboat,791,866,124,287
201806291243_052,109,220,Sailboat,747,856,80,300
201806291243_053,257,343,Sailboat,838,1095,16,359
201806291243_049,18,105,Sailboat,744,762,172,277
201806291243_050,24,143,Sailboat,801,825,140,283
201806291243_049,24,20,Passengership,535,559,247,267
201806291243_050,26,22,Passengership,563,589,245,267
201806291243_051,33,27,Passengership,543,576,242,269
201806291243_052,31,32,Passengership,448,479,242,274
201806291243_051,54,226,Sailboat,879,933,75,301
201806291243_052,110,343,Sailboat,922,1032,1,344
201806291243_050,60,100,Sailboat,419,479,184,284
201806291243_051,37,110,Sailboat,381,418,183,293
201806291243_052,51,149,Sailboat,200,251,161,310
201806291243_053,116,253,Sailboat,61,177,65,318
201806291243_052,64,177,Sailboat,253,317,121,298
201806291243_053,125,170,Sailboat,145,270,133,303
201806291243_052,64,27,Ferry,651,715,248,275
201806291243_053,98,40,Ferry,555,653,246,286
201806291243_054,134,54,Ferry,378,512,247,301
201806291243_055,213,63,Ferry,108,321,259,322
201806291243_051,55,23,Ferry,730,785,247,270
201806291243_052,132,43,Ferry,625,757,236,279
201806291243_053,162,53,Ferry,530,692,236,289
201806291243_055,99,40,Ferry,230,329,253,293
201806291243_056,104,43,Passengership,249,353,254,297
201806291243_057,156,74,Passengership,107,263,253,327
201806291243_050,43,77,Sailboat,483,526,199,276
201806291243_051,46,83,Sailboat,439,485,193,276
201806291243_052,44,128,Sailboat,318,362,164,292
201806291243_054,56,49,Passengership,673,729,229,278
201806291243_055,79,65,Passengership,767,846,229,294
201806291243_056,113,86,Passengership,898,1011,214,300
201806291243_057,169,167,Passengership,1111,1280,192,359
201806291243_055,17,27,Miscboat,747,764,249,276
201806291243_056,33,31,Miscboat,862,895,252,283
201806291243_057,66,70,Miscboat,964,1030,226,296
201806291243_058,55,43,Miscboat,998,1053,256,299
201806291243_056,23,38,Militaryship,835,858,237,275
201806291243_057,28,47,Militaryship,903,931,235,282
201806291243_058,86,62,Militaryship,901,987,229,291
201806291243_059,173,160,Militaryship,1098,1271,157,317
201806291243_056,18,21,Miscboat,817,835,248,269
201806291243_057,32,28,Miscboat,872,904,250,278
201806291243_058,35,30,Miscboat,858,893,250,280
201806291243_059,60,44,Miscboat,968,1028,247,291
201806291243_060,106,62,Miscboat,1164,1270,255,317
201806291243_059,56,44,Motorboat,914,970,236,280
201806291243_060,102,61,Motorboat,1040,1142,240,301
201806291243_055,28,20,Passengership,504,532,250,270
201806291243_056,27,21,Passengership,586,613,245,266
201806291243_057,27,20,Passengership,595,622,243,263
201806291243_058,44,32,Passengership,506,550,243,275
201806291243_059,48,37,Passengership,505,553,240,277
201806291243_060,62,44,Passengership,474,536,239,283
201806291243_061,91,72,Passengership,406,497,221,293
201806291243_062,175,109,Passengership,155,330,210,319
201806291243_063,46,53,Motorboat,904,950,243,296
201806291243_064,108,89,Motorboat,1000,1108,233,322
201806291243_065,47,18,Motorboat,718,765,267,285
201806291243_066,79,25,Motorboat,779,858,269,294
201806291243_067,90,26,Motorboat,734,824,276,302
201806291243_013,152,72,Miscboat,372,524,273,345
201806291243_020,56,12,Motorboat,1153,1209,253,265
201806291243_051,21,10,Boat,855,876,291,301
201806291243_052,37,26,Passengership,405,442,253,279
201806291243_058,168,143,Miscboat,1062,1230,190,333
201806291243_059,54,76,Miscboat,1034,1088,225,301
201806291243_067,130,53,Passengership,0,130,254,307
201806291243_000,18,13,Miscboat,1097,1115,251,264
201806291243_024,177,97,Cargoship,2,179,242,339
201806291243_048,52,116,Sailboat,227,279,184,300
201806291243_051,156,251,Sailboat,138,294,69,320
201806291243_020,205,84,Ferry,839,1044,194,278
201806291243_047,30,22,Ferry,406,436,266,288
201806291243_047,40,12,Ferry,578,618,253,265
201806291243_057,80,78,Passengership,1030,1110,238,316
201806291243_021,23,12,Motorboat,1065,1088,249,261
201806291243_021,21,10,Motorboat,1035,1056,250,260
201806291243_021,22,8,Motorboat,1013,1035,252,260
201806291243_048,96,95,Sailboat,247,343,202,297
201806291243_050,28,29,Boat,843,871,271,300
201806291243_051,64,44,Boat,1046,1110,304,348
201806291243_051,55,39,Boat,992,1047,298,337
201806291243_052,87,62,Boat,1094,1181,316,378
201806291243_063,30,25,Miscboat,343,373,265,290
201806291243_034,68,87,Militaryship,274,342,211,298
201806291243_003,9,24,Seamark,771,780,264,288
201806291243_003,13,19,Seamark,1018,1031,257,276
201806291243_005,12,67,Seamark,957,969,270,337
201806291243_018,17,49,Seamark,819,836,248,297
201806291243_021,10,17,Seamark,783,793,251,268
201806291314_000,196,98,Passengership,874,1070,198,296
201806291314_001,229,153,Passengership,1055,1284,168,321
201806291314_001,37,40,Motorboat,178,215,263,303
201806291314_002,60,46,Motorboat,305,365,260,306
201806291314_003,89,70,Motorboat,302,391,259,329
201806291314_002,19,24,Miscboat,383,402,265,289
201806291314_003,30,37,Miscboat,437,467,260,297
201806291314_002,32,33,Miscboat,392,424,254,287
201806291314_003,26,33,Miscboat,469,495,257,290
201806291314_004,57,76,Miscboat,271,328,238,314
201806291314_002,22,28,Miscboat,364,386,268,296
201806291314_003,41,39,Miscboat,393,434,268,307
201806291314_000,61,43,Passengership,452,513,235,278
201806291314_001,73,56,Passengership,485,558,222,278
201806291314_002,85,60,Passengership,761,846,216,276
201806291314_003,97,84,Passengership,905,1002,197,281
201806291314_004,155,108,Passengership,893,1048,184,292
201806291314_005,97,97,Passengership,1182,1279,227,324
201806291314_002,26,16,Miscboat,422,448,263,279
201806291314_003,30,33,Miscboat,505,535,249,282
201806291314_004,52,47,Miscboat,352,404,246,293
201806291314_005,100,55,Miscboat,192,292,261,316
201806291314_005,60,49,Passengership,293,353,251,300
201806291314_006,125,121,Passengership,2,127,236,357
201806291314_005,62,83,Sailboat,853,915,199,282
201806291314_006,112,136,Sailboat,1022,1134,159,295
201806291314_002,20,19,Passengership,445,465,255,274
201806291314_003,25,30,Passengership,536,561,245,275
201806291314_004,35,41,Passengership,407,442,241,282
201806291314_005,62,47,Passengership,352,414,245,292
201806291314_006,141,103,Passengership,146,287,228,331
201806291314_002,37,15,Ferry,465,502,257,272
201806291314_003,40,15,Ferry,563,603,255,270
201806291314_004,44,16,Ferry,453,497,257,273
201806291314_005,100,30,Ferry,495,595,253,283
201806291314_001,32,18,Ferry,226,258,263,281
201806291314_004,50,29,Ferry,444,494,251,280
201806291314_005,58,60,Passengership,398,456,225,285
201806291314_006,113,98,Passengership,313,426,198,296
201806291314_007,207,236,Passengership,122,329,100,336
201806291314_006,167,48,Ferry,626,793,243,291
201806291314_007,272,92,Ferry,1009,1281,231,323
201806291314_006,42,73,Sailboat,462,504,205,278
201806291314_007,54,119,Sailboat,450,504,168,287
201806291314_008,75,172,Sailboat,419,494,121,293
201806291314_002,36,64,Sailboat,616,652,202,266
201806291314_003,41,72,Sailboat,729,770,195,267
201806291314_004,49,87,Sailboat,640,689,184,271
201806291314_005,58,98,Sailboat,695,753,172,270
201806291314_006,66,112,Sailboat,751,817,159,271
201806291314_007,85,143,Sailboat,836,921,148,291
201806291314_008,215,228,Sailboat,964,1179,69,297
201806291314_005,119,68,Miscboat,36,155,289,357
201806291314_005,100,46,Miscboat,971,1071,244,290
201806291314_008,25,21,Motorboat,515,540,261,282
201806291314_008,23,16,Motorboat,475,498,267,283
201806291314_004,113,101,Miscboat,49,162,260,361
201806291314_004,73,72,Miscboat,200,273,260,332
201806291314_008,117,283,Sailboat,1155,1272,47,330
201806291314_002,33,42,Sailboat,562,595,212,254
201806291314_000,154,148,Motorboat,41,195,262,410
201806291314_007,98,36,Motorboat,916,1014,263,299
201806291314_006,44,18,Motorboat,794,838,257,275
201806291320_001,43,37,Miscboat,257,300,263,300
201806291320_002,76,51,Miscboat,136,212,267,318
201806291320_000,58,103,Sailboat,355,413,178,281
201806291320_001,55,145,Sailboat,301,356,147,292
201806291320_002,93,207,Sailboat,217,310,99,306
201806291320_002,14,17,Miscboat,721,735,251,268
201806291320_003,15,19,Miscboat,642,657,253,272
201806291320_004,16,21,Miscboat,719,735,252,273
201806291320_005,39,30,Miscboat,794,833,258,288
201806291320_006,54,54,Miscboat,839,893,251,305
201806291320_007,144,123,Miscboat,1072,1216,256,379
201806291320_002,22,17,Motorboat,698,720,251,268
201806291320_003,45,29,Motorboat,605,650,250,279
201806291320_004,48,32,Motorboat,678,726,252,284
201806291320_005,46,32,Motorboat,741,787,258,290
201806291320_006,67,42,Motorboat,766,833,263,305
201806291320_007,131,136,Motorboat,941,1072,256,392
201806291320_008,187,104,Passengership,1091,1278,294,398
201806291320_000,35,113,Sailboat,653,688,144,257
201806291320_001,44,145,Sailboat,669,713,121,266
201806291320_002,93,141,Sailboat,713,806,110,251
201806291320_003,110,181,Sailboat,628,738,74,255
201806291320_004,78,217,Sailboat,720,798,36,253
201806291320_005,163,205,Sailboat,752,915,44,249
201806291320_006,194,251,Sailboat,766,960,1,252
201806291320_007,316,250,Sailboat,826,1142,1,251
201806291320_008,418,275,Sailboat,856,1274,6,281
201806291320_008,42,81,Militaryship,846,888,193,274
201806291320_009,112,127,Militaryship,792,904,165,292
201806291320_010,247,219,Militaryship,720,967,114,333
201806291320_011,462,438,Militaryship,804,1266,18,456
201806291320_008,89,84,Cruiseship,801,890,185,269
201806291320_009,72,134,Cruiseship,721,793,140,274
201806291320_010,142,221,Cruiseship,586,728,64,285
201806291320_011,237,212,Cruiseship,593,830,94,306
201806291320_012,569,377,Cruiseship,713,1282,1,378
201806291320_013,323,458,Cruiseship,955,1278,1,459
201806291320_014,157,217,Militaryship,785,942,103,320
201806291320_015,338,389,Militaryship,942,1280,1,390
201806291320_009,20,18,Passengership,601,621,246,264
201806291320_010,25,27,Passengership,433,458,246,273
201806291320_011,34,33,Passengership,397,431,245,278
201806291320_012,86,71,Passengership,398,484,226,297
201806291320_010,30,52,Militaryship,557,587,218,270
201806291320_011,43,64,Militaryship,554,597,211,275
201806291320_012,37,89,Militaryship,677,714,188,277
201806291320_013,82,120,Militaryship,818,900,168,288
201806291320_014,143,96,Militaryship,807,950,206,302
201806291320_014,70,87,Militaryship,738,808,203,290
201806291320_015,156,278,Militaryship,786,942,53,331
201806291320_016,160,211,Militaryship,765,925,94,305
201806291320_017,315,250,Militaryship,858,1173,110,360
201806291320_018,109,169,Militaryship,1046,1155,146,315
201806291320_014,53,44,Militaryship,699,752,234,278
201806291320_015,83,152,Militaryship,707,790,142,294
201806291320_016,43,58,Sailboat,473,516,202,260
201806291320_017,50,69,Sailboat,452,502,195,264
201806291320_018,61,85,Sailboat,348,409,185,270
201806291320_019,64,92,Sailboat,234,298,173,265
201806291320_015,18,81,Sailboat,588,606,192,273
201806291320_016,30,118,Sailboat,537,567,165,283
201806291320_017,71,220,Sailboat,333,404,91,311
201806291320_018,40,17,Motorboat,812,852,246,263
201806291320_019,48,22,Motorboat,785,833,249,271
201806291320_020,60,24,Motorboat,217,277,262,286
201806291320_021,72,35,Motorboat,50,122,265,300
201806291320_020,105,53,Militaryship,730,835,210,263
201806291320_021,115,57,Militaryship,716,831,207,264
201806291320_022,78,73,Militaryship,392,470,203,276
201806291320_023,56,92,Militaryship,122,178,201,293
201806291320_022,5,12,Seamark,704,709,253,265
201806291320_023,7,18,Seamark,495,502,255,273
201806291320_024,6,16,Seamark,419,425,259,275
201806291320_025,8,18,Seamark,306,314,263,281
201806291320_026,6,19,Seamark,234,240,266,285
201806291320_027,10,26,Seamark,131,141,269,295
201806291320_024,6,15,Seamark,325,331,269,284
201806291320_025,5,17,Seamark,185,190,276,293
201806291320_029,24,21,Passengership,359,383,258,279
201806291320_030,57,49,Passengership,217,274,246,295
201806291320_030,4,9,Seamark,359,363,264,273
201806291320_031,7,14,Seamark,218,225,269,283
201806291320_032,15,20,Seamark,183,198,265,285
201806291320_033,7,18,Seamark,151,158,277,295
201806291320_032,46,28,Miscboat,389,435,245,273
201806291320_033,64,39,Miscboat,416,480,238,277
201806291320_034,69,42,Miscboat,141,210,246,288
201806291320_035,50,27,Miscboat,191,241,258,285
201806291320_032,52,21,Passengership,437,489,249,270
201806291320_033,56,22,Passengership,477,533,246,268
201806291320_034,71,27,Passengership,208,279,252,279
201806291320_035,69,35,Passengership,276,345,244,279
201806291320_032,37,18,Miscboat,348,385,257,275
201806291320_033,40,19,Miscboat,371,411,256,275
201806291320_034,49,23,Miscboat,84,133,267,290
201806291320_035,40,28,Miscboat,128,168,259,287
201806291320_034,60,79,Militaryship,784,844,210,289
201806291320_035,83,93,Militaryship,977,1060,204,297
201806291320_036,167,191,Militaryship,1020,1187,132,323
201806291320_037,5,22,Seamark,812,817,265,287
201806291320_038,15,66,Seamark,710,725,259,325
201806291320_039,18,78,Seamark,11,29,310,388
201806291320_036,4,15,Seamark,864,868,267,282
201806291320_037,11,36,Seamark,949,960,265,301
201806291320_038,22,70,Seamark,1086,1108,283,353
201806291320_034,17,15,Miscboat,657,674,257,272
201806291320_035,19,16,Miscboat,787,806,253,269
201806291320_036,16,20,Miscboat,646,662,255,275
201806291320_037,28,25,Miscboat,607,635,258,283
201806291320_038,50,37,Miscboat,385,435,260,297
201806291320_037,70,116,Sailboat,728,798,170,286
201806291320_038,122,125,Sailboat,569,691,175,300
201806291320_041,122,36,Miscboat,319,441,260,296
201806291320_042,150,71,Miscboat,1085,1235,230,301
201806291320_042,4,10,Seamark,864,868,252,262
201806291320_043,6,13,Seamark,941,947,249,262
201806291320_044,7,14,Seamark,921,928,248,262
201806291320_045,6,17,Seamark,778,784,249,266
201806291320_046,8,20,Seamark,378,386,260,280
201806291320_047,7,28,Seamark,112,119,268,296
201806291320_046,4,10,Seamark,1110,1114,251,261
201806291320_047,6,11,Seamark,1005,1011,250,261
201806291320_048,5,10,Seamark,737,742,254,264
201806291320_049,7,13,Seamark,681,688,254,267
201806291320_050,3,16,Seamark,791,794,250,266
201806291320_051,6,20,Seamark,827,833,250,270
201806291320_052,11,29,Seamark,905,916,249,278
201806291320_053,11,37,Seamark,1020,1031,249,286
201806291320_046,12,32,Seamark,1044,1056,249,281
201806291320_047,11,47,Seamark,1109,1120,248,295
201806291320_048,31,103,Seamark,1224,1255,247,350
201806291320_048,5,7,Seamark,649,654,255,262
201806291320_049,4,8,Seamark,582,586,256,264
201806291320_050,6,11,Seamark,672,678,253,264
201806291320_051,5,10,Seamark,673,678,254,264
201806291320_052,6,12,Seamark,692,698,253,265
201806291320_053,7,20,Seamark,702,709,247,267
201806291320_054,6,18,Seamark,744,750,250,268
201806291320_055,9,23,Seamark,793,802,254,277
201806291320_056,8,33,Seamark,721,729,258,291
201806291320_057,22,71,Seamark,850,872,253,324
201806291320_049,6,14,Seamark,337,343,263,277
201806291320_050,7,22,Seamark,383,390,261,283
201806291320_051,6,20,Seamark,314,320,263,283
201806291320_052,8,28,Seamark,211,219,265,293
201806291320_053,9,35,Seamark,62,71,276,311
201806291320_051,3,10,Seamark,396,399,261,271
201806291320_052,4,12,Seamark,369,373,260,272
201806291320_053,4,13,Seamark,333,337,257,270
201806291320_054,6,17,Seamark,288,294,263,280
201806291320_055,8,21,Seamark,213,221,266,287
201806291320_052,4,10,Seamark,706,710,252,262
201806291320_053,4,11,Seamark,715,719,250,261
201806291320_054,4,10,Seamark,750,754,251,261
201806291320_055,7,13,Seamark,777,784,254,267
201806291320_056,5,14,Seamark,678,683,258,272
201806291320_057,10,20,Seamark,705,715,256,276
201806291320_058,11,29,Seamark,760,771,250,279
201806291320_059,11,45,Seamark,805,816,249,294
201806291320_060,41,124,Seamark,1015,1056,250,374
201806291320_060,6,21,Seamark,736,742,268,289
201806291320_061,13,36,Seamark,847,860,270,306
201806291320_062,41,99,Seamark,1183,1224,300,399
201806291320_061,32,17,Miscboat,793,825,253,270
201806291320_062,31,22,Miscboat,707,738,253,275
201806291320_063,76,27,Miscboat,478,554,257,284
201806291320_002,31,17,Miscboat,738,769,251,268
201806291320_005,195,78,Miscboat,1053,1248,252,330
201806291320_008,48,42,Militaryship,901,949,246,288
201806291320_020,58,26,Miscboat,167,225,258,284
201806291320_020,59,25,Miscboat,286,345,258,283
201806291320_029,24,14,Miscboat,639,663,257,271
201806291320_032,42,23,Miscboat,304,346,255,278
201806291320_035,30,25,Miscboat,240,270,258,283
201806291320_035,32,17,Miscboat,156,188,269,286
201806291320_041,134,54,Passengership,767,901,234,288
201806291320_041,103,25,Miscboat,510,613,265,290
201806291320_041,98,51,Miscboat,217,315,246,297
201806291320_009,94,48,Miscboat,1078,1172,265,313
201806291320_009,100,86,Militaryship,960,1060,234,320
201806291320_034,41,41,Sailboat,414,455,240,281
201806291320_037,73,119,Sailboat,117,190,186,305
201806291320_054,10,34,Sailboat,65,75,251,285
201806291320_013,202,359,Passengership,0,202,82,441
201806291320_019,33,21,Motorboat,175,208,266,287
201806291320_019,21,14,Motorboat,364,385,268,282
201806291320_037,20,20,Motorboat,368,388,269,289
201806291320_009,41,49,Militaryship,916,957,252,301
201806291320_010,234,159,Militaryship,990,1224,213,372
201806291320_016,336,453,Militaryship,945,1281,1,454
201806291320_023,123,63,Militaryship,178,301,219,282
201806291320_021,11,29,Seamark,37,48,280,309
201806291320_039,3,20,Seamark,1152,1155,253,273
201806291320_045,8,24,Seamark,1273,1281,251,275
201806291320_046,3,5,Seamark,1082,1085,252,257
201806291320_046,4,6,Seamark,1064,1068,252,258
201806291320_046,4,9,Seamark,886,890,252,261
201806291320_049,4,6,Seamark,593,597,257,263
201806291320_042,18,9,Miscellaneous,852,870,354,363
201806291350_023,6,13,Seamark,740,746,254,267
201806291350_024,11,23,Seamark,452,463,254,277
201806291350_025,8,22,Seamark,339,347,263,285
201806291350_026,9,28,Seamark,250,259,264,292
201806291350_027,13,31,Seamark,88,101,281,312
201806291350_025,2,11,Seamark,709,711,254,265
201806291350_026,7,20,Seamark,684,691,249,269
201806291350_027,6,18,Seamark,631,637,255,273
201806291350_028,5,16,Seamark,599,604,254,270
201806291350_029,11,24,Seamark,370,381,267,291
201806291350_030,10,22,Seamark,322,332,269,291
201806291350_031,7,25,Seamark,178,185,278,303
201806291350_032,11,30,Seamark,125,136,274,304
201806291350_023,8,21,Seamark,1161,1169,250,271
201806291350_024,12,33,Seamark,995,1007,243,276
201806291350_025,12,35,Seamark,991,1003,248,283
201806291350_026,14,44,Seamark,1050,1064,249,293
201806291350_027,19,62,Seamark,1158,1177,252,314
201806291350_028,6,17,Seamark,1035,1041,249,266
201806291350_029,14,30,Seamark,861,875,249,279
201806291350_030,13,27,Seamark,876,889,249,276
201806291350_031,8,21,Seamark,825,833,259,280
201806291350_032,14,36,Seamark,884,898,246,282
201806291350_033,18,46,Seamark,889,907,249,295
201806291350_034,41,127,Seamark,1127,1168,239,366
201806291350_037,6,20,Seamark,752,758,250,270
201806291350_038,8,28,Seamark,758,766,249,277
201806291350_039,12,38,Seamark,758,770,250,288
201806291350_040,23,61,Seamark,905,928,251,312
201806291350_043,67,48,Militaryship,1153,1220,210,258
201806291350_044,85,48,Militaryship,1189,1274,210,258
201806291350_045,116,62,Militaryship,1143,1259,198,260
201806291350_041,6,17,Seamark,838,844,253,270
201806291350_042,7,21,Seamark,729,736,251,272
201806291350_043,8,28,Seamark,818,826,251,279
201806291350_044,9,36,Seamark,869,878,251,287
201806291350_045,29,95,Seamark,864,893,236,331
201806291350_046,59,212,Seamark,1158,1217,230,442
201806291350_034,19,23,Cruiseship,783,802,231,254
201806291350_035,19,22,Cruiseship,677,696,234,256
201806291350_036,21,24,Cruiseship,631,652,230,254
201806291350_037,17,33,Cruiseship,657,674,225,258
201806291350_038,18,35,Cruiseship,619,637,224,259
201806291350_039,22,33,Cruiseship,589,611,224,257
201806291350_040,22,37,Cruiseship,658,680,221,258
201806291350_041,22,42,Cruiseship,497,519,227,269
201806291350_042,26,50,Cruiseship,342,368,233,283
201806291350_043,29,47,Cruiseship,376,405,228,275
201806291350_044,28,33,Cruiseship,341,369,239,272
201806291350_045,31,58,Cruiseship,183,214,225,283
201806291350_046,35,62,Cruiseship,183,218,220,282
201806291350_044,21,33,Cruiseship,369,390,237,270
201806291350_045,22,35,Cruiseship,214,236,237,272
201806291350_046,21,53,Cruiseship,218,239,226,279
201806291350_043,26,11,Passengership,1127,1153,245,256
201806291350_044,32,15,Passengership,1094,1126,241,256
201806291350_045,50,20,Passengership,912,962,240,260
201806291350_046,64,25,Passengership,882,946,239,264
201806291350_047,101,39,Passengership,512,613,246,285
201806291350_048,73,127,Passengership,2,75,229,356
201806291350_047,118,74,Militaryship,1064,1182,192,266
201806291350_048,103,92,Militaryship,1179,1282,180,272
201806291350_049,19,50,Seamark,928,947,271,321
201806291350_050,35,102,Seamark,1107,1142,281,383
201806291350_048,7,28,Seamark,883,890,247,275
201806291350_049,8,27,Seamark,915,923,259,286
201806291350_050,10,42,Seamark,909,919,249,291
201806291350_051,25,71,Seamark,1003,1028,248,319
201806291350_048,31,16,Passengership,963,994,246,262
201806291350_049,43,25,Passengership,864,907,249,274
201806291350_050,99,46,Passengership,624,723,238,284
201806291350_051,254,109,Passengership,51,305,242,351
201806291350_052,62,37,Miscboat,819,881,256,293
201806291350_056,129,66,Miscboat,181,310,287,353
201806291350_057,148,75,Miscboat,127,275,281,356
201806291350_058,52,16,Motorboat,885,937,245,261
201806291350_059,52,24,Motorboat,1106,1158,238,262
201806291350_013,27,9,Miscboat,287,314,264,273
201806291350_042,49,24,Miscboat,14,63,270,294
201806291350_056,71,57,Passengership,1203,1274,223,280
201806291350_058,102,46,Militaryship,1122,1224,227,273
201806291350_058,36,10,Miscboat,793,829,250,260
201806291350_001,28,21,Motorboat,371,399,260,281
201806291350_022,5,17,Seamark,688,693,256,273
201806291350_023,3,9,Seamark,1022,1025,249,258
201806291421_000,7,43,Seamark,995,1002,255,298
201806291421_001,7,64,Seamark,1267,1274,255,319
201806291421_000,87,24,Motorboat,759,846,251,275
201806291421_001,102,28,Motorboat,867,969,249,277
201806291421_002,83,54,Motorboat,1198,1281,237,291
201806291421_002,30,28,Miscboat,994,1024,245,273
201806291421_003,27,33,Miscboat,1213,1240,248,281
201806291421_001,56,54,Sailboat,665,721,215,269
201806291421_002,65,66,Sailboat,914,979,203,269
201806291421_001,17,6,Motorboat,433,450,262,268
201806291421_002,22,11,Motorboat,646,668,253,264
201806291421_003,24,12,Motorboat,762,786,249,261
201806291421_004,26,13,Motorboat,995,1021,248,261
201806291421_005,28,14,Motorboat,1180,1208,258,272
201806291421_001,35,8,Motorboat,389,424,261,269
201806291421_002,23,12,Motorboat,617,640,252,264
201806291421_003,25,13,Motorboat,731,756,247,260
201806291421_004,28,13,Motorboat,961,989,251,264
201806291421_002,18,9,Motorboat,597,615,257,266
201806291421_003,20,10,Motorboat,709,729,252,262
201806291421_004,16,11,Motorboat,941,957,252,263
201806291421_005,20,12,Motorboat,1120,1140,260,272
201806291421_001,30,42,Sailboat,304,334,233,275
201806291421_002,39,49,Sailboat,500,539,219,268
201806291421_003,49,62,Sailboat,597,646,206,268
201806291421_004,52,70,Sailboat,813,865,198,268
201806291421_005,43,82,Sailboat,998,1041,192,274
201806291421_006,40,86,Sailboat,1185,1225,188,274
201806291421_002,29,47,Sailboat,470,499,222,269
201806291421_003,35,57,Sailboat,565,600,210,267
201806291421_004,33,57,Sailboat,776,809,211,268
201806291421_005,22,17,Miscboat,944,966,257,274
201806291421_004,12,7,Boat,744,756,263,270
201806291421_005,15,9,Boat,904,919,263,272
201806291421_006,16,10,Boat,1087,1103,265,275
201806291421_005,11,22,Seamark,830,841,258,280
201806291421_006,19,32,Seamark,1025,1044,257,289
201806291421_007,60,52,Militaryship,189,249,242,294
201806291421_008,32,51,Militaryship,220,252,238,289
201806291421_009,37,59,Militaryship,185,222,229,288
201806291421_010,42,66,Militaryship,184,226,230,296
201806291421_011,72,65,Militaryship,178,250,233,298
201806291421_008,30,64,Militaryship,205,235,227,291
201806291421_009,60,58,Militaryship,139,199,238,296
201806291421_010,92,89,Militaryship,81,173,226,315
201806291421_011,158,164,Militaryship,14,172,161,325
201806291421_007,87,73,Militaryship,53,140,248,321
201806291421_008,102,92,Militaryship,112,214,222,314
201806291421_009,125,177,Militaryship,1,126,145,322
201806291421_008,31,55,Cruiseship,234,265,227,282
201806291421_009,56,62,Cruiseship,207,263,218,280
201806291421_010,70,70,Cruiseship,250,320,211,281
201806291421_011,103,89,Cruiseship,336,439,190,279
201806291421_012,150,114,Cruiseship,271,421,177,291
201806291421_013,246,157,Cruiseship,139,385,151,308
201806291421_014,282,241,Cruiseship,12,294,101,342
201806291421_015,276,352,Cruiseship,-2,274,1,353
201806291421_016,97,306,Cruiseship,4,101,47,353
201806291421_013,43,41,Militaryship,376,419,242,283
201806291421_014,100,56,Militaryship,281,381,237,293
201806291421_015,115,93,Militaryship,268,383,208,301
201806291421_011,25,36,Militaryship,443,468,237,273
201806291421_012,56,43,Militaryship,415,471,233,276
201806291421_013,49,65,Militaryship,419,468,216,281
201806291421_014,69,77,Militaryship,381,450,213,290
201806291421_015,94,110,Militaryship,387,481,185,295
201806291421_017,60,42,Militaryship,208,268,268,310
201806291421_018,95,55,Militaryship,98,193,270,325
201806291421_017,76,29,Miscboat,269,345,268,297
201806291421_018,90,44,Miscboat,209,299,267,311
201806291421_017,26,16,Passengership,463,489,262,278
201806291421_018,29,18,Passengership,458,487,262,280
201806291421_019,44,20,Passengership,262,306,277,297
201806291421_020,67,22,Passengership,277,344,274,296
201806291421_021,79,34,Passengership,136,215,276,310
201806291421_022,104,49,Passengership,1,105,281,330
201806291421_017,21,12,Passengership,488,509,261,273
201806291421_018,34,20,Passengership,481,515,257,277
201806291421_019,31,18,Passengership,309,340,270,288
201806291421_020,43,25,Passengership,346,389,262,287
201806291421_021,46,30,Passengership,240,286,268,298
201806291421_022,93,34,Passengership,133,226,277,311
201806291421_010,42,114,Sailboat,342,384,162,276
201806291421_011,65,116,Sailboat,459,524,153,269
201806291421_012,59,133,Sailboat,471,530,137,270
201806291421_013,65,154,Sailboat,488,553,119,273
201806291421_014,114,194,Sailboat,464,578,76,270
201806291421_015,103,195,Sailboat,518,621,68,263
201806291421_017,173,276,Sailboat,290,463,6,282
201806291421_018,188,296,Sailboat,272,460,1,297
201806291421_019,267,318,Sailboat,0,267,7,325
201806291421_020,277,317,Sailboat,11,288,15,332
201806291421_021,146,336,Sailboat,1,147,1,337
201806291421_017,23,62,Sailboat,632,655,204,266
201806291421_018,25,26,Sailboat,651,676,239,265
201806291421_019,27,28,Sailboat,512,539,245,273
201806291421_020,29,72,Sailboat,601,630,196,268
201806291421_021,32,70,Sailboat,543,575,202,272
201806291421_022,37,81,Sailboat,561,598,196,277
201806291421_023,43,106,Sailboat,606,649,169,275
201806291421_024,54,141,Sailboat,645,699,140,281
201806291421_025,83,206,Sailboat,822,905,85,291
201806291421_026,135,302,Sailboat,826,961,7,309
201806291421_027,208,371,Sailboat,1073,1281,1,372
201806291421_025,28,8,Ferry,657,685,253,261
201806291421_026,31,10,Ferry,552,583,253,263
201806291421_028,45,20,Motorboat,324,369,270,290
201806291421_029,63,26,Motorboat,305,368,270,296
201806291421_030,80,33,Motorboat,106,186,285,318
201806291421_027,28,38,Passengership,777,805,233,271
201806291421_028,35,36,Passengership,696,731,242,278
201806291421_029,57,88,Passengership,823,880,201,289
201806291421_030,90,97,Passengership,829,919,206,303
201806291421_031,173,165,Passengership,1108,1281,194,359
201806291421_029,67,105,Sailboat,462,529,172,277
201806291421_030,119,172,Sailboat,335,454,133,305
201806291421_031,117,170,Sailboat,304,421,125,295
201806291421_032,129,245,Sailboat,140,269,68,313
201806291421_033,156,314,Sailboat,1,157,27,341
201806291421_034,118,269,Sailboat,44,162,67,336
201806291421_035,94,248,Sailboat,4,98,102,350
201806291421_029,57,106,Sailboat,404,461,177,283
201806291421_030,89,164,Sailboat,271,360,140,304
201806291421_031,94,172,Sailboat,208,302,133,305
201806291421_029,54,113,Sailboat,350,404,178,291
201806291421_030,64,143,Sailboat,183,247,166,309
201806291421_031,105,218,Sailboat,74,179,108,326
201806291421_029,18,17,Boat,773,791,258,275
201806291421_030,32,13,Boat,745,777,271,284
201806291421_031,45,25,Boat,866,911,276,301
201806291421_032,46,37,Boat,965,1011,294,331
201806291421_031,15,29,Motorboat,848,863,261,290
201806291421_032,69,48,Motorboat,865,934,268,316
201806291421_033,97,74,Motorboat,1040,1137,279,353
201806291421_029,15,50,Sailboat,754,769,219,269
201806291421_030,16,55,Sailboat,720,736,220,275
201806291421_031,34,94,Sailboat,804,838,194,288
201806291421_032,33,30,Passengership,714,747,240,270
201806291421_033,30,38,Passengership,737,767,236,274
201806291421_034,66,50,Passengership,816,882,228,278
201806291421_035,142,94,Passengership,887,1029,198,292
201806291421_031,57,107,Sailboat,751,808,170,277
201806291421_032,69,116,Sailboat,721,790,167,283
201806291421_033,93,192,Sailboat,761,854,101,293
201806291421_034,95,32,Ferry,536,631,249,281
201806291421_035,151,38,Ferry,643,794,247,285
201806291421_036,237,59,Ferry,850,1087,244,303
201806291421_037,185,59,Ferry,1089,1274,287,346
201806291421_035,76,87,Sailboat,320,396,202,289
201806291421_036,92,125,Sailboat,130,222,188,313
201806291421_037,134,178,Sailboat,0,134,154,332
201806291421_032,26,30,Passengership,473,499,238,268
201806291421_033,75,24,Ferry,441,516,256,280
201806291421_034,31,33,Passengership,500,531,236,269
201806291421_035,59,57,Passengership,458,517,219,276
201806291421_036,75,64,Passengership,394,469,217,281
201806291421_037,82,58,Passengership,425,507,222,280
201806291421_038,109,102,Passengership,408,517,188,290
201806291421_039,141,115,Passengership,277,418,189,304
201806291421_040,203,144,Passengership,101,304,170,314
201806291421_037,125,85,Passengership,1032,1157,213,298
201806291421_038,40,140,Passengership,1236,1276,193,333
201806291421_032,25,27,Passengership,684,709,240,267
201806291421_033,27,29,Passengership,711,738,240,269
201806291421_034,40,36,Passengership,771,811,234,270
201806291421_035,59,45,Passengership,813,872,231,276
201806291421_034,87,201,Sailboat,167,254,117,318
201806291421_035,94,255,Sailboat,98,192,76,331
201806291421_034,96,216,Sailboat,259,355,90,306
201806291421_035,79,196,Sailboat,196,275,122,318
201806291421_037,45,51,Passengership,988,1033,243,294
201806291421_038,116,84,Passengership,1122,1238,224,308
201806291421_035,42,30,Miscboat,399,441,251,281
201806291421_036,86,45,Miscboat,291,377,250,295
201806291421_037,110,43,Miscboat,265,375,253,296
201806291421_038,149,70,Miscboat,186,335,248,318
201806291421_039,147,178,Miscboat,-1,146,172,350
201806291421_037,51,34,Miscboat,934,985,247,281
201806291421_038,64,61,Miscboat,1042,1106,230,291
201806291421_039,106,157,Miscboat,1105,1211,156,313
201806291421_038,24,33,Miscboat,1011,1035,247,280
201806291421_039,56,37,Miscboat,1027,1083,256,293
201806291421_040,79,39,Miscboat,1105,1184,268,307
201806291421_038,48,50,Miscboat,952,1000,232,282
201806291421_039,83,79,Miscboat,943,1026,208,287
201806291421_040,102,63,Miscboat,993,1095,232,295
201806291421_041,157,124,Miscboat,1119,1276,216,340
201806291421_040,30,49,Miscboat,954,984,238,287
201806291421_041,72,57,Miscboat,1041,1113,255,312
201806291421_039,34,38,Miscboat,906,940,238,276
201806291421_040,36,29,Miscboat,910,946,250,279
201806291421_041,81,54,Miscboat,927,1008,239,293
201806291421_038,18,11,Miscboat,726,744,249,260
201806291421_039,20,12,Miscboat,671,691,250,262
201806291421_040,12,11,Miscboat,627,639,253,264
201806291421_038,37,28,Motorboat,904,941,240,268
201806291421_039,26,30,Motorboat,880,906,243,273
201806291421_040,46,38,Motorboat,863,909,239,277
201806291421_041,78,61,Motorboat,847,925,232,293
201806291421_042,150,116,Motorboat,1064,1214,202,318
201806291421_038,17,14,Boat,664,681,248,262
201806291421_039,19,15,Boat,605,624,249,264
201806291421_040,21,15,Miscboat,546,567,253,268
201806291421_041,22,15,Boat,445,467,259,274
201806291421_042,24,16,Boat,451,475,258,274
201806291421_043,32,17,Boat,305,337,267,284
201806291421_044,37,23,Boat,316,353,269,292
201806291421_045,52,29,Boat,226,278,271,300
201806291421_046,59,36,Miscboat,0,59,283,319
201806291421_046,48,50,Motorboat,875,923,245,295
201806291421_047,59,61,Motorboat,750,809,244,305
201806291421_044,39,30,Miscboat,456,495,249,279
201806291421_045,48,37,Miscboat,418,466,248,285
201806291421_046,52,30,Miscboat,266,318,259,289
201806291421_047,66,34,Miscboat,33,99,269,303
201806291421_044,27,19,Miscboat,500,527,254,273
201806291421_045,30,21,Miscboat,471,501,254,275
201806291421_046,35,27,Miscboat,322,357,259,286
201806291421_047,37,27,Miscboat,107,144,267,294
201806291421_048,89,117,Motorboat,357,446,240,357
201806291421_049,185,189,Motorboat,914,1099,228,417
201806291421_049,54,20,Passengership,378,432,259,279
201806291421_050,105,32,Passengership,279,384,258,290
201806291421_052,25,27,Motorboat,181,206,260,287
201806291421_053,51,39,Motorboat,198,249,258,297
201806291421_054,118,89,Motorboat,107,225,244,333
201806291421_053,26,32,Miscboat,249,275,260,292
201806291421_054,50,59,Miscboat,257,307,248,307
201806291421_055,76,62,Miscboat,2,78,277,339
201806291421_051,49,44,Passengership,1000,1049,231,275
201806291421_052,60,48,Passengership,451,511,227,275
201806291421_053,75,64,Passengership,646,721,215,279
201806291421_054,93,89,Passengership,858,951,199,288
201806291421_055,135,111,Passengership,874,1009,182,293
201806291421_056,253,181,Passengership,1017,1270,152,333
201806291421_053,43,36,Miscboat,275,318,253,289
201806291421_054,65,56,Miscboat,339,404,246,302
201806291421_055,83,40,Miscboat,222,305,263,303
201806291421_056,116,107,Miscboat,10,126,238,345
201806291421_053,33,25,Miscboat,316,349,254,279
201806291421_054,38,30,Miscboat,425,463,251,281
201806291421_055,61,30,Miscboat,335,396,260,290
201806291421_056,90,41,Miscboat,245,335,261,302
201806291421_057,155,70,Miscboat,33,188,266,336
201806291421_055,53,30,Miscboat,819,872,253,283
201806291421_056,74,52,Miscboat,915,989,244,296
201806291421_057,116,62,Miscboat,1032,1148,253,315
201806291421_055,32,31,Passengership,385,417,249,280
201806291421_056,52,41,Passengership,332,384,246,287
201806291421_057,106,72,Passengership,190,296,237,309
201806291421_055,47,64,Sailboat,765,812,216,280
201806291421_056,45,72,Sailboat,844,889,214,286
201806291421_057,64,99,Sailboat,902,966,195,294
201806291421_058,141,152,Sailboat,1000,1141,158,310
201806291421_053,23,24,Passengership,350,373,250,274
201806291421_054,29,30,Passengership,478,507,245,275
201806291421_055,39,29,Passengership,411,450,251,280
201806291421_056,54,40,Passengership,384,438,245,285
201806291421_057,81,63,Passengership,300,381,234,297
201806291421_058,184,93,Passengership,61,245,229,322
201806291421_052,44,13,Ferry,244,288,260,273
201806291421_053,48,19,Ferry,480,528,252,271
201806291421_054,59,12,Ferry,696,755,256,268
201806291421_055,54,11,Ferry,711,765,262,273
201806291421_056,71,25,Ferry,774,845,252,277
201806291421_057,131,32,Ferry,792,923,251,283
201806291421_058,152,37,Ferry,852,1004,257,294
201806291421_059,145,106,Ferry,1128,1273,236,342
201806291421_055,29,23,Passengership,448,477,252,275
201806291421_056,49,27,Passengership,437,486,250,277
201806291421_057,63,45,Passengership,399,462,237,282
201806291421_058,98,55,Passengership,306,404,239,294
201806291421_059,215,118,Passengership,53,268,211,329
201806291421_056,54,94,Sailboat,717,771,179,273
201806291421_057,49,86,Sailboat,737,786,179,265
201806291421_058,79,119,Sailboat,768,847,165,284
201806291421_059,63,207,Sailboat,845,908,94,301
201806291421_060,116,234,Sailboat,843,959,99,333
201806291421_061,148,299,Sailboat,989,1137,52,351
201806291421_059,144,254,Sailboat,908,1052,55,309
201806291421_060,181,345,Sailboat,1100,1281,23,368
201806291421_061,128,360,Sailboat,1151,1279,12,372
201806291421_062,245,335,Sailboat,933,1178,22,357
201806291421_056,26,52,Sailboat,515,541,217,269
201806291421_057,30,59,Sailboat,509,539,210,269
201806291421_058,41,79,Sailboat,462,503,196,275
201806291421_059,56,130,Sailboat,419,475,155,285
201806291421_060,28,22,Motorboat,317,345,266,288
201806291421_061,64,44,Motorboat,66,130,284,328
201806291421_060,91,196,Sailboat,239,330,109,305
201806291421_061,77,218,Sailboat,131,208,96,314
201806291421_061,13,11,Passengership,579,592,253,264
201806291421_062,18,12,Passengership,497,515,257,269
201806291421_061,12,11,Motorboat,552,564,260,271
201806291421_062,22,22,Motorboat,412,434,266,288
201806291421_061,36,39,Miscboat,349,385,244,283
201806291421_062,85,57,Miscboat,114,199,248,305
201806291421_005,30,16,Motorboat,1142,1172,256,272
201806291421_011,26,21,Boat,426,452,273,294
201806291421_031,87,32,Motorboat,4,91,304,336
201806291421_033,31,13,Boat,867,898,301,314
201806291421_050,59,28,Motorboat,872,931,266,294
201806291421_056,88,46,Miscboat,129,217,271,317
201806291421_061,177,66,Motorboat,892,1069,257,323
201806291421_061,47,32,Motorboat,231,278,271,303
201806291421_062,16,15,Miscboat,595,611,251,266
201806291421_033,112,76,Boat,1133,1245,301,377
201806291421_032,34,38,Boat,924,958,288,326
201806291421_051,114,92,Motorboat,576,690,242,334
201806291421_015,41,15,Ferry,731,772,250,265
201806291421_027,102,85,Miscboat,1015,1117,237,322
201806291421_005,27,78,Sailboat,967,994,194,272
201806291421_032,95,242,Sailboat,7,102,100,342
201806291421_029,36,71,Sailboat,531,567,197,268
201806291421_034,43,290,Sailboat,1,44,67,357
201806291421_032,45,217,Sailboat,813,858,85,302
201806291421_034,177,321,Sailboat,891,1068,2,323
201806291421_033,75,293,Sailboat,904,979,27,320
201806291421_059,51,122,Sailboat,740,791,153,275
201806291421_062,145,315,Sailboat,869,1014,12,327
201806291421_040,20,12,Miscboat,605,625,253,265
201806291421_049,43,44,Passengership,1,44,272,316
201806291421_049,63,24,Miscboat,71,134,278,302
201806291421_036,204,318,Passengership,1076,1280,55,373
201806291421_062,33,106,Sailboat,614,647,155,261
201806291421_017,196,145,Militaryship,8,204,200,345
201806291421_020,25,9,Ferry,480,505,253,262
201806291451_000,53,40,Passengership,444,497,249,289
201806291451_001,196,101,Passengership,171,367,235,336
201806291451_002,92,58,Miscboat,79,171,260,318
201806291451_000,17,16,Militaryship,665,682,252,268
201806291451_001,21,16,Militaryship,713,734,252,268
201806291451_002,19,15,Militaryship,772,791,256,271
201806291451_003,34,21,Militaryship,678,712,258,279
201806291451_004,38,26,Militaryship,730,768,256,282
201806291451_005,43,29,Militaryship,777,820,261,290
201806291451_006,60,43,Militaryship,793,853,265,308
201806291451_007,156,133,Militaryship,1012,1168,291,424
201806291451_008,26,42,Militaryship,766,792,225,267
201806291451_009,27,39,Militaryship,706,733,228,267
201806291451_010,43,42,Militaryship,695,738,224,266
201806291451_011,53,64,Militaryship,757,810,206,270
201806291451_012,56,78,Militaryship,985,1041,199,277
201806291451_013,99,118,Militaryship,765,864,171,289
201806291451_014,261,210,Militaryship,895,1156,100,310
201806291451_005,44,32,Miscboat,826,870,257,289
201806291451_006,166,269,Sailboat,791,957,1,270
201806291451_007,71,76,Militaryship,813,884,201,277
201806291451_008,85,92,Militaryship,853,938,193,285
201806291451_002,97,154,Sailboat,790,887,106,260
201806291451_003,109,197,Sailboat,696,805,77,274
201806291451_004,68,219,Sailboat,766,834,39,258
201806291451_005,181,227,Sailboat,777,958,21,248
201806291451_007,354,292,Sailboat,787,1141,0,292
201806291451_008,339,357,Sailboat,938,1277,21,378
201806291451_009,244,134,Militaryship,874,1118,185,319
201806291451_010,258,331,Militaryship,1022,1280,40,371
201806291451_015,218,242,Militaryship,942,1160,73,315
201806291451_016,75,122,Militaryship,1066,1141,182,304
201806291451_017,103,204,Militaryship,1177,1280,130,334
201806291451_012,38,41,Militaryship,955,993,235,276
201806291451_013,61,81,Militaryship,709,770,195,276
201806291451_014,115,133,Militaryship,767,882,151,284
201806291451_006,36,59,Cruiseship,795,831,208,267
201806291451_007,53,119,Cruiseship,786,839,153,272
201806291451_008,95,88,Cruiseship,792,887,184,272
201806291451_009,154,122,Cruiseship,748,902,157,279
201806291451_010,250,289,Cruiseship,758,1008,17,306
201806291451_011,406,341,Cruiseship,871,1277,7,348
201806291451_011,61,34,Militaryship,777,838,241,275
201806291451_012,58,48,Militaryship,1026,1084,239,287
201806291451_013,127,152,Militaryship,840,967,151,303
201806291451_014,169,180,Militaryship,1110,1279,172,352
201806291451_011,14,9,Motorboat,540,554,256,265
201806291451_012,21,9,Motorboat,727,748,255,264
201806291451_013,19,8,Motorboat,506,525,261,269
201806291451_014,18,7,Motorboat,518,536,258,265
201806291451_015,26,11,Motorboat,549,575,257,268
201806291451_016,24,10,Motorboat,477,501,258,268
201806291451_011,15,14,Boat,514,529,253,267
201806291451_013,14,41,Sailboat,417,431,239,280
201806291451_014,24,21,Boat,295,319,273,294
201806291451_016,30,14,Motorboat,174,204,264,278
201806291451_017,30,16,Motorboat,6,36,278,294
201806291451_013,34,47,Sailboat,466,500,213,260
201806291451_014,40,56,Sailboat,470,510,201,257
201806291451_015,49,69,Sailboat,496,545,190,259
201806291451_016,53,68,Sailboat,415,468,186,254
201806291451_017,58,86,Sailboat,271,329,177,263
201806291451_014,11,8,Motorboat,554,565,256,264
201806291451_015,12,9,Motorboat,594,606,257,266
201806291451_016,18,10,Motorboat,523,541,258,268
201806291451_017,18,11,Motorboat,395,413,264,275
201806291451_017,86,15,Passengership,433,519,258,273
201806291451_018,95,13,Passengership,143,238,268,281
201806291451_019,102,24,Passengership,-3,99,267,291
201806291451_017,115,85,Cargoship,1070,1185,216,301
201806291451_018,304,98,Cargoship,946,1250,238,336
201806291451_019,243,224,Cargoship,1036,1279,153,377
201806291451_020,54,28,Militaryship,580,634,237,265
201806291451_021,66,34,Militaryship,516,582,240,274
201806291451_020,48,49,Militaryship,730,778,213,262
201806291451_021,48,49,Militaryship,682,730,215,264
201806291451_022,66,66,Militaryship,444,510,208,274
201806291451_023,65,81,Militaryship,191,256,200,281
201806291451_020,83,52,Militaryship,753,836,209,261
201806291451_021,79,33,Militaryship,715,794,237,270
201806291451_022,70,52,Militaryship,511,581,220,272
201806291451_023,117,66,Militaryship,235,352,206,272
201806291451_024,150,45,Militaryship,167,317,234,279
201806291451_025,188,112,Militaryship,44,232,177,289
201806291451_026,145,80,Militaryship,2,147,213,293
201806291451_025,8,16,Seamark,490,498,257,273
201806291451_026,4,17,Seamark,454,458,256,273
201806291451_027,7,25,Seamark,258,265,261,286
201806291451_028,11,28,Seamark,134,145,265,293
201806291451_029,26,26,Militaryship,761,787,242,268
201806291451_030,25,29,Militaryship,661,686,238,267
201806291451_031,32,28,Militaryship,836,868,242,270
201806291451_032,43,42,Militaryship,714,757,231,273
201806291451_026,17,10,Miscboat,603,620,249,259
201806291451_027,17,11,Miscboat,454,471,253,264
201806291451_028,14,10,Miscboat,448,462,254,264
201806291451_029,21,10,Miscboat,518,539,254,264
201806291451_030,15,9,Miscboat,388,403,258,267
201806291451_031,19,15,Miscboat,522,541,253,268
201806291451_032,21,15,Miscboat,345,366,256,271
201806291451_033,28,15,Miscboat,328,356,261,276
201806291451_034,34,17,Miscboat,241,275,261,278
201806291451_035,41,23,Miscboat,217,258,259,282
201806291451_026,22,11,Passengership,620,642,247,258
201806291451_027,26,9,Passengership,475,501,252,261
201806291451_028,28,10,Passengership,469,497,254,264
201806291451_029,38,17,Passengership,546,584,249,266
201806291451_030,13,23,Passengership,419,432,243,266
201806291451_031,43,16,Passengership,552,595,250,266
201806291451_032,40,18,Passengership,384,424,252,270
201806291451_033,56,23,Passengership,377,433,254,277
201806291451_034,62,18,Passengership,307,369,258,276
201806291451_035,62,27,Passengership,266,328,253,280
201806291451_036,88,29,Passengership,12,100,262,291
201806291451_035,72,67,Militaryship,932,1004,229,296
201806291451_036,163,108,Militaryship,998,1161,232,340
201806291451_037,128,369,Militaryship,1153,1281,44,413
201806291451_035,17,13,Boat,537,554,263,276
201806291451_036,41,19,Boat,332,373,270,289
201806291451_037,42,22,Boat,122,164,279,301
201806291451_038,48,25,Boat,46,94,288,313
201806291451_037,22,30,Seamark,765,787,266,296
201806291451_038,6,31,Seamark,856,862,272,303
201806291451_039,8,52,Seamark,855,863,279,331
201806291451_040,21,80,Seamark,963,984,300,380
201806291451_037,60,42,Sailboat,608,668,242,284
201806291451_038,81,125,Sailboat,620,701,166,291
201806291451_039,87,145,Sailboat,518,605,147,292
201806291451_040,117,190,Sailboat,463,580,118,308
201806291451_038,47,15,Miscboat,625,672,268,283
201806291451_039,64,22,Miscboat,501,565,267,289
201806291451_040,118,24,Miscboat,430,548,276,300
201806291451_041,168,41,Miscboat,278,446,276,317
201806291451_035,19,14,Motorboat,764,783,258,272
201806291451_036,21,15,Motorboat,637,658,256,271
201806291451_037,29,24,Motorboat,494,523,258,282
201806291451_038,25,26,Motorboat,514,539,261,287
201806291451_039,38,31,Motorboat,380,418,260,291
201806291451_040,55,43,Motorboat,282,337,261,304
201806291451_041,72,51,Motorboat,83,155,264,315
201806291451_040,6,35,Seamark,604,610,275,310
201806291451_041,17,50,Seamark,486,503,286,336
201806291451_044,203,50,Motorboat,651,854,273,323
201806291451_046,6,11,Seamark,855,861,255,266
201806291451_047,10,24,Seamark,759,769,246,270
201806291451_048,9,22,Seamark,564,573,253,275
201806291451_049,8,20,Seamark,417,425,258,278
201806291451_050,8,32,Seamark,120,128,265,297
201806291451_047,7,16,Seamark,1159,1166,256,272
201806291451_048,10,26,Seamark,1043,1053,253,279
201806291451_049,12,32,Seamark,1085,1097,255,287
201806291451_050,19,49,Seamark,1182,1201,256,305
201806291451_051,5,14,Seamark,668,673,252,266
201806291451_052,7,15,Seamark,541,548,251,266
201806291451_053,6,14,Seamark,438,444,255,269
201806291451_054,5,13,Seamark,382,387,257,270
201806291451_055,10,18,Seamark,337,347,254,272
201806291451_056,7,18,Seamark,295,302,258,276
201806291451_057,6,16,Seamark,307,313,260,276
201806291451_052,4,8,Seamark,778,782,253,261
201806291451_053,7,15,Seamark,697,704,244,259
201806291451_054,6,14,Seamark,657,663,246,260
201806291451_055,5,13,Seamark,638,643,253,266
201806291451_056,5,16,Seamark,621,626,250,266
201806291451_057,9,18,Seamark,654,663,250,268
201806291451_058,6,16,Seamark,687,693,256,272
201806291451_059,5,21,Seamark,691,696,253,274
201806291451_060,16,55,Seamark,638,654,243,298
201806291451_061,15,50,Seamark,681,696,248,298
201806291451_062,38,139,Seamark,927,965,250,389
201806291451_059,3,12,Seamark,682,685,253,265
201806291451_060,8,20,Seamark,622,630,248,268
201806291451_061,7,18,Seamark,641,648,251,269
201806291451_062,6,22,Seamark,725,731,254,276
201806291451_063,20,42,Seamark,797,817,246,288
201806291451_064,11,22,Seamark,714,725,255,277
201806291451_065,6,19,Seamark,655,661,260,279
201806291451_066,7,21,Seamark,755,762,261,282
201806291451_067,14,37,Seamark,779,793,267,304
201806291451_068,27,55,Seamark,881,908,278,333
201806291451_064,16,44,Seamark,751,767,255,299
201806291451_065,22,65,Seamark,757,779,254,319
201806291451_054,4,20,Seamark,348,352,259,279
201806291451_055,4,22,Seamark,284,288,265,287
201806291451_056,4,24,Seamark,198,202,263,287
201806291451_057,9,32,Seamark,143,152,268,300
201806291451_052,6,13,Seamark,532,538,255,268
201806291451_053,4,15,Seamark,421,425,258,273
201806291451_055,8,19,Seamark,284,292,263,282
201806291451_056,7,23,Seamark,199,206,264,287
201806291451_051,4,17,Seamark,980,984,249,266
201806291451_052,3,18,Seamark,906,909,249,267
201806291451_053,3,20,Seamark,853,856,249,269
201806291451_054,6,15,Seamark,837,843,253,268
201806291451_055,7,16,Seamark,850,857,257,273
201806291451_056,8,18,Seamark,873,881,254,272
201806291451_057,10,30,Seamark,958,968,253,283
201806291451_052,6,11,Seamark,905,911,254,265
201806291451_053,5,14,Seamark,854,859,254,268
201806291451_056,15,31,Seamark,870,885,247,278
201806291451_057,19,38,Seamark,955,974,248,286
201806291451_058,17,45,Seamark,1165,1182,261,306
201806291451_055,5,9,Seamark,343,348,262,271
201806291451_056,6,10,Seamark,297,303,260,270
201806291451_057,13,20,Seamark,302,315,256,276
201806291451_058,10,14,Seamark,273,283,265,279
201806291451_054,4,12,Seamark,657,661,253,265
201806291451_055,9,17,Seamark,635,644,250,267
201806291451_056,13,19,Seamark,614,627,247,266
201806291451_058,6,20,Seamark,686,692,250,270
201806291451_060,8,33,Seamark,643,651,250,283
201806291451_063,12,34,Seamark,804,816,253,287
201806291451_064,12,33,Seamark,712,724,256,289
201806291451_065,11,30,Seamark,653,664,259,289
201806291451_066,10,27,Seamark,754,764,264,291
201806291451_000,53,121,Sailboat,360,413,163,284
201806291451_002,14,13,Boat,794,808,259,272
201806291451_005,167,105,Miscboat,1110,1277,230,335
201806291451_008,64,57,Miscboat,954,1018,245,302
201806291451_011,11,7,Boat,602,613,258,265
201806291451_020,53,21,Miscboat,170,223,249,270
201806291451_020,50,22,Miscboat,288,338,253,275
201806291451_020,35,17,Militaryship,538,573,249,266
201806291451_026,22,10,Boat,580,602,249,259
201806291451_026,8,12,Boat,566,574,247,259
201806291451_029,11,13,Boat,538,549,252,265
201806291451_035,32,23,Boat,145,177,260,283
201806291451_035,38,23,Miscboat,183,221,258,281
201806291451_044,87,58,Passengership,1190,1277,234,292
201806291451_012,82,207,Cruiseship,1198,1280,122,329
201806291451_009,158,96,Militaryship,1111,1269,249,345
201806291451_007,114,253,Miscboat,1166,1280,167,420
201806291451_021,66,24,Miscboat,60,126,255,279
201806291451_021,52,23,Miscboat,189,241,261,284
201806291451_030,21,20,Miscboat,343,364,254,274
201806291451_048,5,19,Seamark,1244,1249,249,268
201806291451_048,5,14,Seamark,1223,1228,251,265
201806291451_051,7,12,Seamark,889,896,247,259
201806291451_051,5,14,Seamark,881,886,247,261
201806291451_069,23,60,Sailboat,294,317,219,279
201806291451_002,114,235,Sailboat,186,300,71,306
201806291451_017,64,64,Sailboat,168,232,218,282
201806291451_037,44,101,Sailboat,79,123,197,298
201806291451_041,149,270,Sailboat,296,445,60,330
201806291451_031,38,39,Passengership,367,405,246,285
201806291451_016,20,22,Seamark,284,304,259,281
201806291451_027,6,23,Seamark,74,80,280,303
201806291451_027,5,9,Seamark,106,111,268,277
201806291451_030,4,12,Seamark,276,280,264,276
201806291451_033,9,15,Seamark,109,118,276,291
201806291451_045,9,30,Seamark,179,188,267,297
201806291451_049,5,9,Seamark,1193,1198,258,267
201806291521_001,17,68,Sailboat,581,598,196,264
201806291521_003,10,62,Sailboat,662,672,202,264
201806291521_004,11,48,Sailboat,618,629,217,265
201806291521_005,16,56,Sailboat,633,649,208,264
201806291521_006,17,61,Sailboat,706,723,205,266
201806291521_007,18,66,Sailboat,793,811,199,265
201806291521_008,12,42,Sailboat,714,726,222,264
201806291521_024,71,79,Sailboat,1194,1265,205,284
201806291521_025,47,68,Sailboat,900,947,212,280
201806291521_027,12,19,Seamark,576,588,255,274
201806291521_028,15,23,Seamark,388,403,260,283
201806291521_029,15,33,Seamark,324,339,263,296
201806291521_030,10,31,Seamark,205,215,273,304
201806291521_027,6,21,Seamark,920,926,254,275
201806291521_028,8,26,Seamark,825,833,254,280
201806291521_029,23,49,Seamark,883,906,246,295
201806291521_030,18,60,Seamark,1011,1029,249,309
201806291521_031,8,39,Seamark,1110,1118,243,282
201806291521_032,8,36,Seamark,1009,1017,245,281
201806291521_033,7,33,Seamark,972,979,251,284
201806291521_034,12,39,Seamark,966,978,252,291
201806291521_035,49,114,Seamark,1061,1110,233,347
201806291521_036,7,18,Seamark,704,711,254,272
201806291521_037,6,16,Seamark,694,700,255,271
201806291521_038,11,29,Seamark,701,712,251,280
201806291521_039,6,18,Seamark,678,684,258,276
201806291521_040,7,24,Seamark,771,778,256,280
201806291521_041,16,42,Seamark,763,779,243,285
201806291521_042,9,36,Seamark,762,771,255,291
201806291521_043,14,46,Seamark,784,798,255,301
201806291521_044,42,102,Seamark,842,884,236,338
201806291521_045,52,146,Seamark,1015,1067,248,394
201806291521_029,11,24,Seamark,784,795,248,272
201806291521_030,5,11,Seamark,779,784,258,269
201806291521_031,6,17,Seamark,689,695,257,274
201806291521_032,14,30,Seamark,468,482,254,284
201806291521_033,7,26,Seamark,258,265,267,293
201806291521_038,8,23,Seamark,176,184,274,297
201806291521_039,8,24,Seamark,67,75,271,295
201806291521_040,6,20,Seamark,82,88,276,296
201806291521_041,8,19,Seamark,886,894,247,266
201806291521_042,11,23,Seamark,864,875,243,266
201806291521_043,10,21,Seamark,875,885,247,268
201806291521_044,10,20,Seamark,913,923,247,267
201806291521_045,7,20,Seamark,931,938,247,267
201806291521_046,6,18,Seamark,899,905,250,268
201806291521_047,14,26,Seamark,770,784,252,278
201806291521_048,6,20,Seamark,778,784,252,272
201806291521_049,5,23,Seamark,748,753,251,274
201806291521_050,15,41,Seamark,822,837,246,287
201806291521_051,14,46,Seamark,976,990,248,294
201806291521_052,22,67,Seamark,1118,1140,251,318
201806291521_047,7,16,Seamark,905,912,251,267
201806291521_048,9,21,Seamark,911,920,244,265
201806291521_049,8,19,Seamark,880,888,246,265
201806291521_050,7,17,Seamark,960,967,249,266
201806291521_051,12,29,Seamark,1086,1098,246,275
201806291521_052,11,26,Seamark,1095,1106,250,276
201806291521_053,10,24,Seamark,981,991,251,275
201806291521_054,18,55,Seamark,850,868,224,279
201806291521_055,17,52,Seamark,804,821,231,283
201806291521_056,20,60,Seamark,913,933,261,321
201806291521_057,14,24,Seamark,928,942,260,284
201806291521_058,31,80,Seamark,732,763,256,336
201806291521_059,40,103,Seamark,1041,1081,278,381
201806291521_056,21,46,Seamark,855,876,245,291
201806291521_057,16,61,Seamark,744,760,249,310
201806291521_058,66,205,Seamark,243,309,255,460
201806291521_034,15,25,Cruiseship,928,943,230,255
201806291521_035,19,36,Cruiseship,815,834,224,260
201806291521_036,21,40,Cruiseship,637,658,227,267
201806291521_037,19,27,Cruiseship,620,639,233,260
201806291521_038,24,40,Cruiseship,625,649,228,268
201806291521_039,25,43,Cruiseship,584,609,219,262
201806291521_040,20,34,Cruiseship,673,693,228,262
201806291521_041,26,41,Cruiseship,652,678,222,263
201806291521_042,30,47,Cruiseship,612,642,216,263
201806291521_043,26,33,Cruiseship,607,633,227,260
201806291521_044,28,46,Cruiseship,625,653,219,265
201806291521_045,34,57,Cruiseship,613,647,216,273
201806291521_046,26,39,Cruiseship,551,577,224,263
201806291521_047,34,55,Cruiseship,391,425,221,276
201806291521_048,37,61,Cruiseship,366,403,217,278
201806291521_049,29,48,Cruiseship,309,338,219,267
201806291521_050,36,57,Cruiseship,346,382,216,273
201806291521_051,42,66,Cruiseship,425,467,210,276
201806291521_052,34,60,Cruiseship,360,394,213,273
201806291521_053,44,76,Cruiseship,148,192,212,288
201806291521_055,131,89,Militaryship,1099,1230,181,270
201806291521_056,89,64,Militaryship,1184,1273,202,266
201806291521_057,136,69,Militaryship,1107,1243,204,273
201806291521_058,253,110,Militaryship,949,1202,168,278
201806291521_056,36,20,Passengership,904,940,245,265
201806291521_057,51,29,Passengership,601,652,248,277
201806291521_058,110,163,Passengership,2,112,224,387
201806291521_059,201,161,Passengership,561,762,180,341
201806291521_060,65,72,Passengership,548,613,224,296
201806291521_061,58,50,Passengership,456,514,235,285
201806291521_062,73,66,Passengership,392,465,227,293
201806291521_063,91,38,Passengership,346,437,241,279
201806291521_064,91,33,Passengership,128,219,260,293
201806291521_065,81,55,Passengership,84,165,246,301
201806291521_066,50,26,Passengership,23,73,270,296
201806291521_065,30,15,Motorboat,991,1021,247,262
201806291521_066,33,16,Motorboat,1071,1104,254,270
201806291521_067,28,12,Motorboat,1175,1203,250,262
201806291521_065,27,18,Motorboat,956,983,246,264
201806291521_066,30,20,Motorboat,1032,1062,252,272
201806291521_067,27,15,Motorboat,1140,1167,248,263
201806291521_065,42,68,Sailboat,817,859,199,267
201806291521_066,49,81,Sailboat,879,928,196,277
201806291521_067,61,82,Sailboat,960,1021,183,265
201806291521_068,57,106,Sailboat,1224,1281,173,279
201806291521_065,23,15,Motorboat,771,794,252,267
201806291521_066,25,16,Motorboat,833,858,258,274
201806291521_067,29,13,Motorboat,915,944,253,266
201806291521_068,34,21,Motorboat,1162,1196,258,279
201806291521_065,19,23,Seamark,651,670,254,277
201806291521_066,20,24,Seamark,696,716,259,283
201806291521_067,25,30,Seamark,760,785,248,278
201806291521_068,34,53,Seamark,1009,1043,249,302
201806291521_069,51,55,Militaryship,4,55,246,301
201806291521_070,43,41,Militaryship,206,249,243,284
201806291521_071,86,88,Militaryship,357,443,194,282
201806291521_072,75,85,Militaryship,334,409,206,291
201806291521_070,103,61,Militaryship,100,203,233,294
201806291521_071,151,165,Militaryship,201,352,142,307
201806291521_072,174,114,Militaryship,113,287,199,313
201806291521_070,35,53,Cruiseship,246,281,221,274
201806291521_071,60,97,Cruiseship,439,499,174,271
201806291521_072,63,65,Cruiseship,450,513,208,273
201806291521_068,52,34,Passengership,46,98,268,302
201806291521_069,27,24,Passengership,122,149,262,286
201806291521_070,22,26,Passengership,336,358,246,272
201806291521_071,27,32,Passengership,551,578,233,265
201806291521_063,81,84,Motorboat,507,588,246,330
201806291521_064,56,56,Motorboat,407,463,252,308
201806291521_065,49,49,Motorboat,321,370,252,301
201806291521_066,33,29,Motorboat,222,255,274,303
201806291521_067,39,28,Motorboat,133,172,271,299
201806291521_068,40,45,Motorboat,160,200,270,315
201806291521_069,20,22,Motorboat,196,216,271,293
201806291521_070,21,25,Motorboat,379,400,252,277
201806291521_071,24,25,Motorboat,581,605,246,271
201806291521_061,88,24,Miscboat,962,1050,251,275
201806291521_064,38,67,Sailboat,1171,1209,202,269
201806291521_071,59,107,Sailboat,487,546,158,265
201806291521_049,88,37,Militaryship,1060,1148,221,258
201806291521_058,147,203,Militaryship,1129,1276,96,299
201806291521_026,13,29,Seamark,707,720,254,283
201806291521_035,7,15,Seamark,966,973,246,261
201806291521_044,13,26,Seamark,290,303,257,283
201806291521_056,17,40,Seamark,1201,1218,259,299
201806291521_059,12,19,Seamark,893,905,251,270
201806291521_062,33,74,Seamark,1016,1049,252,326
201806291521_062,12,19,Seamark,471,483,256,275
201806291551_000,120,101,Cruiseship,362,482,173,274
201806291551_001,183,137,Cruiseship,167,350,162,299
201806291551_002,329,302,Cruiseship,15,344,33,335
201806291551_003,155,222,Cruiseship,2,157,119,341
201806291551_001,70,54,Militaryship,345,415,229,283
201806291551_002,114,85,Militaryship,319,433,210,295
201806291551_003,96,72,Militaryship,163,259,234,306
201806291551_003,98,62,Militaryship,266,364,234,296
201806291551_004,176,135,Militaryship,187,363,179,314
201806291551_004,56,26,Miscboat,409,465,262,288
201806291551_005,76,55,Miscboat,207,283,251,306
201806291551_006,128,44,Miscboat,49,177,274,318
201806291551_004,28,12,Passengership,562,590,265,277
201806291551_005,46,18,Passengership,417,463,266,284
201806291551_006,43,17,Passengership,408,451,268,285
201806291551_007,71,20,Passengership,270,341,277,297
201806291551_008,115,32,Passengership,165,280,280,312
201806291551_009,70,80,Passengership,3,73,272,352
201806291551_001,13,12,Miscboat,492,505,256,268
201806291551_002,17,11,Miscboat,541,558,256,267
201806291551_003,24,15,Miscboat,507,531,255,270
201806291551_004,23,15,Miscboat,582,605,261,276
201806291551_005,30,16,Miscboat,452,482,261,277
201806291551_006,34,16,Miscboat,450,484,264,280
201806291551_007,47,24,Miscboat,347,394,267,291
201806291551_008,62,32,Miscboat,311,373,266,298
201806291551_009,87,62,Miscboat,173,260,252,314
201806291551_000,53,118,Sailboat,537,590,141,259
201806291551_001,84,135,Sailboat,409,493,134,269
201806291551_002,113,176,Sailboat,433,546,98,274
201806291551_003,100,195,Sailboat,400,500,76,271
201806291551_004,145,244,Sailboat,427,572,33,277
201806291551_005,214,292,Sailboat,231,445,1,293
201806291551_006,294,313,Sailboat,114,408,1,314
201806291551_007,280,320,Sailboat,7,287,11,331
201806291551_002,23,37,Sailboat,640,663,229,266
201806291551_003,28,47,Sailboat,626,654,222,269
201806291551_004,32,55,Sailboat,715,747,219,274
201806291551_005,28,49,Sailboat,609,637,223,272
201806291551_006,31,55,Sailboat,640,671,217,272
201806291551_007,31,74,Sailboat,592,623,198,272
201806291551_008,42,92,Sailboat,641,683,181,273
201806291551_009,59,103,Sailboat,642,701,169,272
201806291551_010,50,127,Sailboat,631,681,153,280
201806291551_011,75,183,Sailboat,714,789,111,294
201806291551_012,102,221,Sailboat,722,824,76,297
201806291551_013,179,317,Sailboat,813,992,13,330
201806291551_014,174,217,Miscboat,1041,1215,168,385
201806291551_013,25,35,Motorboat,603,628,235,270
201806291551_014,21,16,Motorboat,661,682,255,271
201806291551_015,25,21,Motorboat,659,684,255,276
201806291551_016,27,34,Motorboat,721,748,248,282
201806291551_017,36,35,Motorboat,803,839,258,293
201806291551_018,44,43,Motorboat,706,750,273,316
201806291551_019,142,122,Motorboat,1045,1187,309,431
201806291551_001,15,15,Motorboat,571,586,255,270
201806291551_002,18,16,Motorboat,612,630,254,270
201806291551_003,19,14,Motorboat,578,597,255,269
201806291551_004,14,12,Motorboat,652,666,258,270
201806291551_005,15,13,Motorboat,525,540,259,272
201806291551_006,16,14,Motorboat,548,564,255,269
201806291551_007,13,11,Motorboat,489,502,258,269
201806291551_008,18,17,Motorboat,526,544,252,269
201806291551_009,19,18,Motorboat,521,540,253,271
201806291551_010,13,13,Motorboat,485,498,259,272
201806291551_011,22,15,Motorboat,572,594,255,270
201806291551_012,24,15,Motorboat,552,576,259,274
201806291551_013,15,14,Motorboat,570,585,257,271
201806291551_014,18,19,Motorboat,598,616,254,273
201806291551_015,23,16,Motorboat,581,604,258,274
201806291551_016,48,21,Motorboat,641,689,252,273
201806291551_017,60,23,Ferry,677,737,249,272
201806291551_018,61,17,Ferry,443,504,260,277
201806291551_019,158,34,Ferry,403,561,250,284
201806291551_020,107,24,Ferry,337,444,260,284
201806291551_021,63,91,Motorboat,268,331,207,298
201806291551_022,81,116,Motorboat,6,87,203,319
201806291551_007,26,36,Sailboat,398,424,237,273
201806291551_010,25,40,Sailboat,384,409,234,274
201806291551_011,27,43,Sailboat,443,470,229,272
201806291551_012,27,42,Sailboat,404,431,230,272
201806291551_013,48,59,Sailboat,396,444,217,276
201806291551_014,69,85,Sailboat,393,462,200,285
201806291551_015,80,99,Sailboat,334,414,190,289
201806291551_016,53,117,Sailboat,304,357,174,291
201806291551_010,18,39,Sailboat,410,428,234,273
201806291551_011,22,39,Sailboat,484,506,229,268
201806291551_012,23,40,Sailboat,458,481,230,270
201806291551_013,23,19,Passengership,480,503,246,265
201806291551_014,24,24,Passengership,509,533,244,268
201806291551_015,22,22,Passengership,499,521,247,269
201806291551_016,20,20,Passengership,535,555,247,267
201806291551_016,61,116,Sailboat,392,453,169,285
201806291551_017,74,202,Sailboat,411,485,119,321
201806291551_018,76,207,Sailboat,134,210,121,328
201806291551_019,78,213,Sailboat,101,179,106,319
201806291551_016,86,127,Sailboat,204,290,176,303
201806291551_017,132,169,Sailboat,159,291,147,316
201806291551_018,153,221,Sailboat,34,187,100,321
201806291551_017,109,156,Sailboat,367,476,137,293
201806291551_019,70,210,Sailboat,180,250,104,314
201806291551_015,53,16,Boat,232,285,280,296
201806291551_016,83,27,Boat,83,166,288,315
201806291551_016,61,33,Motorboat,159,220,273,306
201806291551_017,80,53,Motorboat,1,81,285,338
201806291551_001,23,18,Passengership,544,567,248,266
201806291551_002,20,13,Passengership,588,608,252,265
201806291551_003,22,14,Passengership,555,577,250,264
201806291551_004,19,13,Passengership,627,646,252,265
201806291551_005,21,14,Passengership,502,523,254,268
201806291551_006,23,15,Passengership,523,546,250,265
201806291551_007,12,12,Passengership,473,485,254,266
201806291551_008,13,13,Passengership,509,522,247,260
201806291551_009,14,14,Passengership,504,518,249,263
201806291551_010,11,13,Passengership,466,477,254,267
201806291551_011,37,12,Ferry,512,549,255,267
201806291551_012,40,12,Ferry,509,549,255,267
201806291551_013,9,10,Passengership,534,543,253,263
201806291551_014,10,11,Passengership,568,578,250,261
201806291551_015,11,12,Passengership,559,570,249,261
201806291551_016,13,10,Passengership,592,605,253,263
201806291551_010,17,26,Miscboat,560,577,243,269
201806291551_011,19,29,Miscboat,640,659,240,269
201806291551_012,20,31,Miscboat,622,642,240,271
201806291551_013,25,27,Miscboat,644,669,247,274
201806291551_014,36,61,Miscboat,689,725,221,282
201806291551_015,43,63,Miscboat,695,738,219,282
201806291551_016,72,69,Miscboat,768,840,231,300
201806291551_017,147,236,Miscboat,916,1063,97,333
201806291551_018,31,192,Sailboat,669,700,109,301
201806291551_019,105,224,Sailboat,748,853,82,306
201806291551_020,88,112,Passengership,822,910,175,287
201806291551_021,123,81,Passengership,815,938,215,296
201806291551_022,85,69,Passengership,704,789,222,291
201806291551_023,168,223,Passengership,788,956,116,339
201806291551_019,34,44,Passengership,757,791,238,282
201806291551_020,54,47,Passengership,781,835,234,281
201806291551_021,53,45,Passengership,752,805,236,281
201806291551_023,141,99,Passengership,762,903,230,329
201806291551_024,191,135,Passengership,942,1133,234,369
201806291551_019,19,23,Passengership,737,756,248,271
201806291551_021,21,33,Miscboat,736,757,245,278
201806291551_022,23,35,Miscboat,680,703,248,283
201806291551_023,83,59,Miscboat,722,805,237,296
201806291551_024,104,74,Miscboat,831,935,242,316
201806291551_025,132,222,Miscboat,1146,1278,260,482
201806291551_022,24,22,Motorboat,637,661,249,271
201806291551_023,30,24,Motorboat,678,708,248,272
201806291551_024,37,35,Motorboat,716,753,243,278
201806291551_025,66,53,Motorboat,714,780,243,296
201806291551_026,85,70,Motorboat,671,756,233,303
201806291551_027,122,98,Motorboat,717,839,235,333
201806291551_022,23,35,Miscboat,659,682,237,272
201806291551_023,35,42,Miscboat,701,736,235,277
201806291551_024,59,70,Miscboat,755,814,224,294
201806291551_025,121,109,Miscboat,794,915,217,326
201806291551_020,13,15,Boat,623,636,261,276
201806291551_021,21,12,Boat,533,554,267,279
201806291551_022,42,31,Boat,290,332,288,319
201806291551_019,101,331,Sailboat,869,970,19,350
201806291551_020,242,376,Sailboat,923,1165,1,377
201806291551_022,390,332,Passengership,851,1241,31,363
201806291551_022,60,50,Passengership,274,334,237,287
201806291551_023,111,92,Passengership,191,302,209,301
201806291551_024,163,103,Passengership,26,189,217,320
201806291551_025,125,191,Miscboat,921,1046,156,347
201806291551_026,130,219,Miscboat,811,941,137,356
201806291551_026,105,109,Miscboat,714,819,212,321
201806291551_027,192,101,Miscboat,830,1022,274,375
201806291551_022,27,19,Passengership,399,426,254,273
201806291551_023,30,21,Passengership,400,430,251,272
201806291551_024,41,29,Passengership,381,422,253,282
201806291551_025,65,36,Passengership,271,336,249,285
201806291551_026,94,71,Passengership,87,181,236,307
201806291551_027,76,59,Passengership,1,77,258,317
201806291551_022,21,21,Passengership,427,448,250,271
201806291551_023,22,22,Passengership,438,460,246,268
201806291551_024,24,24,Passengership,431,455,243,267
201806291551_025,60,38,Passengership,348,408,246,284
201806291551_026,79,60,Passengership,205,284,236,296
201806291551_027,99,54,Passengership,140,239,244,298
201806291551_028,161,93,Passengership,17,178,214,307
201806291551_025,17,11,Miscboat,425,442,264,275
201806291551_026,19,12,Miscboat,314,333,267,279
201806291551_027,28,23,Miscboat,288,316,260,283
201806291551_028,41,28,Miscboat,257,298,262,290
201806291551_029,55,32,Miscboat,50,105,274,306
201806291551_030,87,36,Miscboat,2,89,280,316
201806291551_028,41,18,Miscboat,424,465,257,275
201806291551_029,50,40,Miscboat,275,325,249,289
201806291551_030,64,23,Miscboat,364,428,257,280
201806291551_031,82,35,Miscboat,139,221,262,297
201806291551_028,26,20,Miscboat,465,491,254,274
201806291551_029,31,23,Miscboat,333,364,258,281
201806291551_030,39,18,Miscboat,439,478,258,276
201806291551_031,50,26,Miscboat,239,289,263,289
201806291551_032,88,45,Miscboat,7,95,269,314
201806291551_033,65,26,Motorboat,889,954,273,299
201806291551_034,76,29,Motorboat,935,1011,270,299
201806291551_036,25,29,Passengership,285,310,262,291
201806291551_037,33,33,Passengership,28,61,259,292
201806291551_038,33,33,Passengership,153,186,255,288
201806291551_039,32,32,Passengership,334,366,250,282
201806291551_040,46,35,Passengership,291,337,249,284
201806291551_041,86,56,Passengership,281,367,240,296
201806291551_042,122,70,Passengership,130,252,245,315
201806291551_035,168,99,Passengership,1039,1207,202,301
201806291551_036,217,79,Passengership,951,1168,219,298
201806291551_037,377,162,Passengership,892,1269,151,313
201806291551_035,105,96,Motorboat,349,454,251,347
201806291551_036,153,124,Motorboat,1,154,298,422
201806291551_039,79,47,Miscboat,163,242,255,302
201806291551_040,85,63,Miscboat,7,92,266,329
201806291551_036,52,45,Passengership,533,585,225,270
201806291551_037,61,51,Passengership,308,369,230,281
201806291551_038,75,72,Passengership,466,541,212,284
201806291551_039,79,77,Passengership,705,784,205,282
201806291551_040,142,130,Passengership,765,907,169,299
201806291551_040,33,40,Miscboat,725,758,243,283
201806291551_041,105,77,Miscboat,891,996,219,296
201806291551_042,168,103,Miscboat,1054,1222,238,341
201806291551_036,40,18,Passengership,592,632,254,272
201806291551_037,48,38,Passengership,371,419,242,280
201806291551_038,57,59,Passengership,537,594,229,288
201806291551_039,78,60,Passengership,789,867,229,289
201806291551_040,165,162,Passengership,919,1084,158,320
201806291551_041,264,305,Passengership,1017,1281,57,362
201806291551_040,39,45,Passengership,251,290,250,295
201806291551_041,109,68,Passengership,173,282,242,310
201806291551_039,49,19,Miscboat,268,317,268,287
201806291551_040,62,27,Miscboat,183,245,271,298
201806291551_041,133,89,Miscboat,31,164,242,331
201806291551_042,98,78,Passengership,2,100,250,328
201806291551_040,30,63,Sailboat,691,721,210,273
201806291551_041,57,76,Sailboat,827,884,205,281
201806291551_042,86,125,Sailboat,893,979,169,294
201806291551_043,134,180,Sailboat,930,1064,136,316
201806291551_038,57,23,Ferry,215,272,260,283
201806291551_039,55,20,Ferry,373,428,256,276
201806291551_040,66,24,Ferry,347,413,257,281
201806291551_041,117,44,Ferry,359,476,247,291
201806291551_042,131,42,Ferry,274,405,253,295
201806291551_043,146,46,Ferry,111,257,263,309
201806291551_044,240,89,Ferry,1,241,252,341
201806291551_037,43,15,Ferry,110,153,268,283
201806291551_038,41,14,Ferry,213,254,265,279
201806291551_039,44,14,Ferry,369,413,259,273
201806291551_041,91,24,Ferry,372,463,256,280
201806291551_042,101,26,Ferry,298,399,258,284
201806291551_045,229,63,Motorboat,907,1136,268,331
201806291551_046,141,70,Motorboat,1139,1280,278,348
201806291551_043,31,20,Motorboat,375,406,262,282
201806291551_044,49,33,Motorboat,437,486,252,285
201806291551_045,44,36,Motorboat,312,356,265,301
201806291551_046,114,62,Motorboat,132,246,268,330
201806291551_045,60,136,Sailboat,364,424,154,290
201806291551_046,45,28,Motorboat,377,422,270,298
201806291551_047,93,56,Boat,33,126,298,354
201806291551_040,53,68,Sailboat,595,648,201,269
201806291551_041,84,131,Sailboat,704,788,153,284
201806291551_042,78,122,Sailboat,728,806,156,278
201806291551_043,93,155,Sailboat,685,778,129,284
201806291551_044,128,205,Sailboat,817,945,95,300
201806291551_045,53,195,Sailboat,864,917,116,311
201806291551_046,63,230,Sailboat,1006,1069,87,317
201806291551_046,54,178,Sailboat,941,995,124,302
201806291551_047,190,108,Motorboat,1091,1281,262,370
201806291551_046,11,13,Motorboat,630,641,253,266
201806291551_047,16,17,Motorboat,564,580,253,270
201806291551_046,129,212,Sailboat,253,382,104,316
201806291551_047,101,255,Sailboat,132,233,86,341
201806291551_046,32,15,Miscboat,529,561,262,277
201806291551_047,50,42,Miscboat,419,469,247,289
201806291551_044,59,102,Sailboat,465,524,185,287
201806291551_045,77,133,Sailboat,388,465,174,307
201806291551_046,27,129,Sailboat,419,446,162,291
201806291551_044,208,186,Passengership,119,327,130,316
201806291551_047,47,41,Boat,629,676,271,312
201806291551_037,7,8,Boat,179,186,273,281
201806291551_038,8,9,Boat,328,336,267,276
201806291551_039,19,11,Boat,516,535,261,272
201806291551_040,9,7,Boat,522,531,265,272
201806291551_041,10,8,Boat,609,619,262,270
201806291551_042,10,8,Boat,606,616,264,272
201806291551_043,9,7,Boat,551,560,266,273
201806291551_044,22,12,Boat,652,674,259,271
201806291551_045,21,16,Boat,616,637,260,276
201806291551_046,25,13,Boat,674,699,260,273
201806291551_047,16,14,Boat,632,648,264,278
201806291551_035,26,20,Boat,709,735,264,284
201806291551_036,28,21,Boat,519,547,264,285
201806291551_037,14,12,Boat,224,238,279,291
201806291551_038,22,23,Boat,330,352,268,291
201806291551_039,18,14,Boat,517,535,266,280
201806291551_040,15,12,Boat,512,527,272,284
201806291551_041,28,30,Boat,597,625,263,293
201806291551_042,36,23,Boat,610,646,272,295
201806291551_043,20,17,Boat,553,573,277,294
201806291551_044,28,36,Boat,648,676,260,296
201806291551_045,31,26,Boat,593,624,274,300
201806291551_046,24,21,Boat,672,696,279,300
201806291551_001,6,7,Boat,593,599,256,263
201806291551_001,20,13,Boat,431,451,270,283
201806291551_004,44,25,Militaryship,365,409,269,294
201806291551_009,62,98,Miscboat,104,166,226,324
201806291551_022,54,43,Passengership,155,209,259,302
201806291551_021,109,157,Motorboat,1171,1280,265,422
201806291551_028,303,370,Motorboat,977,1280,202,572
201806291551_027,58,47,Passengership,682,740,242,289
201806291551_031,81,91,Boat,925,1006,237,328
201806291551_039,68,48,Boat,16,84,280,328
201806291551_039,49,30,Miscboat,119,168,276,306
201806291551_040,48,37,Miscboat,104,152,275,312
201806291551_046,31,20,Motorboat,467,498,265,285
201806291551_047,44,20,Boat,185,229,315,335
201806291551_013,28,56,Sailboat,444,472,216,272
201806291551_016,46,104,Sailboat,347,393,186,290
201806291551_017,131,190,Sailboat,50,181,138,328
201806291551_019,97,188,Sailboat,1,98,149,337
201806291551_016,33,119,Sailboat,270,303,178,297
201806291551_047,25,58,Sailboat,572,597,210,268
201806291551_047,53,87,Sailboat,748,801,170,257
201806291551_046,44,187,Sailboat,896,940,100,287
201806291551_014,27,13,Ferry,623,650,253,266
201806291551_019,76,19,Ferry,453,529,262,281
201806291551_024,132,366,Passengership,1147,1279,128,494
201806291551_002,76,47,Motorboat,207,283,288,335
201806291551_018,77,39,Boat,716,793,291,330
201806291551_019,34,21,Boat,827,861,322,343
201806291551_020,123,70,Motorboat,936,1059,248,318
201806291551_026,394,473,Miscboat,886,1280,1,474
201806291551_047,66,44,Motorboat,268,334,270,314
201806291551_000,195,119,Militaryship,21,216,211,330
201806291551_004,175,134,Militaryship,6,181,195,329
201806291621_000,53,35,Boat,996,1049,293,328
201806291621_001,57,47,Boat,1221,1278,324,371
201806291621_001,50,147,Sailboat,424,474,138,285
201806291621_002,106,223,Sailboat,290,396,79,302
201806291621_006,67,59,Ferry,820,887,255,314
201806291621_007,222,88,Ferry,1042,1264,269,357
201806291621_001,22,15,Boat,531,553,273,288
201806291621_002,26,23,Boat,510,536,275,298
201806291621_003,26,24,Boat,482,508,279,303
201806291621_004,36,26,Boat,417,453,287,313
201806291621_005,54,41,Boat,263,317,295,336
201806291621_006,70,44,Boat,106,176,318,362
201806291621_002,85,161,Sailboat,762,847,98,259
201806291621_003,97,163,Sailboat,778,875,88,251
201806291621_004,128,218,Sailboat,793,921,48,266
201806291621_005,154,262,Sailboat,761,915,6,268
201806291621_006,172,249,Sailboat,764,936,1,250
201806291621_007,298,302,Sailboat,886,1184,1,303
201806291621_008,291,375,Sailboat,990,1281,1,376
201806291621_011,450,335,Cruiseship,795,1245,1,336
201806291621_012,473,399,Cruiseship,807,1280,1,400
201806291621_014,204,356,Miscboat,1076,1280,1,357
201806291621_005,48,68,Cruiseship,755,803,194,262
201806291621_006,59,63,Cruiseship,699,758,199,262
201806291621_007,47,123,Cruiseship,753,800,145,268
201806291621_008,124,111,Cruiseship,663,787,162,273
201806291621_009,116,120,Cruiseship,727,843,149,269
201806291621_010,241,191,Cruiseship,772,1013,94,285
201806291621_007,57,77,Militaryship,794,851,197,274
201806291621_008,131,119,Militaryship,737,868,168,287
201806291621_009,202,168,Militaryship,848,1050,132,300
201806291621_016,367,363,Militaryship,900,1267,1,364
201806291621_017,131,207,Militaryship,946,1077,128,335
201806291621_018,358,220,Cargoship,873,1231,174,394
201806291621_020,137,62,Militaryship,716,853,199,261
201806291621_021,143,71,Militaryship,585,728,192,263
201806291621_011,28,61,Militaryship,698,726,205,266
201806291621_012,32,54,Militaryship,633,665,214,268
201806291621_013,53,70,Militaryship,744,797,198,268
201806291621_014,105,144,Militaryship,812,917,143,287
201806291621_015,177,142,Militaryship,854,1031,160,302
201806291621_022,90,62,Militaryship,395,485,213,275
201806291621_023,146,93,Militaryship,196,342,188,281
201806291621_008,36,36,Militaryship,838,874,253,289
201806291621_009,143,83,Militaryship,1057,1200,240,323
201806291621_007,17,39,Sailboat,629,646,231,270
201806291621_008,28,92,Sailboat,516,544,190,282
201806291621_009,41,188,Sailboat,442,483,113,301
201806291621_017,27,66,Sailboat,858,885,202,268
201806291621_018,29,101,Sailboat,576,605,178,279
201806291621_020,6,12,Seamark,991,997,247,259
201806291621_021,6,8,Seamark,895,901,253,261
201806291621_022,6,8,Seamark,675,681,256,264
201806291621_023,9,17,Seamark,549,558,254,271
201806291621_024,8,16,Seamark,408,416,260,276
201806291621_025,7,15,Seamark,289,296,267,282
201806291621_026,12,25,Seamark,238,250,263,288
201806291621_027,12,23,Seamark,80,92,275,298
201806291621_028,6,15,Seamark,28,34,280,295
201806291621_020,6,11,Seamark,933,939,249,260
201806291621_021,6,14,Seamark,835,841,249,263
201806291621_022,6,14,Seamark,610,616,255,269
201806291621_023,5,13,Seamark,481,486,261,274
201806291621_024,6,14,Seamark,323,329,269,283
201806291621_025,4,18,Seamark,167,171,277,295
201806291621_026,9,25,Seamark,43,52,282,307
201806291621_022,5,14,Seamark,613,618,256,270
201806291621_023,5,11,Seamark,501,506,258,269
201806291621_023,5,11,Seamark,367,372,260,271
201806291621_024,6,12,Seamark,222,228,265,277
201806291621_025,5,6,Seamark,114,119,275,281
201806291621_026,6,12,Seamark,92,98,272,284
201806291621_026,4,12,Seamark,376,380,259,271
201806291621_027,4,13,Seamark,299,303,261,274
201806291621_028,4,6,Seamark,315,319,265,271
201806291621_029,6,15,Seamark,376,382,260,275
201806291621_030,7,16,Seamark,321,328,258,274
201806291621_031,4,8,Seamark,365,369,268,276
201806291621_032,9,17,Seamark,228,237,266,283
201806291621_033,9,16,Seamark,285,294,267,283
201806291621_034,8,15,Seamark,183,191,275,290
201806291621_035,13,26,Seamark,119,132,267,293
201806291621_037,87,37,Passengership,736,823,234,271
201806291621_038,106,46,Passengership,372,478,246,292
201806291621_039,164,68,Passengership,0,164,254,322
201806291621_036,58,70,Militaryship,823,881,214,284
201806291621_037,79,80,Militaryship,876,955,210,290
201806291621_038,141,176,Militaryship,967,1108,147,323
201806291621_039,106,147,Militaryship,1174,1280,196,343
201806291621_037,37,73,Sailboat,382,419,206,279
201806291621_038,55,81,Sailboat,319,374,201,282
201806291621_039,49,20,Boat,315,364,272,292
201806291621_040,48,30,Boat,240,288,271,301
201806291621_040,53,111,Sailboat,186,239,188,299
201806291621_041,73,150,Sailboat,48,121,173,323
201806291621_040,5,23,Seamark,965,970,271,294
201806291621_041,9,48,Seamark,998,1007,265,313
201806291621_042,22,104,Seamark,1200,1222,299,403
201806291621_042,11,39,Seamark,551,562,276,315
201806291621_043,16,75,Seamark,135,151,306,381
201806291621_038,19,18,Motorboat,624,643,256,274
201806291621_039,20,21,Motorboat,646,666,256,277
201806291621_040,29,22,Motorboat,636,665,256,278
201806291621_041,36,33,Motorboat,550,586,255,288
201806291621_042,54,42,Motorboat,162,216,265,307
201806291621_036,22,15,Motorboat,666,688,253,268
201806291621_037,15,16,Motorboat,656,671,255,271
201806291621_039,57,83,Sailboat,736,793,194,277
201806291621_040,83,126,Sailboat,744,827,159,285
201806291621_041,79,134,Sailboat,691,770,157,291
201806291621_042,145,214,Sailboat,354,499,96,310
201806291621_046,195,45,Boat,505,700,275,320
201806291621_047,145,73,Boat,1136,1281,277,350
201806291621_047,11,26,Seamark,287,298,264,290
201806291621_048,9,20,Seamark,174,183,274,294
201806291621_049,4,12,Seamark,878,882,253,265
201806291621_050,5,17,Seamark,648,653,253,270
201806291621_051,7,16,Seamark,459,466,258,274
201806291621_052,11,23,Seamark,118,129,271,294
201806291621_050,18,12,Motorboat,886,904,252,264
201806291621_051,20,12,Motorboat,608,628,258,270
201806291621_050,10,29,Seamark,1094,1104,245,274
201806291621_051,17,20,Seamark,1039,1056,256,276
201806291621_052,15,40,Seamark,948,963,249,289
201806291621_053,39,122,Seamark,1166,1205,232,354
201806291621_053,5,10,Seamark,827,832,253,263
201806291621_054,6,10,Seamark,683,689,251,261
201806291621_055,5,9,Seamark,598,603,255,264
201806291621_056,7,14,Seamark,602,609,251,265
201806291621_057,6,13,Seamark,663,669,252,265
201806291621_058,5,12,Seamark,644,649,255,267
201806291621_059,7,21,Seamark,625,632,249,270
201806291621_060,12,31,Seamark,584,596,246,277
201806291621_061,11,28,Seamark,674,685,254,282
201806291621_062,16,47,Seamark,780,796,248,295
201806291621_063,28,72,Seamark,937,965,252,324
201806291621_057,10,20,Seamark,251,261,263,283
201806291621_058,11,31,Seamark,66,77,273,304
201806291621_052,5,8,Seamark,991,996,251,259
201806291621_053,5,12,Seamark,905,910,252,264
201806291621_054,6,13,Seamark,776,782,251,264
201806291621_055,7,13,Seamark,707,714,254,267
201806291621_056,8,14,Seamark,726,734,253,267
201806291621_057,9,18,Seamark,833,842,256,274
201806291621_058,13,29,Seamark,895,908,253,282
201806291621_059,25,66,Seamark,1052,1077,240,306
201806291621_055,5,7,Seamark,611,616,255,262
201806291621_056,6,8,Seamark,618,624,253,261
201806291621_057,6,8,Seamark,678,684,253,261
201806291621_058,5,9,Seamark,660,665,254,263
201806291621_059,6,14,Seamark,644,650,249,263
201806291621_060,7,15,Seamark,614,621,247,262
201806291621_061,7,13,Seamark,713,720,254,267
201806291621_062,9,24,Seamark,802,811,246,270
201806291621_063,9,21,Seamark,863,872,250,271
201806291621_064,9,25,Seamark,899,908,251,276
201806291621_065,17,47,Seamark,782,799,253,300
201806291621_066,28,88,Seamark,817,845,242,330
201806291621_065,7,17,Seamark,733,740,263,280
201806291621_066,8,19,Seamark,667,675,271,290
201806291621_067,11,30,Seamark,742,753,270,300
201806291621_068,22,74,Seamark,882,904,281,355
201806291621_059,77,45,Motorboat,3,80,288,333
201806291621_060,64,31,Motorboat,0,64,292,323
201806291621_061,61,31,Motorboat,106,167,288,319
201806291621_062,56,32,Motorboat,305,361,278,310
201806291621_063,51,30,Motorboat,442,493,274,304
201806291621_064,45,31,Motorboat,534,579,272,303
201806291621_065,48,31,Motorboat,363,411,280,311
201806291621_066,43,28,Motorboat,219,262,283,311
201806291621_067,46,27,Motorboat,217,263,286,313
201806291621_068,46,34,Motorboat,180,226,278,312
201806291621_006,78,61,Miscboat,892,970,256,317
201806291621_048,113,74,Miscboat,1108,1221,223,297
201806291621_003,192,342,Sailboat,70,262,0,342
201806291621_019,71,219,Sailboat,149,220,102,321
201806291621_043,122,328,Sailboat,-2,120,34,362
201806291621_046,57,227,Sailboat,942,999,73,300
201806291621_046,46,201,Sailboat,881,927,100,301
201806291621_002,28,21,Miscboat,750,778,250,271
201806291621_037,24,11,Boat,428,452,267,278
201806291621_072,31,23,Boat,49,80,279,302
201806291621_010,279,329,Militaryship,1005,1284,33,362
201806291621_024,163,116,Militaryship,0,163,179,295
201806291621_008,79,50,Militaryship,934,1013,253,303
201806291621_009,79,121,Militaryship,1203,1282,246,367
201806291621_047,8,16,Seamark,143,151,270,286
201806291621_053,4,8,Seamark,840,844,252,260
201806291621_053,7,17,Seamark,612,619,251,268
201806291621_059,8,21,Seamark,213,221,261,282
201806291621_061,10,24,Seamark,37,47,275,299
201806291621_062,7,14,Seamark,826,833,249,263
201806291621_056,9,22,Seamark,285,294,260,282
201806291621_026,8,14,Seamark,202,210,269,283
201806291621_020,4,10,Seamark,864,868,247,257
201806291621_023,3,9,Seamark,594,597,254,263
201806291621_026,10,15,Seamark,49,59,280,295
201806291621_026,7,10,Seamark,120,127,269,279
201806291621_028,8,30,Seamark,1,9,277,307
201806291621_031,5,5,Seamark,65,70,278,283
201806291621_029,4,10,Seamark,101,105,272,282
201806291621_044,5,18,Seamark,1078,1083,264,282
201806291621_044,3,14,Seamark,836,839,263,277
201806291651_028,5,16,Seamark,583,588,257,273
201806291651_029,14,24,Seamark,463,477,262,286
201806291651_030,9,26,Seamark,361,370,264,290
201806291651_031,7,26,Seamark,226,233,273,299
201806291651_029,8,19,Seamark,1149,1157,254,273
201806291651_030,11,32,Seamark,1176,1187,242,274
201806291651_031,10,29,Seamark,1189,1199,245,274
201806291651_032,10,27,Seamark,1102,1112,247,274
201806291651_033,7,22,Seamark,903,910,252,274
201806291651_034,6,20,Seamark,844,850,255,275
201806291651_035,12,36,Seamark,822,834,249,285
201806291651_036,13,38,Seamark,805,818,253,291
201806291651_037,20,83,Seamark,934,954,252,335
201806291651_029,8,17,Seamark,869,877,253,270
201806291651_030,18,32,Seamark,848,866,244,276
201806291651_031,16,29,Seamark,819,835,245,274
201806291651_032,15,26,Seamark,683,698,251,277
201806291651_033,8,24,Seamark,405,413,257,281
201806291651_034,7,22,Seamark,265,272,265,287
201806291651_035,15,37,Seamark,142,157,267,304
201806291651_029,15,36,Seamark,906,921,251,287
201806291651_030,16,49,Seamark,973,989,247,296
201806291651_031,17,59,Seamark,1060,1077,253,312
201806291651_032,39,122,Seamark,1112,1151,243,365
201806291651_035,7,11,Seamark,936,943,252,263
201806291651_036,8,12,Seamark,893,901,255,267
201806291651_037,9,13,Seamark,916,925,254,267
201806291651_038,8,21,Seamark,806,814,249,270
201806291651_039,9,23,Seamark,726,735,246,269
201806291651_040,5,22,Seamark,766,771,251,273
201806291651_041,14,41,Seamark,787,801,246,287
201806291651_042,18,51,Seamark,879,897,254,305
201806291651_043,10,26,Seamark,983,993,246,272
201806291651_044,9,24,Seamark,803,812,251,275
201806291651_045,13,30,Seamark,773,786,248,278
201806291651_046,12,38,Seamark,673,685,256,294
201806291651_047,33,94,Seamark,903,936,238,332
201806291651_045,82,35,Militaryship,1089,1171,223,258
201806291651_046,91,42,Militaryship,1019,1110,222,264
201806291651_047,58,45,Militaryship,1222,1280,226,271
201806291651_048,26,19,Passengership,1062,1088,246,265
201806291651_049,24,17,Passengership,827,851,246,263
201806291651_050,52,23,Passengership,795,847,248,271
201806291651_051,105,39,Passengership,524,629,246,285
201806291651_052,57,18,Miscboat,111,168,279,297
201806291651_045,43,17,Passengership,922,965,245,262
201806291651_046,54,17,Passengership,699,753,251,268
201806291651_047,104,39,Passengership,697,801,234,273
201806291651_048,171,60,Passengership,0,171,255,315
201806291651_048,107,68,Militaryship,1135,1242,202,270
201806291651_049,123,89,Militaryship,1024,1147,179,268
201806291651_046,3,13,Seamark,820,823,256,269
201806291651_047,7,20,Seamark,1015,1022,248,268
201806291651_048,8,22,Seamark,886,894,251,273
201806291651_049,6,25,Seamark,724,730,248,273
201806291651_050,17,35,Seamark,807,824,252,287
201806291651_051,18,53,Seamark,927,945,250,303
201806291651_052,30,108,Seamark,892,922,244,352
201806291651_053,13,52,Seamark,772,785,266,318
201806291651_054,11,78,Seamark,877,888,287,365
201806291651_053,392,170,Militaryship,867,1259,133,303
201806291651_054,343,193,Militaryship,938,1281,108,301
201806291651_055,176,80,Militaryship,1100,1276,247,327
201806291651_053,13,21,Seamark,730,743,252,273
201806291651_054,10,25,Seamark,751,761,253,278
201806291651_055,9,23,Seamark,722,731,255,278
201806291651_056,8,21,Seamark,740,748,256,277
201806291651_057,7,28,Seamark,722,729,255,283
201806291651_058,10,35,Seamark,807,817,262,297
201806291651_059,25,83,Seamark,1170,1195,268,351
201806291651_056,18,43,Seamark,784,802,254,297
201806291651_057,13,127,Seamark,972,985,259,386
201806291651_054,50,15,Miscboat,838,888,254,269
201806291651_055,65,20,Miscboat,833,898,255,275
201806291651_056,90,44,Miscboat,894,984,235,279
201806291651_057,118,48,Miscboat,993,1111,242,290
201806291651_061,37,49,Militaryship,3,40,244,293
201806291651_062,62,61,Militaryship,100,162,234,295
201806291651_063,30,50,Cruiseship,166,196,231,281
201806291651_064,49,62,Cruiseship,369,418,211,273
201806291651_059,51,64,Sailboat,609,660,205,269
201806291651_060,60,75,Sailboat,879,939,196,271
201806291651_061,46,87,Sailboat,1144,1190,186,273
201806291651_059,14,23,Seamark,434,448,256,279
201806291651_060,15,25,Seamark,672,687,254,279
201806291651_061,16,28,Seamark,902,918,252,280
201806291651_062,19,48,Seamark,1245,1264,258,306
201806291651_063,68,56,Militaryship,87,155,242,298
201806291651_064,226,149,Passengership,131,357,191,340
201806291651_041,24,13,Boat,684,708,253,266
201806291651_055,166,55,Miscboat,934,1100,233,288
201806291651_058,40,25,Passengership,913,953,247,272
201806291651_047,111,38,Cruiseship,324,435,224,262
201806291651_054,43,30,Militaryship,892,935,247,277
201806291651_028,6,22,Seamark,920,926,253,275
201806291651_038,7,15,Seamark,378,385,260,275
201806291651_041,7,16,Seamark,391,398,257,273
201806291651_047,8,16,Seamark,974,982,253,269
201806291651_050,17,28,Seamark,1140,1157,260,288
201806291651_050,21,46,Seamark,786,807,266,312
201806291651_050,7,20,Seamark,1000,1007,256,276
201806291651_056,6,13,Seamark,788,794,252,265
201806291651_048,31,14,Motorboat,298,329,278,292
201806291651_059,27,15,Motorboat,759,786,249,264
201806291651_054,175,28,Cargoship,153,328,258,286
201806291651_062,13,13,Miscellaneous,999,1012,312,325
201806291721_000,123,91,Cruiseship,382,505,190,281
201806291721_001,147,179,Cruiseship,321,468,113,292
201806291721_002,277,188,Cruiseship,48,325,139,327
201806291721_003,184,329,Cruiseship,1,185,2,331
201806291721_003,75,82,Militaryship,299,374,205,287
201806291721_004,53,50,Militaryship,279,332,249,299
201806291721_005,67,64,Militaryship,208,275,253,317
201806291721_004,179,161,Militaryship,96,275,165,326
201806291721_005,196,224,Militaryship,1,197,110,334
201806291721_005,77,51,Miscboat,303,380,254,305
201806291721_006,128,49,Miscboat,80,208,273,322
201806291721_004,24,51,Sailboat,659,683,214,265
201806291721_005,27,68,Sailboat,710,737,201,269
201806291721_006,29,73,Sailboat,638,667,197,270
201806291721_007,28,71,Sailboat,661,689,197,268
201806291721_008,32,82,Sailboat,659,691,187,269
201806291721_009,37,97,Sailboat,748,785,173,270
201806291721_010,49,115,Sailboat,772,821,159,274
201806291721_011,70,159,Sailboat,780,850,131,290
201806291721_006,39,23,Militaryship,449,488,257,280
201806291721_007,48,25,Militaryship,429,477,260,285
201806291721_008,62,33,Militaryship,365,427,259,292
201806291721_009,71,30,Militaryship,360,431,275,305
201806291721_010,162,96,Militaryship,94,256,268,364
201806291721_005,36,18,Passengership,522,558,262,280
201806291721_006,44,32,Passengership,414,458,249,281
201806291721_007,57,41,Passengership,379,436,248,289
201806291721_008,98,38,Passengership,253,351,272,310
201806291721_009,172,72,Passengership,124,296,265,337
201806291721_003,83,188,Sailboat,404,487,83,271
201806291721_004,128,248,Sailboat,374,502,33,281
201806291721_005,227,279,Sailboat,307,534,3,282
201806291721_006,277,301,Sailboat,143,420,1,302
201806291721_007,360,327,Sailboat,20,380,1,328
201806291721_008,269,351,Sailboat,1,270,1,352
201806291721_009,166,351,Sailboat,2,168,2,353
201806291721_000,102,104,Passengership,415,517,206,310
201806291721_001,92,97,Passengership,485,577,208,305
201806291721_002,94,100,Passengership,426,520,213,313
201806291721_003,76,104,Passengership,495,571,190,294
201806291721_004,66,71,Passengership,561,627,220,291
201806291721_005,61,90,Passengership,635,696,199,289
201806291721_006,53,81,Passengership,565,618,203,284
201806291721_007,50,80,Passengership,577,627,207,287
201806291721_008,59,79,Passengership,556,615,208,287
201806291721_009,46,57,Passengership,620,666,222,279
201806291721_010,46,70,Passengership,609,655,211,281
201806291721_011,55,68,Passengership,569,624,215,283
201806291721_009,58,40,Ferry,1224,1282,286,326
201806291721_009,55,41,Miscboat,302,357,268,309
201806291721_008,109,46,Ferry,597,706,255,301
201806291721_011,35,51,Sailboat,477,512,220,271
201806291721_008,23,8,Ferry,481,504,256,264
201806291721_000,199,174,Militaryship,5,204,149,323
201806291721_000,101,67,Militaryship,206,307,233,300
201806291721_003,137,92,Militaryship,165,302,205,297
201806301003_000,23,16,Boat,228,251,273,289
201806301003_001,14,10,Boat,634,648,258,268
201806301003_000,20,29,Passengership,202,222,253,282
201806301003_001,20,20,Passengership,585,605,242,262
201806301003_003,108,74,Passengership,48,156,243,317
201806301003_004,75,57,Passengership,640,715,225,282
201806301003_002,156,198,Sailboat,1029,1185,119,317
201806301003_003,96,122,Sailboat,767,863,172,294
201806301003_004,64,83,Sailboat,1179,1243,200,283
201806301003_002,29,24,Motorboat,394,423,255,279
201806301003_003,28,23,Motorboat,300,328,257,280
201806301003_004,18,15,Motorboat,812,830,248,263
201806301003_001,319,101,Ferry,202,521,241,342
201806301003_002,199,58,Ferry,491,690,241,299
201806301003_003,137,38,Ferry,550,687,246,284
201806301003_004,96,30,Ferry,1086,1182,241,271
201806301003_001,185,224,Passengership,21,206,106,330
201806301003_002,129,141,Passengership,188,317,163,304
201806301003_003,83,100,Passengership,184,267,195,295
201806301003_004,65,39,Passengership,722,787,231,270
201806301003_000,84,122,Militaryship,38,122,203,325
201806301003_001,42,52,Militaryship,528,570,224,276
201806301003_002,39,48,Militaryship,537,576,224,272
201806301003_003,38,30,Militaryship,401,439,242,272
201806301003_000,175,324,Sailboat,454,629,2,326
201806301003_001,123,218,Sailboat,825,948,79,297
201806301003_002,91,129,Sailboat,744,835,155,284
201806301003_003,178,87,Miscboat,965,1143,245,332
201806301003_004,137,54,Miscboat,412,549,251,305
201806301003_004,133,126,Miscboat,186,319,218,344
201806301003_002,37,73,Sailboat,423,460,201,274
201806301003_002,41,106,Passengership,1,42,237,343
201806301003_004,91,62,Passengership,548,639,228,290
201806301012_002,190,102,Passengership,940,1130,202,304
201806301012_003,263,177,Passengership,1018,1281,159,336
201806301012_001,34,13,Ferry,1055,1089,254,267
201806301012_002,47,13,Ferry,450,497,259,272
201806301012_003,64,19,Ferry,253,317,257,276
201806301012_004,58,17,Ferry,332,390,258,275
201806301012_005,66,19,Ferry,282,348,257,276
201806301012_006,72,20,Ferry,292,364,263,283
201806301012_007,84,27,Ferry,353,437,251,278
201806301012_008,121,35,Ferry,353,474,249,284
201806301012_009,157,45,Ferry,129,286,258,303
201806301012_010,150,82,Ferry,1,151,258,340
201806301012_001,21,30,Motorboat,922,943,246,276
201806301012_002,29,29,Motorboat,312,341,260,289
201806301012_003,38,42,Motorboat,81,119,262,304
201806301012_004,63,65,Motorboat,63,126,249,314
201806301012_002,101,61,Passengership,772,873,226,287
201806301012_003,176,81,Passengership,699,875,223,304
201806301012_004,246,130,Passengership,881,1127,195,325
201806301012_001,113,93,Motorboat,745,858,242,335
201806301012_002,131,152,Motorboat,-2,129,251,403
201806301012_001,40,35,Passengership,1217,1257,243,278
201806301012_002,46,38,Passengership,661,707,241,279
201806301012_003,61,38,Passengership,544,605,244,282
201806301012_004,75,68,Passengership,674,749,222,290
201806301012_005,119,97,Passengership,757,876,207,304
201806301012_006,205,161,Passengership,902,1107,177,338
201806301012_006,86,63,Miscboat,4,90,255,318
201806301012_007,85,49,Miscboat,20,105,267,316
201806301012_001,48,30,Boat,1211,1259,298,328
201806301012_002,31,26,Boat,530,561,286,312
201806301012_003,38,32,Boat,276,314,287,319
201806301012_004,38,28,Boat,288,326,289,317
201806301012_005,44,25,Boat,162,206,295,320
201806301012_006,38,31,Boat,176,214,298,329
201806301012_007,58,32,Boat,150,208,301,333
201806301012_007,64,45,Passengership,229,293,243,288
201806301012_008,133,76,Passengership,93,226,239,315
201806301012_005,30,32,Passengership,211,241,250,282
201806301012_006,43,40,Passengership,229,272,250,290
201806301012_007,58,45,Passengership,295,353,241,286
201806301012_008,96,59,Passengership,246,342,238,297
201806301012_009,77,91,Passengership,1,78,233,324
201806301012_002,27,16,Miscboat,538,565,257,273
201806301012_003,31,27,Miscboat,403,434,251,278
201806301012_004,33,28,Miscboat,517,550,249,277
201806301012_005,34,29,Miscboat,545,579,248,277
201806301012_006,53,31,Miscboat,611,664,251,282
201806301012_007,56,121,Miscboat,783,839,165,286
201806301012_008,101,207,Miscboat,947,1048,106,313
201806301012_009,173,146,Miscboat,1108,1281,234,380
201806301012_007,18,14,Motorboat,446,464,256,270
201806301012_008,20,22,Motorboat,520,540,250,272
201806301012_009,23,25,Motorboat,386,409,254,279
201806301012_010,36,27,Motorboat,414,450,256,283
201806301012_011,59,36,Motorboat,343,402,260,296
201806301012_012,84,69,Motorboat,153,237,255,324
201806301012_006,31,68,Sailboat,512,543,207,275
201806301012_007,68,101,Sailboat,630,698,177,278
201806301012_008,66,98,Sailboat,745,811,177,275
201806301012_009,92,128,Sailboat,668,760,160,288
201806301012_010,120,202,Sailboat,808,928,99,301
201806301012_011,137,309,Sailboat,948,1085,15,324
201806301012_012,167,421,Sailboat,1114,1281,2,423
201806301012_014,186,331,Sailboat,1095,1281,11,342
201806301012_011,24,16,Motorboat,472,496,265,281
201806301012_012,26,18,Motorboat,357,383,272,290
201806301012_013,76,45,Motorboat,101,177,287,332
201806301012_008,29,65,Sailboat,540,569,204,269
201806301012_009,34,77,Sailboat,412,446,201,278
201806301012_010,41,101,Sailboat,456,497,177,278
201806301012_011,76,152,Sailboat,402,478,138,290
201806301012_012,109,215,Sailboat,240,349,87,302
201806301012_013,58,239,Sailboat,179,237,79,318
201806301012_010,16,81,Sailboat,502,518,193,274
201806301012_011,21,106,Sailboat,494,515,174,280
201806301012_010,17,14,Motorboat,519,536,258,272
201806301012_011,30,17,Motorboat,514,544,260,277
201806301012_012,33,19,Motorboat,418,451,264,283
201806301012_013,44,37,Motorboat,303,347,266,303
201806301012_014,47,67,Motorboat,1,48,284,351
201806301012_014,19,77,Sailboat,521,540,193,270
201806301012_015,41,112,Sailboat,430,471,166,278
201806301012_016,48,130,Sailboat,361,409,151,281
201806301012_017,91,203,Sailboat,214,305,95,298
201806301012_014,17,17,Miscboat,504,521,253,270
201806301012_015,19,19,Miscboat,427,446,252,271
201806301012_016,37,30,Miscboat,324,361,255,285
201806301012_017,71,75,Miscboat,139,210,233,308
201806301012_019,25,21,Miscboat,713,738,257,278
201806301012_020,38,30,Miscboat,764,802,256,286
201806301012_021,47,29,Miscboat,875,922,271,300
201806301012_022,88,75,Miscboat,1049,1137,261,336
201806301012_018,30,20,Motorboat,659,689,253,273
201806301012_019,32,20,Motorboat,678,710,259,279
201806301012_020,41,25,Motorboat,719,760,261,286
201806301012_021,50,39,Motorboat,811,861,260,299
201806301012_022,82,59,Motorboat,954,1036,276,335
201806301012_015,40,118,Sailboat,694,734,150,268
201806301012_016,46,137,Sailboat,691,737,137,274
201806301012_017,58,173,Sailboat,716,774,113,286
201806301012_018,81,177,Sailboat,699,780,76,253
201806301012_019,80,213,Sailboat,716,796,41,254
201806301012_020,77,253,Sailboat,762,839,1,254
201806301012_021,166,264,Sailboat,821,987,2,266
201806301012_022,170,269,Sailboat,939,1109,1,270
201806301012_023,324,381,Sailboat,958,1282,1,382
201806301012_024,163,154,Miscboat,1117,1280,200,354
201806301012_022,41,53,Militaryship,900,941,218,271
201806301012_023,89,93,Militaryship,781,870,188,281
201806301012_024,172,154,Militaryship,841,1013,148,302
201806301012_026,446,330,Passengership,774,1220,1,331
201806301012_027,399,383,Passengership,882,1281,6,389
201806301012_029,359,389,Militaryship,868,1227,1,390
201806301012_023,102,92,Cruiseship,710,812,175,267
201806301012_024,149,114,Cruiseship,730,879,163,277
201806301012_025,190,251,Cruiseship,762,952,37,288
201806301012_024,44,32,Militaryship,691,735,229,261
201806301012_025,59,43,Militaryship,687,746,222,265
201806301012_026,50,71,Militaryship,705,755,202,273
201806301012_027,56,102,Militaryship,765,821,185,287
201806301012_028,122,168,Militaryship,796,918,135,303
201806301012_027,40,57,Militaryship,731,771,220,277
201806301012_028,72,129,Militaryship,724,796,159,288
201806301012_032,104,158,Militaryship,881,985,153,311
201806301012_033,267,153,Cargoship,1013,1280,206,359
201806301012_034,91,45,Militaryship,864,955,220,265
201806301012_035,115,43,Militaryship,648,763,219,262
201806301012_029,85,132,Militaryship,641,726,151,283
201806301012_030,115,188,Militaryship,762,877,112,300
201806301012_036,140,48,Militaryship,466,606,225,273
201806301012_023,47,42,Militaryship,880,927,251,293
201806301012_024,88,90,Militaryship,1022,1110,231,321
201806301012_026,27,38,Sailboat,504,531,217,255
201806301012_027,31,43,Sailboat,510,541,214,257
201806301012_028,32,44,Sailboat,461,493,213,257
201806301012_029,37,53,Sailboat,394,431,204,257
201806301012_030,37,53,Sailboat,477,514,202,255
201806301012_031,44,62,Sailboat,453,497,195,257
201806301012_032,53,74,Sailboat,214,267,187,261
201806301012_035,4,11,Seamark,913,917,251,262
201806301012_036,8,19,Seamark,781,789,247,266
201806301012_037,7,17,Seamark,485,492,251,268
201806301012_038,5,18,Seamark,392,397,257,275
201806301012_039,11,25,Seamark,339,350,255,280
201806301012_040,9,24,Seamark,195,204,258,282
201806301012_037,6,9,Seamark,436,442,257,266
201806301012_038,6,11,Seamark,341,347,262,273
201806301012_039,21,22,Seamark,290,311,255,277
201806301012_040,5,12,Seamark,168,173,265,277
201806301012_041,7,15,Seamark,26,33,274,289
201806301012_034,44,23,Militaryship,697,741,242,265
201806301012_035,67,28,Militaryship,449,516,242,270
201806301012_036,70,50,Militaryship,214,284,237,287
201806301012_035,3,9,Seamark,856,859,254,263
201806301012_036,6,16,Seamark,723,729,252,268
201806301012_037,5,15,Seamark,411,416,259,274
201806301012_038,6,16,Seamark,291,297,267,283
201806301012_039,12,30,Seamark,196,208,265,295
201806301012_038,4,9,Seamark,214,218,264,273
201806301012_039,5,13,Seamark,173,178,261,274
201806301012_040,5,13,Seamark,67,72,265,278
201806301012_045,13,21,Seamark,179,192,258,279
201806301012_046,9,17,Seamark,122,131,263,280
201806301012_047,7,18,Seamark,88,95,263,281
201806301012_049,30,60,Sailboat,554,584,210,270
201806301012_050,39,69,Sailboat,412,451,204,273
201806301012_052,9,43,Seamark,856,865,265,308
201806301012_053,15,79,Seamark,918,933,283,362
201806301012_049,14,14,Motorboat,811,825,254,268
201806301012_050,16,17,Motorboat,716,732,252,269
201806301012_051,18,19,Motorboat,675,693,254,273
201806301012_052,31,31,Motorboat,441,472,253,284
201806301012_053,52,56,Motorboat,215,267,243,299
201806301012_052,6,23,Seamark,673,679,264,287
201806301012_053,8,32,Seamark,532,540,273,305
201806301012_050,47,33,Sailboat,789,836,240,273
201806301012_051,55,38,Sailboat,768,823,240,278
201806301012_052,80,129,Sailboat,578,658,158,287
201806301012_053,115,186,Sailboat,398,513,117,303
201806301012_054,204,278,Sailboat,156,360,53,331
201806301012_000,24,29,Motorboat,775,799,251,280
201806301012_000,192,88,Motorboat,213,405,256,344
201806301012_013,23,14,Boat,237,260,304,318
201806301012_030,404,394,Militaryship,876,1280,8,402
201806301012_036,29,47,Boat,357,386,232,279
201806301012_048,53,42,Miscboat,189,242,237,279
201806301012_048,43,29,Miscboat,252,295,247,276
201806301012_048,68,37,Passengership,354,422,231,268
201806301012_057,90,37,Miscboat,891,981,248,285
201806301012_057,83,51,Miscboat,710,793,232,283
201806301012_057,118,60,Miscboat,575,693,226,286
201806301012_007,86,49,Miscboat,144,230,251,300
201806301012_008,67,64,Miscboat,1,68,265,329
201806301012_013,48,52,Miscboat,422,470,232,284
201806301012_020,145,101,Miscboat,980,1125,215,316
201806301012_031,362,363,Militaryship,911,1273,1,364
201806301012_050,90,129,Militaryship,917,1007,175,304
201806301012_011,143,386,Sailboat,1137,1280,0,386
201806301012_056,50,192,Sailboat,387,437,114,306
201806301012_057,38,225,Sailboat,1016,1054,89,314
201806301012_056,39,177,Sailboat,343,382,132,309
201806301012_057,52,250,Sailboat,1072,1124,64,314
201806301012_000,35,42,Passengership,1104,1139,238,280
201806301012_000,74,40,Passengership,1165,1239,248,288
201806301012_057,151,116,Passengership,1129,1280,170,286
201806301012_000,60,19,Ferry,842,902,248,267
201806301012_010,239,118,Passengership,61,300,206,324
201806301012_005,27,35,Passengership,241,268,243,278
201806301012_008,75,38,Boat,129,204,310,348
201806301012_007,13,8,Boat,558,571,260,268
201806301012_013,123,49,Motorboat,966,1089,283,332
201806301012_013,35,23,Motorboat,267,302,283,306
201806301012_015,56,34,Boat,157,213,318,352
201806301012_025,25,18,Boat,430,455,272,290
201806301012_034,45,17,Miscboat,506,551,259,276
201806301012_036,51,22,Miscboat,64,115,268,290
201806301012_040,16,12,Boat,258,274,267,279
201806301012_025,324,272,Militaryship,955,1279,86,358
201806301012_029,161,248,Militaryship,710,871,67,315
201806301012_037,77,95,Militaryship,65,142,194,289
201806301012_041,6,39,Seamark,0,6,265,304
201806301012_035,3,8,Seamark,778,781,250,258
201806301012_037,3,7,Seamark,302,305,258,265
201806301012_037,5,9,Seamark,307,312,257,266
201806301012_055,5,15,Seamark,971,976,259,274
201806301012_056,21,145,Seamark,781,802,352,497
201806301012_058,9,23,Seamark,327,336,263,286
201806301012_059,5,12,Seamark,948,953,249,261
201806301042_000,8,20,Seamark,264,272,259,279
201806301042_001,9,25,Seamark,32,41,269,294
201806301042_000,18,33,Seamark,880,898,246,279
201806301042_001,17,51,Seamark,879,896,244,295
201806301042_002,22,77,Seamark,929,951,242,319
201806301042_003,51,190,Seamark,1191,1242,237,427
201806301042_001,4,8,Seamark,732,736,249,257
201806301042_002,7,12,Seamark,632,639,247,259
201806301042_003,6,11,Seamark,540,546,251,262
201806301042_004,5,10,Seamark,404,409,256,266
201806301042_005,7,13,Seamark,361,368,256,269
201806301042_006,6,12,Seamark,375,381,256,268
201806301042_007,5,11,Seamark,352,357,258,269
201806301042_008,6,22,Seamark,294,300,257,279
201806301042_009,6,21,Seamark,341,347,257,278
201806301042_010,7,16,Seamark,262,269,264,280
201806301042_011,10,26,Seamark,151,161,264,290
201806301042_012,9,24,Seamark,36,45,275,299
201806301042_001,5,12,Seamark,709,714,248,260
201806301042_002,6,13,Seamark,609,615,247,260
201806301042_003,7,14,Seamark,513,520,250,264
201806301042_004,6,16,Seamark,361,367,257,273
201806301042_005,7,18,Seamark,302,309,261,279
201806301042_006,5,21,Seamark,286,291,260,281
201806301042_007,9,21,Seamark,219,228,263,284
201806301042_008,10,24,Seamark,43,53,279,303
201806301042_004,7,15,Seamark,724,731,249,264
201806301042_005,8,16,Seamark,708,716,252,268
201806301042_006,8,27,Seamark,773,781,244,271
201806301042_007,9,22,Seamark,793,802,248,270
201806301042_008,9,31,Seamark,834,843,249,280
201806301042_009,14,47,Seamark,994,1008,242,289
201806301042_007,3,6,Seamark,664,667,251,257
201806301042_008,8,15,Seamark,655,663,248,263
201806301042_009,7,14,Seamark,745,752,247,261
201806301042_010,6,13,Seamark,742,748,249,262
201806301042_011,3,12,Seamark,693,696,251,263
201806301042_012,8,18,Seamark,677,685,249,267
201806301042_013,7,16,Seamark,770,777,249,265
201806301042_014,5,15,Seamark,690,695,255,270
201806301042_015,17,33,Seamark,738,755,248,281
201806301042_016,16,47,Seamark,749,765,251,298
201806301042_017,25,147,Seamark,898,923,235,382
201806301042_007,5,12,Seamark,644,649,251,263
201806301042_008,8,18,Seamark,634,642,252,270
201806301042_009,7,16,Seamark,721,728,251,267
201806301042_010,6,17,Seamark,716,722,251,268
201806301042_011,9,19,Seamark,668,677,253,272
201806301042_012,13,30,Seamark,654,667,253,283
201806301042_013,12,36,Seamark,745,757,248,284
201806301042_014,14,73,Seamark,760,774,245,318
201806301042_016,5,15,Seamark,725,730,259,274
201806301042_017,6,21,Seamark,700,706,260,281
201806301042_018,14,64,Seamark,738,752,254,318
201806301042_019,13,58,Seamark,832,845,273,331
201806301042_020,26,123,Seamark,944,970,311,434
201806301042_031,50,23,Motorboat,36,86,291,314
201806301042_032,30,15,Motorboat,275,305,276,291
201806301042_033,21,12,Motorboat,469,490,262,274
201806301042_034,13,9,Motorboat,597,610,262,271
201806301042_040,11,9,Motorboat,548,559,262,271
201806301042_041,12,10,Motorboat,513,525,260,270
201806301042_042,19,15,Motorboat,397,416,254,269
201806301042_057,48,73,Sailboat,922,970,207,280
201806301042_058,58,97,Sailboat,81,139,193,290
201806301042_057,14,22,Seamark,571,585,259,281
201806301042_058,8,20,Seamark,38,46,271,291
201806301042_058,6,16,Seamark,833,839,258,274
201806301042_059,7,20,Seamark,514,521,257,277
201806301042_060,15,31,Seamark,313,328,259,290
201806301042_058,9,21,Seamark,1182,1191,266,287
201806301042_059,7,29,Seamark,1022,1029,259,288
201806301042_060,18,57,Seamark,1067,1085,251,308
201806301042_061,21,95,Seamark,1260,1281,276,371
201806301042_059,11,7,Motorboat,1051,1062,266,273
201806301042_060,26,19,Motorboat,822,848,261,280
201806301042_061,62,27,Motorboat,166,228,277,304
201806301042_059,18,38,Sailboat,970,988,236,274
201806301042_060,36,75,Sailboat,669,705,205,280
201806301042_061,6,17,Seamark,538,544,255,272
201806301042_062,6,19,Seamark,239,245,263,282
201806301042_063,11,37,Seamark,50,61,266,303
201806301042_059,3,11,Seamark,893,896,258,269
201806301042_060,3,12,Seamark,890,893,284,296
201806301042_061,7,18,Seamark,969,976,256,274
201806301042_062,5,22,Seamark,791,796,256,278
201806301042_063,14,41,Seamark,785,799,253,294
201806301042_064,18,53,Seamark,836,854,255,308
201806301042_065,48,154,Seamark,1052,1100,251,405
201806301042_067,8,18,Seamark,695,703,260,278
201806301042_068,5,22,Seamark,706,711,255,277
201806301042_069,10,35,Seamark,758,768,256,291
201806301042_067,6,17,Seamark,158,164,268,285
201806301042_068,6,16,Seamark,100,106,270,286
201806301042_069,13,24,Seamark,29,42,270,294
201806301042_001,5,9,Seamark,963,968,249,258
201806301042_055,8,18,Seamark,1191,1199,261,279
201806301042_058,5,10,Seamark,1161,1166,263,273
201806301042_064,5,12,Seamark,567,572,258,270
201806301042_064,6,11,Seamark,897,903,258,269
201806301042_065,11,14,Seamark,430,441,260,274
201806301112_000,24,53,Seamark,855,879,258,311
201806301112_001,35,106,Seamark,962,997,253,359
201806301112_001,8,15,Seamark,246,254,263,278
201806301112_002,4,15,Seamark,55,59,272,287
201806301112_002,76,34,Militaryship,1121,1197,234,268
201806301112_003,83,36,Militaryship,1167,1250,231,267
201806301112_004,96,42,Militaryship,1110,1206,229,271
201806301112_005,85,50,Militaryship,1190,1275,224,274
201806301112_004,12,8,Miscboat,1003,1015,260,268
201806301112_005,11,6,Miscboat,1056,1067,262,268
201806301112_001,6,13,Seamark,900,906,258,271
201806301112_002,5,15,Seamark,837,842,256,271
201806301112_003,5,15,Seamark,881,886,258,273
201806301112_004,11,30,Seamark,824,835,253,283
201806301112_005,10,38,Seamark,920,930,251,289
201806301112_006,19,61,Seamark,1057,1076,256,317
201806301112_002,22,40,Cruiseship,476,498,224,264
201806301112_003,24,44,Cruiseship,468,492,222,266
201806301112_004,22,40,Cruiseship,338,360,226,266
201806301112_005,32,52,Cruiseship,355,387,213,265
201806301112_004,32,16,Passengership,1073,1105,250,266
201806301112_005,40,14,Passengership,1079,1119,251,265
201806301112_006,44,15,Passengership,1013,1057,250,265
201806301112_007,57,28,Passengership,811,868,241,269
201806301112_008,89,38,Passengership,508,597,241,279
201806301112_009,130,96,Passengership,5,135,243,339
201806301112_010,14,39,Seamark,832,846,267,306
201806301112_011,26,73,Seamark,960,986,276,349
201806301112_008,106,70,Militaryship,1058,1164,203,273
201806301112_009,131,70,Militaryship,1094,1225,207,277
201806301112_007,6,15,Seamark,924,930,255,270
201806301112_008,5,21,Seamark,803,808,253,274
201806301112_009,6,23,Seamark,796,802,251,274
201806301112_010,12,31,Seamark,817,829,252,283
201806301112_011,11,42,Seamark,899,910,249,291
201806301112_012,24,66,Seamark,950,974,253,319
201806301112_013,47,174,Seamark,1137,1184,244,418
201806301112_014,9,49,Seamark,1035,1044,281,330
201806301112_015,14,108,Seamark,1181,1195,310,418
201806301112_011,27,17,Passengership,993,1020,251,268
201806301112_012,35,28,Passengership,875,910,249,277
201806301112_013,68,53,Passengership,698,766,237,290
201806301112_014,187,75,Militaryship,1081,1268,223,298
201806301112_015,269,108,Militaryship,1011,1280,198,306
201806301112_020,35,26,Cargoship,88,123,266,292
201806301112_021,67,60,Cargoship,31,98,238,298
201806301112_022,117,78,Cargoship,1,118,238,316
201806301112_022,51,82,Militaryship,139,190,202,284
201806301112_023,55,95,Militaryship,130,185,198,293
201806301112_024,78,65,Militaryship,170,248,228,293
201806301112_025,39,106,Militaryship,356,395,181,287
201806301112_026,59,72,Cruiseship,349,408,204,276
201806301112_027,90,82,Cruiseship,333,423,193,275
201806301112_028,96,142,Cruiseship,348,444,144,286
201806301112_029,140,120,Cruiseship,270,410,167,287
201806301112_030,195,152,Cruiseship,183,378,148,300
201806301112_031,305,316,Cruiseship,23,328,19,335
201806301112_032,211,285,Cruiseship,3,214,51,336
201806301112_026,87,78,Militaryship,249,336,218,296
201806301112_027,112,166,Militaryship,152,264,132,298
201806301112_028,200,266,Militaryship,1,201,82,348
201806301112_023,59,55,Militaryship,56,115,251,306
201806301112_025,163,185,Militaryship,194,357,127,312
201806301112_026,208,180,Militaryship,5,213,173,353
201806301112_027,64,64,Militaryship,258,322,224,288
201806301112_028,80,80,Militaryship,205,285,215,295
201806301112_029,99,223,Miscboat,8,107,119,342
201806301112_028,27,51,Militaryship,442,469,223,274
201806301112_029,60,57,Militaryship,392,452,219,276
201806301112_030,62,59,Militaryship,383,445,215,274
201806301112_031,55,83,Militaryship,364,419,203,286
201806301112_032,90,79,Militaryship,290,380,208,287
201806301112_033,115,119,Militaryship,95,210,177,296
201806301112_034,261,218,Militaryship,-2,259,112,330
201806301112_033,36,40,Militaryship,216,252,252,292
201806301112_034,74,41,Militaryship,259,333,257,298
201806301112_034,73,35,Miscboat,340,413,259,294
201806301112_035,133,40,Miscboat,51,184,278,318
201806301112_025,66,96,Sailboat,392,458,170,266
201806301112_026,46,101,Sailboat,402,448,161,262
201806301112_027,30,103,Sailboat,426,456,163,266
201806301112_028,38,122,Sailboat,471,509,145,267
201806301112_029,60,133,Sailboat,448,508,133,266
201806301112_030,68,143,Sailboat,452,520,123,266
201806301112_031,76,167,Sailboat,427,503,101,268
201806301112_032,117,191,Sailboat,387,504,82,273
201806301112_033,99,216,Sailboat,281,380,54,270
201806301112_034,143,286,Sailboat,410,553,1,287
201806301112_035,276,280,Sailboat,120,396,9,289
201806301112_035,44,19,Passengership,393,437,263,282
201806301112_036,30,24,Miscboat,53,83,264,288
201806301112_037,53,33,Miscboat,98,151,265,298
201806301112_038,43,56,Miscboat,25,68,271,327
201806301112_034,13,12,Motorboat,640,653,259,271
201806301112_035,17,16,Motorboat,538,555,265,281
201806301112_036,37,34,Motorboat,44,81,285,319
201806301112_037,75,37,Passengership,1,76,282,319
201806301112_031,18,44,Sailboat,605,623,220,264
201806301112_032,32,55,Sailboat,603,635,210,265
201806301112_033,26,46,Sailboat,515,541,222,268
201806301112_034,24,42,Sailboat,737,761,223,265
201806301112_035,24,52,Sailboat,621,645,214,266
201806301112_036,35,92,Sailboat,308,343,186,278
201806301112_037,32,83,Sailboat,520,552,189,272
201806301112_038,39,98,Sailboat,695,734,176,274
201806301112_039,48,141,Sailboat,727,775,142,283
201806301112_040,79,190,Sailboat,808,887,104,294
201806301112_041,110,253,Sailboat,890,1000,49,302
201806301112_042,226,343,Sailboat,949,1175,0,343
201806301112_043,156,175,Miscboat,1109,1265,195,370
201806301112_044,36,16,Motorboat,260,296,274,290
201806301112_045,58,22,Motorboat,170,228,279,301
201806301112_046,73,31,Motorboat,48,121,283,314
201806301112_047,83,188,Sailboat,42,125,130,318
201806301112_048,173,275,Sailboat,46,219,43,318
201806301112_044,29,80,Sailboat,348,377,201,281
201806301112_045,65,139,Sailboat,329,394,157,296
201806301112_046,57,122,Sailboat,365,422,162,284
201806301112_047,86,160,Sailboat,273,359,133,293
201806301112_050,92,214,Sailboat,104,196,99,313
201806301112_044,36,66,Sailboat,309,345,218,284
201806301112_046,55,129,Sailboat,250,305,168,297
201806301112_044,21,40,Sailboat,605,626,231,271
201806301112_045,22,43,Sailboat,612,634,230,273
201806301112_046,28,55,Sailboat,660,688,223,278
201806301112_047,49,110,Sailboat,682,731,170,280
201806301112_044,22,59,Sailboat,629,651,215,274
201806301112_045,25,68,Sailboat,637,662,211,279
201806301112_046,35,95,Sailboat,685,720,196,291
201806301112_047,43,126,Sailboat,712,755,160,286
201806301112_048,36,216,Sailboat,810,846,92,308
201806301112_049,69,268,Sailboat,827,896,52,320
201806301112_050,166,353,Sailboat,854,1020,5,358
201806301112_044,44,38,Miscboat,678,722,243,281
201806301112_045,65,57,Miscboat,693,758,239,296
201806301112_046,81,137,Miscboat,763,844,170,307
201806301112_047,206,313,Miscboat,907,1113,50,363
201806301112_049,102,371,Sailboat,928,1030,1,372
201806301112_050,136,372,Sailboat,1023,1159,3,375
201806301112_051,244,531,Sailboat,1033,1277,1,532
201806301112_047,29,31,Motorboat,747,776,261,292
201806301112_048,51,49,Motorboat,859,910,279,328
201806301112_049,75,84,Boat,1096,1171,329,413
201806301112_048,27,163,Sailboat,743,770,126,289
201806301112_049,79,244,Sailboat,747,826,65,309
201806301112_050,62,58,Passengership,789,851,230,288
201806301112_051,108,72,Passengership,758,866,222,294
201806301112_052,203,242,Passengership,703,906,98,340
201806301112_053,248,460,Passengership,1021,1269,23,483
201806301112_054,217,187,Passengership,881,1098,174,361
201806301112_055,191,461,Passengership,1089,1280,1,462
201806301112_044,38,13,Ferry,497,535,254,267
201806301112_045,51,15,Ferry,517,568,255,270
201806301112_046,47,15,Ferry,604,651,254,269
201806301112_047,48,16,Ferry,649,697,255,271
201806301112_048,71,26,Ferry,664,735,245,271
201806301112_049,77,29,Ferry,671,748,246,275
201806301112_050,83,32,Ferry,709,792,247,279
201806301112_051,111,43,Ferry,691,802,245,288
201806301112_052,174,68,Ferry,491,665,242,310
201806301112_053,282,111,Ferry,2,284,251,362
201806301112_044,16,8,Ferry,555,571,253,261
201806301112_047,68,24,Ferry,644,712,249,273
201806301112_048,45,19,Ferry,673,718,251,270
201806301112_049,50,21,Ferry,677,727,250,271
201806301112_051,97,45,Ferry,661,758,238,283
201806301112_053,124,53,Miscboat,83,207,246,299
201806301112_054,144,62,Miscboat,1,145,254,316
201806301112_050,43,19,Miscboat,421,464,256,275
201806301112_051,46,29,Miscboat,332,378,254,283
201806301112_052,75,41,Miscboat,162,237,254,295
201806301112_052,63,61,Passengership,631,694,231,292
201806301112_053,110,93,Passengership,764,874,215,308
201806301112_055,130,153,Passengership,954,1084,206,359
201806301112_053,35,29,Miscboat,712,747,249,278
201806301112_054,50,42,Miscboat,789,839,244,286
201806301112_055,75,63,Miscboat,790,865,237,300
201806301112_056,57,66,Miscboat,874,931,232,298
201806301112_057,114,93,Miscboat,898,1012,232,325
201806301112_056,53,46,Miscboat,936,989,264,310
201806301112_057,144,106,Miscboat,1057,1201,271,377
201806301112_053,32,28,Miscboat,732,764,262,290
201806301112_054,36,32,Miscboat,830,866,266,298
201806301112_055,90,90,Miscboat,858,948,224,314
201806301112_056,151,102,Miscboat,1002,1153,238,340
201806301112_058,77,210,Miscboat,946,1023,136,346
201806301112_059,188,142,Miscboat,1086,1274,277,419
201806301112_050,22,14,Passengership,544,566,250,264
201806301112_051,24,15,Passengership,478,502,249,264
201806301112_052,26,16,Passengership,369,395,251,267
201806301112_053,30,35,Passengership,433,463,239,274
201806301112_054,35,24,Passengership,478,513,250,274
201806301112_055,40,31,Passengership,436,476,247,278
201806301112_056,48,30,Passengership,434,482,246,276
201806301112_057,57,35,Passengership,308,365,249,284
201806301112_058,79,76,Passengership,212,291,221,297
201806301112_059,115,83,Passengership,5,120,234,317
201806301112_056,33,32,Motorboat,815,848,248,280
201806301112_057,58,39,Motorboat,765,823,247,286
201806301112_058,70,61,Motorboat,776,846,242,303
201806301112_059,171,116,Motorboat,862,1033,230,346
201806301112_059,20,14,Boat,345,365,278,292
201806301112_060,44,24,Miscboat,246,290,267,291
201806301112_061,85,52,Miscboat,44,129,267,319
201806301112_056,27,23,Miscboat,832,859,259,282
201806301112_057,38,31,Miscboat,809,847,261,292
201806301112_058,69,101,Miscboat,844,913,213,314
201806301112_053,15,9,Miscboat,498,513,259,268
201806301112_054,16,10,Miscboat,554,570,259,269
201806301112_055,18,11,Miscboat,523,541,260,271
201806301112_056,18,10,Miscboat,546,564,258,268
201806301112_057,20,11,Miscboat,453,473,261,272
201806301112_058,22,12,Miscboat,405,427,261,273
201806301112_059,35,16,Miscboat,323,358,265,281
201806301112_053,20,15,Miscboat,547,567,251,266
201806301112_054,22,16,Miscboat,608,630,250,266
201806301112_055,24,18,Miscboat,581,605,250,268
201806301112_056,25,18,Miscboat,606,631,248,266
201806301112_057,28,20,Miscboat,522,550,248,268
201806301112_058,31,22,Miscboat,484,515,247,269
201806301112_059,30,25,Miscboat,446,476,247,272
201806301112_060,38,32,Miscboat,427,465,244,276
201806301112_061,65,36,Miscboat,361,426,256,292
201806301112_062,103,49,Miscboat,143,246,258,307
201806301112_053,12,14,Miscboat,569,581,252,266
201806301112_054,13,15,Miscboat,631,644,251,266
201806301112_055,14,16,Miscboat,606,620,251,267
201806301112_056,21,16,Miscboat,633,654,249,265
201806301112_057,23,18,Miscboat,553,576,250,268
201806301112_058,28,22,Miscboat,518,546,248,270
201806301112_059,22,24,Miscboat,479,501,249,273
201806301112_060,23,25,Miscboat,471,494,248,273
201806301112_061,38,25,Miscboat,430,468,259,284
201806301112_062,64,30,Miscboat,256,320,264,294
201806301112_014,44,25,Miscboat,1036,1080,252,277
201806301112_014,15,11,Boat,691,706,260,271
201806301112_014,8,4,Motorboat,745,753,258,262
201806301112_014,5,4,Motorboat,768,773,258,262
201806301112_014,7,6,Motorboat,842,849,256,262
201806301112_014,6,4,Motorboat,828,834,258,262
201806301112_014,7,5,Motorboat,865,872,257,262
201806301112_020,25,15,Passengership,1073,1098,258,273
201806301112_020,24,8,Motorboat,1023,1047,257,265
201806301112_020,10,11,Motorboat,917,927,256,267
201806301112_020,19,9,Motorboat,874,893,258,267
201806301112_035,7,8,Miscboat,477,484,253,261
201806301112_051,197,132,Motorboat,983,1180,262,394
201806301112_049,37,19,Boat,879,916,333,352
201806301112_062,77,111,Motorboat,1195,1272,259,370
201806301112_063,67,18,Motorboat,907,974,269,287
201806301112_052,81,103,Sailboat,35,116,205,308
201806301112_058,243,307,Miscboat,1037,1280,101,408
201806301112_007,28,126,Sailboat,977,1005,158,284
201806301112_008,110,371,Sailboat,1151,1261,1,372
201806301112_044,36,60,Sailboat,406,442,215,275
201806301112_047,34,180,Sailboat,125,159,129,309
201806301112_047,66,177,Sailboat,201,267,124,301
201806301112_044,28,87,Sailboat,377,405,191,278
201806301112_051,56,216,Sailboat,4,60,111,327
201806301112_050,75,147,Sailboat,198,273,158,305
201806301112_050,44,228,Sailboat,5,49,109,337
201806301112_050,56,161,Sailboat,278,334,136,297
201806301112_051,52,180,Sailboat,192,244,123,303
201806301112_050,46,148,Sailboat,340,386,149,297
201806301112_016,28,18,Motorboat,430,458,264,282
201806301112_047,36,17,Boat,761,797,281,298
201806301112_048,61,46,Boat,940,1001,313,359
201806301112_049,101,155,Motorboat,1179,1280,318,473
201806301112_032,84,87,Militaryship,204,288,204,291
201806301112_010,12,24,Seamark,1132,1144,267,291
201806301112_018,13,64,Seamark,1220,1233,265,329
201806301112_035,21,7,Ferry,509,530,255,262
201806301138_000,116,46,Passengership,721,837,247,293
201806301138_001,178,98,Passengership,661,839,210,308
201806301138_002,324,134,Passengership,820,1144,214,348
201806301138_002,31,17,Miscboat,91,122,268,285
201806301138_003,34,19,Miscboat,302,336,260,279
201806301138_004,114,51,Miscboat,110,224,261,312
201806301138_002,33,23,Passengership,124,157,257,280
201806301138_003,46,32,Passengership,382,428,245,277
201806301138_004,69,51,Passengership,318,387,237,288
201806301138_005,101,58,Passengership,50,151,243,301
201806301138_005,143,92,Miscboat,881,1024,241,333
201806301138_006,137,148,Miscboat,1144,1281,230,378
201806301138_003,85,27,Ferry,535,620,251,278
201806301138_004,75,29,Ferry,457,532,254,283
201806301138_005,159,41,Ferry,146,305,253,294
201806301138_006,177,45,Ferry,105,282,258,303
201806301138_007,147,111,Passengership,0,147,217,328
201806301138_007,25,116,Sailboat,352,377,166,282
201806301138_008,58,159,Sailboat,341,399,133,292
201806301138_009,52,214,Sailboat,215,267,100,314
201806301138_002,56,14,Ferry,290,346,260,274
201806301138_003,61,14,Ferry,546,607,256,270
201806301138_002,26,44,Sailboat,394,420,230,274
201806301138_003,21,52,Sailboat,757,778,224,276
201806301138_004,37,71,Sailboat,829,866,212,283
201806301138_005,79,110,Sailboat,744,823,182,292
201806301138_006,115,163,Sailboat,891,1006,151,314
201806301138_009,235,364,Sailboat,1032,1267,0,364
201806301138_010,169,287,Sailboat,985,1154,14,301
201806301138_011,81,213,Sailboat,941,1022,126,339
201806301138_005,25,25,Motorboat,339,364,252,277
201806301138_006,30,27,Motorboat,375,405,253,280
201806301138_007,40,29,Motorboat,300,340,258,287
201806301138_008,70,49,Motorboat,236,306,250,299
201806301138_009,118,56,Motorboat,15,133,272,328
201806301138_008,25,22,Motorboat,402,427,264,286
201806301138_009,47,26,Motorboat,283,330,273,299
201806301138_010,250,96,Motorboat,962,1212,278,374
201806301138_011,99,387,Sailboat,1178,1277,9,396
201806301138_007,16,15,Motorboat,415,431,260,275
201806301138_008,34,18,Motorboat,455,489,261,279
201806301138_009,53,28,Motorboat,363,416,261,289
201806301138_010,64,38,Motorboat,174,238,270,308
201806301138_005,74,117,Sailboat,591,665,163,280
201806301138_006,87,159,Sailboat,675,762,136,295
201806301138_007,125,224,Sailboat,698,823,84,308
201806301138_008,60,225,Sailboat,853,913,83,308
201806301138_006,13,10,Motorboat,569,582,253,263
201806301138_007,19,23,Motorboat,553,572,246,269
201806301138_008,17,21,Motorboat,638,655,248,269
201806301138_009,41,38,Motorboat,575,616,243,281
201806301138_010,73,69,Motorboat,443,516,230,299
201806301138_011,20,17,Motorboat,479,499,253,270
201806301138_012,37,32,Miscboat,467,504,244,276
201806301138_013,41,42,Miscboat,379,420,239,281
201806301138_014,48,32,Miscboat,279,327,255,287
201806301138_015,88,70,Miscboat,91,179,242,312
201806301138_014,22,17,Miscboat,686,708,254,271
201806301138_015,28,20,Miscboat,699,727,253,273
201806301138_016,23,18,Miscboat,864,887,261,279
201806301138_017,23,15,Miscboat,847,870,268,283
201806301138_014,19,16,Miscboat,671,690,253,269
201806301138_015,32,19,Miscboat,674,706,253,272
201806301138_016,39,23,Miscboat,829,868,255,278
201806301138_017,38,27,Miscboat,804,842,259,286
201806301138_018,94,45,Miscboat,843,937,262,307
201806301138_019,188,71,Ferry,908,1096,268,339
201806301138_012,58,103,Sailboat,756,814,157,260
201806301138_013,60,106,Sailboat,718,778,154,260
201806301138_014,59,123,Sailboat,690,749,137,260
201806301138_015,82,136,Sailboat,701,783,127,263
201806301138_016,65,190,Sailboat,862,927,66,256
201806301138_017,126,230,Sailboat,807,933,25,255
201806301138_018,166,271,Sailboat,807,973,7,278
201806301138_019,238,274,Sailboat,822,1060,1,275
201806301138_020,349,360,Sailboat,926,1275,2,362
201806301138_021,252,391,Sailboat,1029,1281,3,394
201806301138_019,53,74,Militaryship,747,800,202,276
201806301138_020,106,86,Militaryship,794,900,197,283
201806301138_021,124,109,Militaryship,803,927,183,292
201806301138_022,198,170,Militaryship,816,1014,144,314
201806301138_020,44,40,Militaryship,873,917,256,296
201806301138_021,77,135,Miscboat,918,995,196,331
201806301138_022,127,223,Miscboat,1155,1282,161,384
201806301138_010,24,47,Sailboat,653,677,220,267
201806301138_011,21,48,Sailboat,637,658,217,265
201806301138_012,27,48,Sailboat,694,721,216,264
201806301138_013,23,44,Sailboat,673,696,221,265
201806301138_014,19,41,Sailboat,652,671,224,265
201806301138_015,23,49,Sailboat,663,686,218,267
201806301138_016,24,58,Sailboat,805,829,207,265
201806301138_017,22,43,Sailboat,746,768,221,264
201806301138_018,25,49,Sailboat,687,712,217,266
201806301138_019,24,48,Sailboat,602,626,218,266
201806301138_020,20,42,Sailboat,646,666,222,264
201806301138_021,25,58,Sailboat,631,656,212,270
201806301138_022,10,11,Motorboat,496,506,258,269
201806301138_023,14,12,Motorboat,411,425,265,277
201806301138_024,52,28,Motorboat,187,239,278,306
201806301138_019,41,95,Cruiseship,706,747,177,272
201806301138_020,46,78,Cruiseship,745,791,190,268
201806301138_021,83,129,Cruiseship,721,804,146,275
201806301138_022,119,197,Cruiseship,696,815,85,282
201806301138_023,269,205,Cruiseship,701,970,99,304
201806301138_024,591,374,Cruiseship,690,1281,5,379
201806301138_025,422,478,Cruiseship,858,1280,1,479
201806301138_020,23,33,Militaryship,721,744,233,266
201806301138_021,25,36,Militaryship,697,722,230,266
201806301138_022,30,43,Militaryship,654,684,226,269
201806301138_023,49,53,Militaryship,643,692,212,265
201806301138_024,56,64,Militaryship,633,689,209,273
201806301138_025,81,114,Militaryship,716,797,175,289
201806301138_026,57,91,Militaryship,730,787,184,275
201806301138_027,42,67,Militaryship,679,721,214,281
201806301138_028,60,97,Militaryship,759,819,199,296
201806301138_029,143,206,Militaryship,873,1016,97,303
201806301138_030,243,284,Militaryship,838,1081,44,328
201806301138_031,363,429,Militaryship,918,1281,1,430
201806301138_032,104,148,Militaryship,974,1078,165,313
201806301138_033,176,271,Militaryship,1085,1261,96,367
201806301138_026,130,163,Militaryship,803,933,139,302
201806301138_027,160,247,Militaryship,844,1004,76,323
201806301138_028,267,425,Militaryship,1014,1281,1,426
201806301138_026,83,121,Militaryship,756,839,159,280
201806301138_027,108,168,Militaryship,724,832,130,298
201806301138_028,183,296,Militaryship,826,1009,39,335
201806301138_029,216,361,Militaryship,1053,1269,48,409
201806301138_026,25,11,Sailboat,370,395,258,269
201806301138_027,28,12,Sailboat,286,314,258,270
201806301138_028,31,13,Sailboat,329,360,256,269
201806301138_029,26,13,Motorboat,366,392,258,271
201806301138_030,32,15,Motorboat,226,258,261,276
201806301138_031,36,16,Sailboat,138,174,260,276
201806301138_032,23,14,Sailboat,59,82,266,280
201806301138_026,32,46,Sailboat,525,557,213,259
201806301138_027,31,46,Sailboat,452,483,212,258
201806301138_028,43,56,Sailboat,507,550,199,255
201806301138_029,40,59,Sailboat,565,605,198,257
201806301138_030,45,67,Sailboat,440,485,193,260
201806301138_031,52,68,Sailboat,371,423,190,258
201806301138_032,50,71,Sailboat,313,363,188,259
201806301138_033,124,128,Cargoship,950,1074,203,331
201806301138_034,306,289,Cargoship,978,1284,142,431
201806301138_035,57,31,Militaryship,651,708,238,269
201806301138_036,66,36,Militaryship,347,413,237,273
201806301138_037,63,48,Militaryship,271,334,232,280
201806301138_038,64,52,Militaryship,121,185,234,286
201806301138_035,22,52,Militaryship,814,836,215,267
201806301138_036,24,58,Militaryship,534,558,209,267
201806301138_037,69,66,Militaryship,478,547,205,271
201806301138_038,32,75,Militaryship,384,416,203,278
201806301138_038,38,56,Sailboat,866,904,220,276
201806301138_039,32,70,Sailboat,587,619,205,275
201806301138_040,5,16,Seamark,263,268,268,284
201806301138_041,6,18,Seamark,167,173,272,290
201806301138_042,21,29,Seamark,10,31,272,301
201806301138_040,5,11,Seamark,207,212,261,272
201806301138_041,6,12,Seamark,164,170,261,273
201806301138_042,7,13,Seamark,116,123,261,274
201806301138_040,31,65,Sailboat,546,577,209,274
201806301138_041,33,69,Sailboat,494,527,207,276
201806301138_042,27,56,Sailboat,441,468,213,269
201806301138_043,35,60,Sailboat,295,330,213,273
201806301138_044,28,59,Sailboat,136,164,216,275
201806301138_045,31,63,Sailboat,60,91,217,280
201806301138_046,25,55,Sailboat,13,38,221,276
201806301138_037,8,12,Seamark,788,796,253,265
201806301138_038,9,13,Seamark,729,738,252,265
201806301138_039,10,14,Seamark,415,425,256,270
201806301138_040,8,18,Seamark,375,383,257,275
201806301138_041,9,20,Seamark,322,331,257,277
201806301138_042,14,28,Seamark,247,261,255,283
201806301138_043,12,33,Seamark,56,68,262,295
201806301138_046,8,15,Seamark,297,305,256,271
201806301138_047,9,16,Seamark,223,232,258,274
201806301138_048,15,20,Seamark,59,74,262,282
201806301138_044,23,17,Militaryship,603,626,248,265
201806301138_045,30,27,Militaryship,663,693,243,270
201806301138_046,32,32,Militaryship,755,787,240,272
201806301138_047,41,42,Militaryship,780,821,234,276
201806301138_047,28,16,Miscboat,407,435,252,268
201806301138_048,30,13,Miscboat,296,326,255,268
201806301138_049,32,16,Miscboat,198,230,260,276
201806301138_050,32,19,Miscboat,128,160,254,273
201806301138_047,45,20,Miscboat,324,369,247,267
201806301138_048,55,28,Miscboat,194,249,243,271
201806301138_049,55,24,Miscboat,98,153,253,277
201806301138_050,59,26,Miscboat,40,99,252,278
201806301138_047,30,18,Miscboat,371,401,249,267
201806301138_048,36,20,Miscboat,258,294,252,272
201806301138_049,39,21,Miscboat,155,194,255,276
201806301138_050,32,26,Miscboat,100,132,254,280
201806301138_050,86,102,Militaryship,861,947,194,296
201806301138_051,97,129,Militaryship,963,1060,185,314
201806301138_052,166,207,Militaryship,1003,1169,146,353
201806301138_049,37,56,Sailboat,448,485,216,272
201806301138_050,40,61,Sailboat,468,508,211,272
201806301138_051,43,66,Sailboat,422,465,209,275
201806301138_052,53,86,Sailboat,291,344,199,285
201806301138_054,23,49,Seamark,873,896,275,324
201806301138_055,16,126,Seamark,1147,1163,321,447
201806301138_050,18,15,Motorboat,736,754,259,274
201806301138_051,20,16,Motorboat,727,747,261,277
201806301138_052,23,24,Motorboat,647,670,256,280
201806301138_053,26,27,Motorboat,555,581,254,281
201806301138_054,32,39,Motorboat,463,495,247,286
201806301138_055,63,69,Motorboat,168,231,238,307
201806301138_052,56,80,Sailboat,731,787,205,285
201806301138_053,64,102,Sailboat,659,723,181,283
201806301138_054,87,148,Sailboat,597,684,146,294
201806301138_055,136,219,Sailboat,366,502,96,315
201806301138_002,34,32,Miscboat,45,79,261,293
201806301138_002,38,34,Miscboat,4,42,263,297
201806301138_002,36,20,Miscboat,418,454,259,279
201806301138_011,101,83,Miscboat,150,251,218,301
201806301138_017,109,45,Miscboat,1053,1162,261,306
201806301138_023,40,30,Militaryship,666,706,243,273
201806301138_029,19,10,Miscboat,531,550,255,265
201806301138_035,23,10,Miscboat,569,592,261,271
201806301138_047,23,10,Boat,347,370,257,267
201806301138_050,40,23,Miscboat,164,204,256,279
201806301138_019,107,119,Miscboat,1170,1277,272,391
201806301138_009,43,240,Sailboat,169,212,75,315
201806301138_010,109,278,Sailboat,0,109,57,335
201806301138_008,115,344,Sailboat,970,1085,11,355
201806301138_008,180,381,Sailboat,1084,1264,50,431
201806301138_011,64,285,Sailboat,1030,1094,72,357
201806301138_008,25,120,Sailboat,427,452,162,282
201806301138_022,23,52,Sailboat,613,636,214,266
201806301138_032,30,59,Sailboat,135,165,216,275
201806301138_031,29,46,Sailboat,292,321,219,265
201806301138_035,60,24,Miscboat,321,381,251,275
201806301138_049,54,37,Passengership,356,410,244,281
201806301138_004,86,61,Passengership,229,315,238,299
201806301138_001,38,40,Motorboat,15,53,259,299
201806301138_000,171,166,Motorboat,1,172,241,407
201806301138_010,41,36,Boat,134,175,285,321
201806301138_019,161,114,Militaryship,1009,1170,283,397
201806301138_023,285,382,Militaryship,988,1273,17,399
201806301138_022,130,100,Militaryship,1021,1151,242,342
201806301138_037,6,8,Seamark,646,652,254,262
201806301138_042,9,18,Seamark,222,231,262,280
201806301138_055,10,45,Seamark,533,543,281,326
201806301138_035,54,27,Miscboat,203,257,247,274
201806301208_003,13,21,Seamark,1057,1070,255,276
201806301208_004,14,23,Seamark,804,818,250,273
201806301208_005,15,25,Seamark,411,426,249,274
201806301208_006,12,21,Seamark,269,281,259,280
201806301208_007,11,23,Seamark,380,391,255,278
201806301208_004,10,23,Seamark,1239,1249,260,283
201806301208_005,7,22,Seamark,950,957,254,276
201806301208_006,19,32,Seamark,892,911,255,287
201806301208_007,14,42,Seamark,1172,1186,250,292
201806301208_008,19,63,Seamark,1072,1091,252,315
201806301208_009,46,135,Seamark,1235,1281,255,390
201806301208_009,5,13,Seamark,421,426,252,265
201806301208_010,6,14,Seamark,383,389,248,262
201806301208_011,5,12,Seamark,385,390,247,259
201806301208_012,9,16,Seamark,403,412,252,268
201806301208_013,10,18,Seamark,231,241,255,273
201806301208_014,9,29,Seamark,160,169,252,281
201806301208_015,19,32,Seamark,26,45,265,297
201806301208_012,6,10,Seamark,731,737,251,261
201806301208_013,9,14,Seamark,626,635,250,264
201806301208_014,8,13,Seamark,637,645,251,264
201806301208_015,7,12,Seamark,714,721,254,266
201806301208_016,13,23,Seamark,614,627,247,270
201806301208_017,8,20,Seamark,601,609,250,270
201806301208_018,20,35,Seamark,631,651,247,282
201806301208_019,14,33,Seamark,665,679,253,286
201806301208_009,7,10,Seamark,726,733,255,265
201806301208_010,8,11,Seamark,726,734,251,262
201806301208_011,9,12,Seamark,773,782,250,262
201806301208_012,12,18,Seamark,861,873,251,269
201806301208_013,6,20,Seamark,794,800,250,270
201806301208_014,9,25,Seamark,840,849,253,278
201806301208_015,27,50,Seamark,1021,1048,250,300
201806301208_016,22,64,Seamark,1169,1191,256,320
201806301208_012,6,12,Seamark,468,474,249,261
201806301208_013,6,12,Seamark,335,341,248,260
201806301208_014,7,13,Seamark,315,322,247,260
201806301208_015,5,15,Seamark,340,345,250,265
201806301208_009,6,16,Sailboat,595,601,239,255
201806301208_010,6,17,Sailboat,591,597,234,251
201806301208_011,6,17,Sailboat,628,634,233,250
201806301208_012,9,22,Sailboat,701,710,235,257
201806301208_013,10,24,Sailboat,603,613,232,256
201806301208_014,10,25,Sailboat,625,635,230,255
201806301208_015,8,18,Sailboat,716,724,235,253
201806301208_016,9,20,Sailboat,638,647,233,253
201806301208_017,10,22,Sailboat,627,637,233,255
201806301208_018,5,21,Sailboat,676,681,233,254
201806301208_020,7,25,Seamark,787,794,254,279
201806301208_021,21,38,Seamark,747,768,257,295
201806301208_022,16,47,Seamark,783,799,255,302
201806301208_023,23,80,Seamark,837,860,254,334
201806301208_024,61,190,Seamark,1013,1074,250,440
201806301208_024,13,24,Seamark,677,690,266,290
201806301208_025,11,32,Seamark,696,707,268,300
201806301208_026,16,82,Seamark,836,852,293,375
201806301208_025,15,56,Sailboat,259,274,213,269
201806301208_026,19,79,Sailboat,73,92,202,281
201806301208_021,6,19,Sailboat,699,705,240,259
201806301208_022,7,21,Sailboat,673,680,238,259
201806301208_023,8,23,Sailboat,633,641,235,258
201806301208_024,13,25,Sailboat,583,596,235,260
201806301208_025,14,28,Sailboat,568,582,232,260
201806301208_026,15,31,Sailboat,557,572,227,258
201806301208_027,10,23,Sailboat,358,368,233,256
201806301208_048,66,36,Motorboat,1215,1281,264,300
201806301208_049,80,26,Motorboat,888,968,261,287
201806301208_050,58,19,Motorboat,641,699,261,280
201806301208_051,48,19,Motorboat,225,273,256,275
201806301208_049,36,24,Passengership,46,82,250,274
201806301208_050,54,25,Passengership,141,195,257,282
201806301208_051,77,29,Passengership,35,112,250,279
201806301208_052,96,38,Passengership,61,157,243,281
201806301208_053,134,36,Passengership,478,612,242,278
201806301208_054,178,51,Passengership,867,1045,235,286
201806301208_057,38,58,Sailboat,844,882,220,278
201806301208_058,44,73,Sailboat,324,368,208,281
201806301208_056,117,37,Passengership,1159,1276,256,293
201806301208_057,85,41,Passengership,1109,1194,244,285
201806301208_058,53,32,Passengership,986,1039,248,280
201806301208_059,53,23,Passengership,1128,1181,256,279
201806301208_057,16,29,Seamark,1242,1258,268,297
201806301208_058,4,19,Seamark,1018,1022,266,285
201806301208_059,12,33,Seamark,1106,1118,259,292
201806301208_060,26,26,Passengership,1257,1283,261,287
201806301208_061,38,28,Passengership,918,956,247,275
201806301208_060,18,45,Seamark,1235,1253,273,318
201806301208_061,19,63,Seamark,998,1017,254,317
201806301208_057,10,21,Seamark,960,970,257,278
201806301208_058,11,23,Seamark,658,669,250,273
201806301208_059,7,22,Seamark,650,657,250,272
201806301208_060,20,35,Seamark,582,602,250,285
201806301208_061,12,32,Seamark,60,72,258,290
201806301208_001,97,29,Miscboat,1128,1225,274,303
201806301208_001,129,40,Miscboat,926,1055,257,297
201806301208_002,149,85,Miscboat,1067,1216,227,312
201806301208_053,26,14,Motorboat,15,41,265,279
201806301208_000,198,94,Sailboat,1083,1281,351,445
201806301208_052,42,21,Motorboat,0,42,264,285
201806301208_002,6,29,Seamark,79,85,259,288
201806301208_000,34,153,Seamark,545,579,344,497
201806301208_012,4,8,Seamark,745,749,251,259
201806301208_015,5,8,Seamark,726,731,253,261
201806301208_018,6,14,Seamark,652,658,251,265
201806301208_057,16,25,Seamark,224,240,255,280
201806301208_061,6,18,Seamark,961,967,255,273
201806301238_000,7,23,Seamark,346,353,259,282
201806301238_001,9,34,Seamark,237,246,256,290
201806301238_000,8,25,Seamark,919,927,257,282
201806301238_001,9,36,Seamark,988,997,258,294
201806301238_002,13,41,Seamark,1028,1041,262,303
201806301238_003,31,99,Seamark,1223,1254,262,361
201806301238_003,5,13,Seamark,512,517,256,269
201806301238_004,6,14,Seamark,322,328,258,272
201806301238_005,4,15,Seamark,293,297,258,273
201806301238_006,7,18,Seamark,151,158,263,281
201806301238_000,21,18,Passengership,951,972,252,270
201806301238_001,16,17,Passengership,1006,1022,257,274
201806301238_002,16,9,Passengership,978,994,261,270
201806301238_003,15,14,Passengership,906,921,256,270
201806301238_004,19,14,Passengership,796,815,254,268
201806301238_005,24,13,Passengership,897,921,254,267
201806301238_006,26,14,Passengership,915,941,255,269
201806301238_007,29,14,Passengership,942,971,254,268
201806301238_003,4,12,Seamark,885,889,261,273
201806301238_004,6,16,Seamark,749,755,256,272
201806301238_005,5,15,Seamark,799,804,258,273
201806301238_006,8,22,Seamark,761,769,258,280
201806301238_007,12,30,Seamark,729,741,258,288
201806301238_008,12,37,Seamark,905,917,264,301
201806301238_009,34,94,Seamark,1247,1281,265,359
201806301238_009,4,14,Seamark,1025,1029,260,274
201806301238_010,4,15,Seamark,923,927,259,274
201806301238_011,6,21,Seamark,923,929,257,278
201806301238_012,10,28,Seamark,871,881,256,284
201806301238_013,12,30,Seamark,892,904,261,291
201806301238_014,10,40,Seamark,969,979,260,300
201806301238_015,19,57,Seamark,930,949,256,313
201806301238_014,29,17,Passengership,908,937,252,269
201806301238_015,29,18,Passengership,758,787,253,271
201806301238_016,39,23,Passengership,664,703,254,277
201806301238_017,74,43,Passengership,342,416,244,287
201806301238_002,16,26,Cruiseship,946,962,238,264
201806301238_003,20,33,Cruiseship,823,843,233,266
201806301238_004,21,35,Cruiseship,667,688,230,265
201806301238_005,18,30,Cruiseship,698,716,233,263
201806301238_006,20,34,Cruiseship,633,653,233,267
201806301238_007,22,37,Cruiseship,556,578,229,266
201806301238_008,23,36,Cruiseship,674,697,229,265
201806301238_009,25,40,Cruiseship,697,722,224,264
201806301238_010,25,35,Cruiseship,532,557,229,264
201806301238_011,29,45,Cruiseship,465,494,219,264
201806301238_012,30,48,Cruiseship,336,366,218,266
201806301238_013,33,54,Cruiseship,293,326,217,271
201806301238_014,33,53,Cruiseship,294,327,216,269
201806301238_015,35,56,Cruiseship,155,190,218,274
201806301238_016,38,68,Cruiseship,105,143,211,279
201806301238_018,10,30,Seamark,897,907,266,296
201806301238_019,20,58,Seamark,920,940,276,334
201806301238_011,79,36,Militaryship,1167,1246,239,275
201806301238_012,81,48,Militaryship,1112,1193,233,281
201806301238_013,78,46,Militaryship,1121,1199,234,280
201806301238_014,104,51,Militaryship,1160,1264,229,280
201806301238_015,115,78,Militaryship,1078,1193,219,297
201806301238_016,83,56,Militaryship,1149,1232,225,281
201806301238_017,129,73,Militaryship,1075,1204,210,283
201806301238_018,78,72,Militaryship,1198,1276,218,290
201806301238_019,88,82,Militaryship,1190,1278,207,289
201806301238_020,79,34,Militaryship,1195,1274,251,285
201806301238_017,8,6,Boat,936,944,265,271
201806301238_018,9,8,Boat,999,1008,269,277
201806301238_019,19,14,Boat,952,971,273,287
201806301238_017,16,14,Motorboat,985,1001,255,269
201806301238_018,24,18,Motorboat,979,1003,253,271
201806301238_019,31,24,Motorboat,791,822,247,271
201806301238_020,70,52,Motorboat,586,656,235,287
201806301238_017,3,17,Seamark,823,826,257,274
201806301238_018,10,26,Seamark,891,901,255,281
201806301238_019,13,42,Seamark,824,837,252,294
201806301238_020,18,62,Seamark,846,864,250,312
201806301238_021,50,178,Seamark,1111,1161,251,429
201806301238_021,5,28,Seamark,1170,1175,276,304
201806301238_022,5,42,Seamark,1181,1186,279,321
201806301238_022,40,46,Passengership,1242,1282,251,297
201806301238_023,131,46,Passengership,1143,1274,261,307
201806301238_024,148,79,Miscboat,1096,1244,221,300
201806301238_025,161,86,Miscboat,1073,1234,217,303
201806301238_025,16,12,Boat,443,459,261,273
201806301238_026,22,23,Boat,308,330,261,284
201806301238_025,18,16,Motorboat,573,591,254,270
201806301238_026,26,23,Motorboat,499,525,253,276
201806301238_027,33,25,Motorboat,332,365,257,282
201806301238_028,63,70,Motorboat,2,65,272,342
201806301238_029,37,31,Cargoship,203,240,250,281
201806301238_030,83,53,Cargoship,196,279,241,294
201806301238_031,128,94,Cargoship,101,229,235,329
201806301238_032,135,98,Cargoship,5,140,235,333
201806301238_031,129,51,Cargoship,92,221,252,303
201806301238_032,86,76,Militaryship,234,320,208,284
201806301238_033,103,81,Militaryship,151,254,216,297
201806301238_034,148,100,Militaryship,118,266,204,304
201806301238_035,183,146,Militaryship,9,192,185,331
201806301238_035,70,73,Militaryship,198,268,223,296
201806301238_036,119,164,Militaryship,107,226,151,315
201806301238_036,48,103,Militaryship,226,274,189,292
201806301238_037,110,81,Militaryship,30,140,232,313
201806301238_035,53,73,Cruiseship,274,327,205,278
201806301238_036,96,89,Cruiseship,273,369,195,284
201806301238_037,105,96,Cruiseship,215,320,183,279
201806301238_038,176,129,Cruiseship,148,324,164,293
201806301238_039,285,225,Cruiseship,0,285,96,321
201806301238_040,92,222,Cruiseship,-1,91,100,322
201806301238_038,12,9,Boat,517,529,260,269
201806301238_039,15,13,Boat,496,511,264,277
201806301238_040,36,25,Militaryship,316,352,259,284
201806301238_041,51,37,Militaryship,229,280,258,295
201806301238_042,97,51,Militaryship,90,187,267,318
201806301238_039,52,75,Militaryship,249,301,209,284
201806301238_040,107,96,Militaryship,95,202,205,301
201806301238_041,199,113,Militaryship,11,210,202,315
201806301238_037,34,32,Militaryship,317,351,239,271
201806301238_038,39,51,Militaryship,340,379,225,276
201806301238_039,59,73,Militaryship,302,361,208,281
201806301238_040,98,107,Militaryship,210,308,190,297
201806301238_038,31,15,Miscboat,381,412,256,271
201806301238_039,34,16,Miscboat,373,407,256,272
201806301238_040,46,24,Miscboat,352,398,259,283
201806301238_041,69,21,Miscboat,291,360,270,291
201806301238_042,95,47,Miscboat,206,301,261,308
201806301238_043,164,47,Miscboat,1,165,279,326
201806301238_041,31,23,Passengership,474,505,253,276
201806301238_042,37,27,Passengership,480,517,251,278
201806301238_043,51,21,Passengership,429,480,266,287
201806301238_044,65,28,Passengership,245,310,266,294
201806301238_045,64,32,Passengership,147,211,274,306
201806301238_041,25,16,Miscboat,502,527,258,274
201806301238_042,45,14,Miscboat,511,556,264,278
201806301238_043,41,13,Miscboat,473,514,268,281
201806301238_044,52,20,Miscboat,308,360,267,287
201806301238_045,55,25,Miscboat,241,296,273,298
201806301238_046,84,35,Miscboat,113,197,276,311
201806301238_047,39,38,Miscboat,44,83,269,307
201806301238_035,40,96,Sailboat,314,354,172,268
201806301238_036,32,109,Sailboat,373,405,156,265
201806301238_037,64,111,Sailboat,326,390,156,267
201806301238_038,91,119,Sailboat,370,461,147,266
201806301238_039,67,174,Sailboat,400,467,94,268
201806301238_040,112,213,Sailboat,369,481,67,280
201806301238_041,177,265,Sailboat,306,483,13,278
201806301238_042,185,290,Sailboat,304,489,2,292
201806301238_043,332,303,Sailboat,101,433,3,306
201806301238_044,251,315,Sailboat,8,259,14,329
201806301238_045,148,328,Sailboat,0,148,1,329
201806301238_047,22,28,Miscboat,636,658,248,276
201806301238_048,28,46,Miscboat,705,733,237,283
201806301238_049,45,60,Miscboat,766,811,235,295
201806301238_050,62,46,Miscboat,813,875,257,303
201806301238_051,123,161,Miscboat,941,1064,192,353
201806301238_052,34,140,Miscboat,1247,1281,303,443
201806301238_053,39,13,Boat,230,269,281,294
201806301238_054,49,17,Boat,183,232,285,302
201806301238_055,74,32,Boat,54,128,281,313
201806301238_052,38,17,Ferry,541,579,250,267
201806301238_053,38,12,Ferry,557,595,257,269
201806301238_051,28,44,Miscboat,672,700,234,278
201806301238_052,52,54,Miscboat,653,705,235,289
201806301238_053,46,48,Miscboat,657,703,239,287
201806301238_054,51,92,Miscboat,724,775,198,290
201806301238_055,77,106,Miscboat,790,867,199,305
201806301238_056,136,126,Miscboat,873,1009,206,332
201806301238_057,111,153,Miscboat,1171,1282,301,454
201806301238_053,37,71,Sailboat,288,325,219,290
201806301238_054,42,81,Sailboat,296,338,210,291
201806301238_055,71,120,Sailboat,250,321,171,291
201806301238_056,62,146,Sailboat,174,236,163,309
201806301238_057,92,193,Sailboat,1,93,133,326
201806301238_053,34,91,Sailboat,360,394,192,283
201806301238_054,51,101,Sailboat,405,456,180,281
201806301238_055,69,73,Sailboat,384,453,207,280
201806301238_058,77,136,Sailboat,214,291,163,299
201806301238_059,61,238,Sailboat,7,68,92,330
201806301238_056,115,141,Sailboat,302,417,144,285
201806301238_057,128,201,Sailboat,188,316,99,300
201806301238_058,140,265,Sailboat,1,141,55,320
201806301238_053,35,75,Sailboat,325,360,211,286
201806301238_054,53,114,Sailboat,348,401,179,293
201806301238_055,54,115,Sailboat,330,384,170,285
201806301238_055,28,11,Boat,737,765,272,283
201806301238_056,33,16,Boat,777,810,276,292
201806301238_057,40,29,Boat,838,878,288,317
201806301238_056,26,21,Motorboat,766,792,264,285
201806301238_057,30,37,Motorboat,804,834,269,306
201806301238_058,89,60,Motorboat,842,931,277,337
201806301238_056,19,111,Sailboat,747,766,171,282
201806301238_057,18,138,Sailboat,751,769,150,288
201806301238_059,43,48,Passengership,705,748,233,281
201806301238_060,64,58,Passengership,668,732,232,290
201806301238_061,93,91,Passengership,728,821,219,310
201806301238_062,227,193,Passengership,856,1083,186,379
201806301238_063,336,382,Passengership,938,1274,65,447
201806301238_059,118,85,Passengership,756,874,217,302
201806301238_060,227,259,Passengership,759,986,87,346
201806301238_061,364,362,Passengership,917,1281,114,476
201806301238_057,33,174,Sailboat,770,803,120,294
201806301238_058,55,259,Sailboat,780,835,53,312
201806301238_058,46,28,Ferry,639,685,244,272
201806301238_059,146,35,Ferry,390,536,258,293
201806301238_051,40,13,Ferry,537,577,256,269
201806301238_052,38,14,Ferry,531,569,251,265
201806301238_053,35,13,Ferry,549,584,254,267
201806301238_054,37,15,Ferry,635,672,254,269
201806301238_055,61,29,Ferry,659,720,246,275
201806301238_056,58,28,Ferry,679,737,246,274
201806301238_057,53,25,Ferry,671,724,248,273
201806301238_059,57,21,Passengership,528,585,248,269
201806301238_060,85,22,Passengership,482,567,248,270
201806301238_061,95,19,Passengership,516,611,250,269
201806301238_062,75,22,Passengership,548,623,246,268
201806301238_063,58,46,Passengership,509,567,232,278
201806301238_064,82,81,Passengership,459,541,209,290
201806301238_060,202,59,Ferry,83,285,257,316
201806301238_061,98,45,Miscboat,100,198,251,296
201806301238_065,73,44,Passengership,323,396,239,283
201806301238_066,102,65,Passengership,252,354,233,298
201806301238_067,160,107,Passengership,1,161,209,316
201806301238_058,22,22,Miscboat,421,443,251,273
201806301238_059,47,27,Miscboat,305,352,256,283
201806301238_060,13,7,Boat,477,490,271,278
201806301238_061,26,18,Boat,408,434,280,298
201806301238_058,76,140,Sailboat,296,372,160,300
201806301238_059,104,189,Sailboat,118,222,120,309
201806301238_061,27,27,Miscboat,704,731,257,284
201806301238_062,52,61,Miscboat,762,814,239,300
201806301238_063,122,208,Miscboat,778,900,128,336
201806301238_064,320,280,Miscboat,959,1279,231,511
201806301238_063,41,85,Miscboat,739,780,224,309
201806301238_064,86,158,Miscboat,820,906,188,346
201806301238_064,35,28,Miscboat,672,707,262,290
201806301238_065,68,52,Miscboat,803,871,257,309
201806301238_061,33,27,Passengership,448,481,245,272
201806301238_062,38,26,Passengership,435,473,243,269
201806301238_063,46,35,Passengership,339,385,243,278
201806301238_064,60,27,Passengership,297,357,250,277
201806301238_062,36,42,Miscboat,725,761,241,283
201806301238_063,76,73,Miscboat,678,754,233,306
201806301238_064,90,86,Miscboat,719,809,236,322
201806301238_065,65,89,Miscboat,876,941,252,341
201806301238_063,20,11,Miscboat,396,416,262,273
201806301238_064,21,17,Miscboat,373,394,258,275
201806301238_065,25,13,Miscboat,423,448,261,274
201806301238_066,28,14,Miscboat,400,428,262,276
201806301238_067,45,29,Miscboat,253,298,260,289
201806301238_068,49,36,Miscboat,7,56,278,314
201806301238_066,33,18,Motorboat,400,433,266,284
201806301238_065,27,22,Miscboat,519,546,248,270
201806301238_066,33,21,Miscboat,520,553,255,276
201806301238_067,41,28,Miscboat,421,462,248,276
201806301238_068,62,29,Miscboat,288,350,257,286
201806301238_069,96,43,Miscboat,87,183,265,308
201806301238_065,18,17,Miscboat,548,566,253,270
201806301238_066,21,15,Miscboat,554,575,258,273
201806301238_067,33,26,Miscboat,463,496,247,273
201806301238_068,36,22,Miscboat,355,391,260,282
201806301238_069,63,34,Miscboat,197,260,262,296
201806301238_059,50,74,Sailboat,221,271,215,289
201806301238_053,33,61,Sailboat,394,427,220,281
201806301238_053,28,48,Sailboat,428,456,228,276
201806301238_055,74,133,Sailboat,177,251,164,297
201806301238_056,65,171,Sailboat,110,175,140,311
201806301238_056,58,137,Sailboat,240,298,163,300
201806301238_058,47,177,Sailboat,688,735,113,290
201806301238_058,31,194,Sailboat,740,771,117,311
201806301238_041,25,6,Ferry,553,578,256,262
201806301238_062,17,11,Ferry,480,497,255,266
201806301238_046,74,51,Miscboat,51,125,265,316
201806301238_065,278,213,Passengership,4,282,179,392
201806301238_062,40,102,Passengership,816,856,216,318
201806301238_058,117,39,Motorboat,108,225,271,310
201806301238_059,218,192,Motorboat,1053,1271,261,453
201806301238_064,22,21,Boat,650,672,255,276
201806301238_001,19,15,Boat,556,575,265,280
201806301238_000,10,8,Motorboat,839,849,264,272
201806301238_030,29,23,Motorboat,1148,1177,258,281
201806301238_040,42,32,Motorboat,292,334,282,314
201806301238_058,82,54,Boat,959,1041,315,369
201806301238_058,45,47,Boat,905,950,308,355
201806301238_069,154,142,Motorboat,1092,1246,234,376
201806301238_070,71,24,Motorboat,915,986,268,292
201806301238_070,33,19,Boat,380,413,281,300
201806301238_010,50,20,Militaryship,248,298,252,272
201806301238_032,95,72,Militaryship,135,230,233,305
201806301238_065,348,252,Miscboat,928,1276,203,455
201806301238_066,163,291,Miscboat,1117,1280,119,410
201806301238_000,5,9,Seamark,1012,1017,262,271
201806301238_009,5,12,Seamark,373,378,261,273
201806301238_018,10,22,Seamark,1148,1158,268,290
201806301238_027,17,78,Seamark,1155,1172,270,348
201806301238_030,11,19,Seamark,1120,1131,265,284
201806301238_063,14,11,Miscboat,485,499,257,268
201806301238_063,22,19,Miscboat,463,485,251,270
201806301238_060,15,6,Miscellaneous,177,192,313,319
201806301308_000,119,77,Passengership,1159,1278,237,314
201806301308_001,319,134,Passengership,882,1201,191,325
201806301308_002,254,125,Passengership,1019,1273,224,349
201806301308_003,32,27,Miscboat,60,92,262,289
201806301308_004,40,41,Miscboat,73,113,259,300
201806301308_003,33,31,Miscboat,92,125,253,284
201806301308_004,72,53,Miscboat,131,203,241,294
201806301308_005,42,27,Miscboat,7,49,286,313
201806301308_004,32,24,Miscboat,205,237,262,286
201806301308_005,80,36,Miscboat,59,139,266,302
201806301308_004,49,35,Miscboat,248,297,246,281
201806301308_005,86,30,Miscboat,167,253,261,291
201806301308_006,115,52,Miscboat,1,116,261,313
201806301308_004,26,34,Passengership,295,321,241,275
201806301308_005,65,46,Passengership,258,323,235,281
201806301308_006,128,78,Passengership,129,257,227,305
201806301308_005,60,37,Miscboat,817,877,255,292
201806301308_006,119,78,Miscboat,985,1104,243,321
201806301308_007,157,186,Sailboat,975,1132,139,325
201806301308_008,164,108,Ferry,1105,1269,261,369
201806301308_009,266,398,Sailboat,1014,1280,0,398
201806301308_010,252,363,Sailboat,1029,1281,1,364
201806301308_011,184,319,Sailboat,1048,1232,31,350
201806301308_012,216,329,Sailboat,1065,1281,19,348
201806301308_013,157,379,Sailboat,1124,1281,1,380
201806301308_005,47,75,Sailboat,761,808,208,283
201806301308_006,66,98,Sailboat,887,953,192,290
201806301308_003,24,24,Passengership,172,196,249,273
201806301308_004,37,34,Passengership,321,358,240,274
201806301308_005,60,46,Passengership,321,381,233,279
201806301308_006,87,68,Passengership,270,357,224,292
201806301308_005,68,20,Ferry,708,776,254,274
201806301308_006,126,60,Ferry,765,891,239,299
201806301308_007,155,74,Ferry,737,892,243,317
201806301308_003,17,17,Passengership,195,212,253,270
201806301308_004,34,26,Passengership,358,392,241,267
201806301308_005,58,31,Passengership,386,444,239,270
201806301308_006,68,96,Passengership,397,465,178,274
201806301308_007,127,158,Passengership,167,294,136,294
201806301308_008,243,113,Passengership,5,248,205,318
201806301308_006,22,16,Motorboat,503,525,252,268
201806301308_007,24,18,Motorboat,367,391,254,272
201806301308_008,41,29,Motorboat,413,454,250,279
201806301308_009,57,40,Motorboat,270,327,252,292
201806301308_010,106,73,Motorboat,50,156,248,321
201806301308_006,10,8,Motorboat,627,637,255,263
201806301308_007,15,12,Motorboat,509,524,256,268
201806301308_008,21,13,Motorboat,658,679,262,275
201806301308_009,38,27,Motorboat,595,633,264,291
201806301308_010,105,82,Motorboat,311,416,280,362
201806301308_009,10,9,Motorboat,565,575,255,264
201806301308_010,14,14,Motorboat,520,534,256,270
201806301308_011,21,20,Motorboat,438,459,260,280
201806301308_012,60,73,Miscboat,331,391,218,291
201806301308_013,104,150,Miscboat,0,104,182,332
201806301308_008,176,272,Sailboat,901,1077,47,319
201806301308_009,137,267,Sailboat,930,1067,62,329
201806301308_010,160,311,Sailboat,905,1065,46,357
201806301308_011,231,297,Sailboat,839,1070,17,314
201806301308_012,93,196,Sailboat,938,1031,111,307
201806301308_008,105,127,Sailboat,779,884,148,275
201806301308_009,142,46,Sailboat,729,871,245,291
201806301308_010,152,49,Motorboat,755,907,250,299
201806301308_011,210,68,Motorboat,896,1106,266,334
201806301308_008,38,120,Sailboat,466,504,160,280
201806301308_009,76,159,Sailboat,328,404,125,284
201806301308_010,115,229,Sailboat,165,280,75,304
201806301308_011,76,232,Sailboat,104,180,79,311
201806301308_010,27,26,Motorboat,290,317,265,291
201806301308_011,74,46,Motorboat,26,100,278,324
201806301308_009,23,17,Motorboat,439,462,256,273
201806301308_010,29,23,Motorboat,368,397,257,280
201806301308_011,65,33,Motorboat,213,278,267,300
201806301308_012,71,73,Motorboat,1,72,269,342
201806301308_012,17,17,Motorboat,559,576,249,266
201806301308_013,22,21,Motorboat,407,429,249,270
201806301308_014,32,30,Motorboat,335,367,245,275
201806301308_015,51,39,Motorboat,226,277,250,289
201806301308_015,11,8,Boat,554,565,261,269
201806301308_016,29,17,Boat,494,523,274,291
201806301308_017,23,18,Miscboat,823,846,260,278
201806301308_018,43,34,Miscboat,899,942,258,292
201806301308_019,113,111,Miscboat,934,1047,250,361
201806301308_020,219,77,Passengership,917,1136,303,380
201806301308_016,27,17,Miscboat,765,792,257,274
201806301308_017,28,17,Miscboat,790,818,261,278
201806301308_018,40,29,Miscboat,852,892,264,293
201806301308_019,98,95,Miscboat,829,927,259,354
201806301308_020,249,97,Ferry,1029,1278,298,395
201806301308_011,49,82,Sailboat,684,733,172,254
201806301308_012,63,105,Sailboat,765,828,158,263
201806301308_013,79,133,Sailboat,636,715,141,274
201806301308_014,65,110,Sailboat,663,728,138,248
201806301308_015,77,138,Sailboat,694,771,117,255
201806301308_016,64,176,Sailboat,797,861,80,256
201806301308_017,115,205,Sailboat,799,914,54,259
201806301308_018,91,264,Sailboat,874,965,1,265
201806301308_019,159,252,Sailboat,766,925,1,253
201806301308_020,469,270,Sailboat,762,1231,11,281
201806301308_021,242,454,Sailboat,1039,1281,1,455
201806301308_020,39,94,Militaryship,805,844,197,291
201806301308_021,36,50,Militaryship,810,846,256,306
201806301308_022,165,182,Militaryship,1060,1225,232,414
201806301308_023,268,450,Militaryship,1000,1268,36,486
201806301308_018,18,18,Passengership,755,773,244,262
201806301308_019,25,27,Passengership,578,603,237,264
201806301308_020,27,28,Passengership,587,614,240,268
201806301308_021,74,88,Passengership,395,469,196,284
201806301308_022,107,193,Passengership,-2,105,179,372
201806301308_018,35,84,Cruiseship,838,873,183,267
201806301308_019,82,74,Cruiseship,674,756,192,266
201806301308_020,86,78,Cruiseship,708,794,189,267
201806301308_021,66,151,Cruiseship,630,696,121,272
201806301308_022,120,242,Cruiseship,643,763,52,294
201806301308_023,303,244,Cruiseship,686,989,72,316
201806301308_024,437,415,Cruiseship,844,1281,1,416
201806301308_019,44,53,Militaryship,712,756,218,271
201806301308_020,55,56,Militaryship,748,803,223,279
201806301308_021,107,129,Militaryship,695,802,165,294
201806301308_022,306,243,Militaryship,744,1050,103,346
201806301308_023,41,64,Militaryship,648,689,210,274
201806301308_024,53,83,Militaryship,768,821,200,283
201806301308_025,79,124,Militaryship,758,837,177,301
201806301308_026,164,188,Militaryship,664,828,109,297
201806301308_023,20,34,Militaryship,670,690,242,276
201806301308_024,27,46,Militaryship,799,826,237,283
201806301308_025,99,143,Militaryship,804,903,154,297
201806301308_026,267,178,Militaryship,772,1039,174,352
201806301308_027,389,425,Militaryship,890,1279,1,426
201806301308_029,361,443,Militaryship,886,1247,28,471
201806301308_030,205,285,Militaryship,1055,1260,93,378
201806301308_027,123,194,Militaryship,770,893,109,303
201806301308_028,217,280,Militaryship,805,1022,48,328
201806301308_028,25,12,Miscboat,258,283,255,267
201806301308_029,27,14,Miscboat,126,153,255,269
201806301308_028,20,13,Boat,430,450,252,265
201806301308_029,22,12,Boat,320,342,251,263
201806301308_030,92,108,Cargoship,960,1052,221,329
201806301308_031,68,48,Militaryship,1026,1094,220,268
201806301308_032,85,60,Militaryship,778,863,205,265
201806301308_033,97,67,Militaryship,440,537,193,260
201806301308_034,105,74,Militaryship,421,526,191,265
201806301308_035,124,88,Militaryship,307,431,183,271
201806301308_028,46,63,Sailboat,465,511,190,253
201806301308_029,55,74,Sailboat,361,416,179,253
201806301308_030,58,90,Sailboat,164,222,175,265
201806301308_028,68,13,Miscboat,585,653,251,264
201806301308_029,75,15,Miscboat,496,571,248,263
201806301308_030,93,17,Miscboat,321,414,251,268
201806301308_031,114,30,Miscboat,96,210,246,276
201806301308_031,18,17,Miscboat,593,611,249,266
201806301308_032,52,29,Miscboat,266,318,243,272
201806301308_033,17,8,Boat,527,544,267,275
201806301308_034,46,20,Boat,272,318,276,296
201806301308_032,26,51,Militaryship,749,775,214,265
201806301308_033,32,61,Militaryship,410,442,207,268
201806301308_034,72,75,Militaryship,378,450,193,268
201806301308_035,29,83,Militaryship,266,295,190,273
201806301308_036,75,110,Militaryship,1,76,174,284
201806301308_037,4,8,Seamark,166,170,255,263
201806301308_038,6,11,Seamark,83,89,256,267
201806301308_039,5,10,Seamark,52,57,257,267
201806301308_033,4,10,Seamark,709,713,252,262
201806301308_034,6,12,Seamark,710,716,252,264
201806301308_035,5,12,Seamark,634,639,254,266
201806301308_036,6,13,Seamark,450,456,252,265
201806301308_037,7,18,Seamark,338,345,251,269
201806301308_038,8,20,Seamark,232,240,255,275
201806301308_039,8,25,Seamark,164,172,253,278
201806301308_041,16,14,Passengership,465,481,247,261
201806301308_042,25,24,Passengership,328,353,241,265
201806301308_043,42,38,Passengership,296,338,237,275
201806301308_044,25,14,Miscboat,458,483,249,263
201806301308_045,39,19,Miscboat,374,413,246,265
201806301308_046,40,19,Miscboat,269,309,249,268
201806301308_047,36,17,Miscboat,154,190,252,269
201806301308_040,5,6,Seamark,270,275,255,261
201806301308_041,3,8,Seamark,276,279,252,260
201806301308_042,3,7,Seamark,199,202,256,263
201806301308_043,5,12,Seamark,288,293,252,264
201806301308_044,22,17,Miscboat,422,444,245,262
201806301308_045,24,19,Miscboat,337,361,243,262
201806301308_046,26,21,Miscboat,224,250,244,265
201806301308_047,34,20,Miscboat,113,147,248,268
201806301308_047,69,66,Militaryship,930,999,241,307
201806301308_048,143,230,Militaryship,1125,1268,139,369
201806301308_044,59,21,Passengership,493,552,241,262
201806301308_045,68,19,Passengership,424,492,243,262
201806301308_046,75,28,Passengership,330,405,238,266
201806301308_047,74,32,Passengership,240,314,235,267
201806301308_048,84,46,Passengership,104,188,226,272
201806301308_049,4,34,Seamark,957,961,272,306
201806301308_050,13,76,Seamark,1025,1038,294,370
201806301308_051,35,223,Seamark,1246,1281,367,590
201806301308_048,18,18,Motorboat,743,761,257,275
201806301308_049,27,25,Motorboat,605,632,253,278
201806301308_050,36,38,Motorboat,253,289,251,289
201806301308_049,62,115,Sailboat,731,793,170,285
201806301308_050,89,186,Sailboat,437,526,116,302
201806301308_051,19,10,Boat,932,951,278,288
201806301308_052,61,31,Boat,254,315,302,333
201806301308_007,88,147,Sailboat,703,791,142,289
201806301308_028,25,40,Sailboat,391,416,216,256
201806301308_049,79,125,Sailboat,117,196,159,284
201806301308_049,41,118,Sailboat,185,226,158,276
201806301308_000,47,13,Ferry,641,688,253,266
201806301308_044,38,23,Motorboat,373,411,240,263
201806301308_047,40,19,Miscboat,193,233,249,268
201806301308_050,32,27,Motorboat,77,109,269,296
201806301308_000,126,77,Motorboat,430,556,272,349
201806301308_012,54,45,Motorboat,277,331,273,318
201806301308_030,18,11,Motorboat,282,300,258,269
201806301308_049,19,20,Motorboat,372,391,257,277
201806301308_048,18,15,Motorboat,654,672,261,276
201806301308_049,49,20,Motorboat,500,549,262,282
201806301308_032,65,21,Militaryship,585,650,243,264
201806301308_041,22,20,Miscboat,582,604,248,268
201806301308_041,24,14,Miscboat,639,663,248,262
201806301308_003,37,30,Miscboat,20,57,266,296
201806301308_021,99,51,Miscboat,968,1067,277,328
201806301308_021,96,78,Miscboat,850,946,253,331
201806301308_037,3,17,Seamark,206,209,261,278
201806301308_045,7,15,Seamark,108,115,256,271
201806301308_051,4,13,Seamark,891,895,264,277
201806301308_051,9,54,Seamark,41,50,284,338
201806301308_052,4,15,Seamark,416,420,258,273
201806301308_035,32,12,Miscboat,737,769,248,260
201806301308_045,25,9,Boat,288,313,262,271
201806301338_001,5,22,Seamark,100,105,262,284
201806301338_002,9,24,Seamark,28,37,266,290
201806301338_001,67,29,Miscboat,1030,1097,259,288
201806301338_002,100,48,Miscboat,1147,1247,254,302
201806301338_000,75,30,Miscboat,514,589,251,281
201806301338_001,106,49,Miscboat,933,1039,240,289
201806301338_002,111,59,Miscboat,1030,1141,246,305
201806301338_003,87,69,Miscboat,1193,1280,249,318
201806301338_001,116,57,Miscboat,816,932,227,284
201806301338_002,129,74,Miscboat,883,1012,219,293
201806301338_003,180,81,Miscboat,977,1157,211,292
201806301338_004,124,196,Miscboat,1092,1216,120,316
201806301338_006,11,19,Seamark,502,513,250,269
201806301338_007,6,21,Seamark,249,255,257,278
201806301338_005,7,22,Seamark,1213,1220,260,282
201806301338_006,12,27,Seamark,1117,1129,257,284
201806301338_007,13,36,Seamark,1019,1032,253,289
201806301338_008,17,70,Seamark,1151,1168,255,325
201806301338_010,9,12,Seamark,620,629,247,259
201806301338_011,10,14,Seamark,576,586,247,261
201806301338_012,3,12,Seamark,568,571,250,262
201806301338_013,3,12,Seamark,573,576,252,264
201806301338_014,2,19,Seamark,562,564,250,269
201806301338_015,3,18,Seamark,612,615,246,264
201806301338_016,3,16,Seamark,637,640,249,265
201806301338_017,6,19,Seamark,682,688,249,268
201806301338_018,10,25,Seamark,662,672,252,277
201806301338_019,13,44,Seamark,698,711,251,295
201806301338_020,35,121,Seamark,946,981,252,373
201806301338_016,2,10,Seamark,665,667,249,259
201806301338_017,5,10,Seamark,713,718,249,259
201806301338_018,7,19,Seamark,691,698,246,265
201806301338_019,6,17,Seamark,725,731,250,267
201806301338_020,7,22,Seamark,850,857,252,274
201806301338_021,13,29,Seamark,806,819,251,280
201806301338_022,19,34,Seamark,688,707,256,290
201806301338_023,18,32,Seamark,653,671,261,293
201806301338_024,16,29,Seamark,685,701,270,299
201806301338_025,22,99,Seamark,798,820,298,397
201806301338_022,15,47,Seamark,752,767,252,299
201806301338_023,36,108,Seamark,809,845,248,356
201806301338_010,4,14,Seamark,367,371,254,268
201806301338_011,5,12,Seamark,296,301,259,271
201806301338_012,7,17,Seamark,237,244,256,273
201806301338_013,6,22,Seamark,171,177,258,280
201806301338_014,6,24,Seamark,90,96,264,288
201806301338_010,3,13,Seamark,737,740,253,266
201806301338_011,5,15,Seamark,705,710,252,267
201806301338_012,6,16,Seamark,704,710,251,267
201806301338_013,5,22,Seamark,734,739,251,273
201806301338_014,8,20,Seamark,745,753,257,277
201806301338_015,16,32,Seamark,850,866,251,283
201806301338_016,19,61,Seamark,1023,1042,243,304
201806301338_016,3,15,Seamark,223,226,258,273
201806301338_017,5,18,Seamark,204,209,257,275
201806301338_018,10,19,Seamark,43,53,264,283
201806301338_038,39,153,Sailboat,3,42,151,304
201806301338_039,32,71,Sailboat,298,330,209,280
201806301338_040,17,51,Sailboat,388,405,221,272
201806301338_032,15,10,Miscboat,924,939,256,266
201806301338_033,16,11,Miscboat,911,927,253,264
201806301338_034,18,12,Miscboat,912,930,252,264
201806301338_035,15,8,Miscboat,891,906,261,269
201806301338_036,16,9,Miscboat,916,932,255,264
201806301338_037,18,10,Miscboat,886,904,254,264
201806301338_038,16,8,Miscboat,863,879,257,265
201806301338_045,49,89,Sailboat,460,509,191,280
201806301338_046,33,67,Sailboat,342,375,209,276
201806301338_047,21,41,Sailboat,191,212,230,271
201806301338_048,22,34,Sailboat,54,76,246,280
201806301338_058,4,21,Seamark,1253,1257,261,282
201806301338_059,10,22,Seamark,911,921,254,276
201806301338_060,21,36,Seamark,933,954,250,286
201806301338_061,14,45,Seamark,956,970,252,297
201806301338_062,20,62,Seamark,1063,1083,254,316
201806301338_058,6,16,Seamark,961,967,254,270
201806301338_059,7,20,Seamark,537,544,250,270
201806301338_060,11,25,Seamark,429,440,249,274
201806301338_061,6,26,Seamark,312,318,254,280
201806301338_062,10,30,Seamark,222,232,255,285
201806301338_059,6,13,Seamark,895,901,253,266
201806301338_060,7,14,Seamark,855,862,251,265
201806301338_061,5,14,Seamark,803,808,251,265
201806301338_062,4,13,Seamark,800,804,252,265
201806301338_000,116,55,Motorboat,1164,1280,287,342
201806301338_004,149,47,Miscboat,1131,1280,275,322
201806301338_000,25,158,Sailboat,742,767,133,291
201806301338_001,37,198,Sailboat,1218,1255,110,308
201806301338_000,25,166,Sailboat,795,820,128,294
201806301338_044,122,170,Sailboat,926,1048,140,310
201806301338_000,100,60,Passengership,887,987,223,283
201806301338_013,2,10,Seamark,589,591,251,261
201806301338_013,2,10,Seamark,285,287,257,267
201806301338_057,13,20,Seamark,926,939,251,271
201806301338_058,6,20,Seamark,241,247,253,273
201806301338_061,5,15,Seamark,1137,1142,259,274
201806301338_001,62,22,Miscboat,1100,1162,267,289
201806301409_000,10,28,Seamark,147,157,254,282
201806301409_001,7,32,Seamark,25,32,258,290
201806301409_000,12,31,Seamark,868,880,250,281
201806301409_001,11,37,Seamark,911,922,253,290
201806301409_002,19,56,Seamark,908,927,252,308
201806301409_000,4,9,Seamark,959,963,254,263
201806301409_001,9,15,Seamark,965,974,255,270
201806301409_002,8,14,Seamark,885,893,253,267
201806301409_003,7,13,Seamark,881,888,257,270
201806301409_004,3,12,Seamark,878,881,255,267
201806301409_005,8,19,Seamark,790,798,248,267
201806301409_006,10,25,Seamark,737,747,248,273
201806301409_007,10,30,Seamark,765,775,253,283
201806301409_008,15,59,Seamark,869,884,249,308
201806301409_009,33,104,Seamark,1095,1128,256,360
201806301409_001,15,7,Motorboat,827,842,252,259
201806301409_002,9,8,Motorboat,751,760,252,260
201806301409_003,8,7,Motorboat,732,740,256,263
201806301409_004,6,6,Motorboat,696,702,254,260
201806301409_005,10,8,Motorboat,562,572,252,260
201806301409_006,14,13,Motorboat,450,464,258,271
201806301409_007,31,23,Motorboat,306,337,267,290
201806301409_005,4,17,Seamark,253,257,252,269
201806301409_006,8,16,Seamark,67,75,265,281
201806301409_008,6,14,Seamark,905,911,251,265
201806301409_009,6,16,Seamark,965,971,252,268
201806301409_010,3,14,Seamark,922,925,255,269
201806301409_011,6,19,Seamark,817,823,253,272
201806301409_012,10,24,Seamark,806,816,256,280
201806301409_013,15,38,Seamark,807,822,250,288
201806301409_014,25,79,Seamark,1055,1080,259,338
201806301409_010,44,20,Militaryship,1217,1261,244,264
201806301409_011,81,39,Militaryship,1104,1185,227,266
201806301409_012,90,43,Militaryship,1101,1191,223,266
201806301409_013,91,41,Militaryship,1105,1196,230,271
201806301409_011,15,15,Motorboat,726,741,252,267
201806301409_012,23,14,Motorboat,585,608,260,274
201806301409_013,43,29,Motorboat,317,360,265,294
201806301409_012,20,9,Motorboat,781,801,262,271
201806301409_013,26,12,Motorboat,534,560,265,277
201806301409_001,12,27,Cruiseship,960,972,233,260
201806301409_002,13,25,Cruiseship,862,875,236,261
201806301409_003,14,28,Cruiseship,832,846,235,263
201806301409_004,18,26,Cruiseship,806,824,231,257
201806301409_005,19,29,Cruiseship,688,707,224,253
201806301409_006,20,31,Cruiseship,608,628,220,251
201806301409_007,24,34,Cruiseship,589,613,224,258
201806301409_008,23,39,Cruiseship,622,645,220,259
201806301409_009,25,43,Cruiseship,649,674,218,261
201806301409_010,26,38,Cruiseship,573,599,221,259
201806301409_011,25,42,Cruiseship,418,443,221,263
201806301409_012,27,45,Cruiseship,337,364,213,258
201806301409_013,29,53,Cruiseship,254,283,209,262
201806301409_014,34,62,Cruiseship,272,306,207,269
201806301409_015,109,26,Militaryship,1073,1182,247,273
201806301409_016,121,65,Militaryship,1094,1215,211,276
201806301409_017,76,77,Militaryship,1202,1278,203,280
201806301409_019,43,50,Militaryship,1066,1109,214,264
201806301409_011,21,9,Miscboat,832,853,252,261
201806301409_012,21,11,Miscboat,787,808,250,261
201806301409_013,16,6,Miscboat,760,776,255,261
201806301409_014,26,13,Miscboat,842,868,254,267
201806301409_015,20,8,Miscboat,599,619,256,264
201806301409_016,24,9,Miscboat,527,551,260,269
201806301409_017,26,10,Miscboat,511,537,264,274
201806301409_018,38,19,Miscboat,388,426,256,275
201806301409_015,6,18,Seamark,829,835,252,270
201806301409_016,6,21,Seamark,808,814,253,274
201806301409_017,7,35,Seamark,863,870,250,285
201806301409_018,15,48,Seamark,884,899,248,296
201806301409_019,49,124,Seamark,891,940,237,361
201806301409_020,23,6,Motorboat,850,873,256,262
201806301409_021,18,12,Motorboat,763,781,251,263
201806301409_022,16,11,Motorboat,750,766,252,263
201806301409_023,15,10,Motorboat,761,776,250,260
201806301409_024,26,16,Motorboat,817,843,246,262
201806301409_025,24,15,Motorboat,1032,1056,254,269
201806301409_026,22,14,Motorboat,1135,1157,259,273
201806301409_016,23,18,Passengership,1051,1074,248,266
201806301409_017,38,21,Passengership,1073,1111,246,267
201806301409_018,61,32,Passengership,975,1036,236,268
201806301409_019,93,46,Passengership,663,756,226,272
201806301409_020,171,110,Passengership,4,175,217,327
201806301409_015,27,15,Passengership,1027,1054,249,264
201806301409_016,35,17,Passengership,956,991,250,267
201806301409_017,53,24,Passengership,908,961,245,269
201806301409_018,86,59,Passengership,723,809,214,273
201806301409_019,284,112,Passengership,6,290,201,313
201806301409_020,56,38,Passengership,512,568,239,277
201806301409_021,134,86,Passengership,1,135,236,322
201806301409_020,212,145,Militaryship,1067,1279,154,299
201806301409_021,108,85,Militaryship,1061,1169,210,295
201806301409_022,101,79,Militaryship,1176,1277,215,294
201806301409_024,18,10,Boat,316,334,261,271
201806301409_025,36,23,Boat,406,442,280,303
201806301409_023,13,9,Motorboat,788,801,250,259
201806301409_024,14,10,Motorboat,854,868,249,259
201806301409_025,15,11,Motorboat,1070,1085,255,266
201806301409_026,23,13,Motorboat,1167,1190,263,276
201806301409_026,30,18,Motorboat,901,931,256,274
201806301409_027,23,23,Motorboat,1224,1247,256,279
201806301409_025,32,29,Cargoship,152,184,254,283
201806301409_026,45,38,Cargoship,36,81,259,297
201806301409_027,103,69,Cargoship,46,149,242,311
201806301409_028,61,56,Cargoship,1,62,251,307
201806301409_028,71,68,Militaryship,57,128,228,296
201806301409_029,83,82,Militaryship,102,185,212,294
201806301409_030,55,103,Sailboat,228,283,171,274
201806301409_031,52,96,Sailboat,363,415,168,264
201806301409_032,56,122,Sailboat,424,480,135,257
201806301409_033,53,124,Sailboat,447,500,139,263
201806301409_034,84,129,Sailboat,435,519,131,260
201806301409_035,94,157,Sailboat,558,652,103,260
201806301409_036,89,181,Sailboat,450,539,83,264
201806301409_037,128,226,Sailboat,402,530,46,272
201806301409_038,191,269,Sailboat,321,512,6,275
201806301409_039,208,293,Sailboat,254,462,1,294
201806301409_040,382,312,Sailboat,1,383,5,317
201806301409_041,320,327,Sailboat,8,328,10,337
201806301409_028,61,51,Militaryship,132,193,229,280
201806301409_030,143,148,Militaryship,40,183,158,306
201806301409_031,120,170,Militaryship,0,120,162,332
201806301409_032,169,159,Militaryship,17,186,153,312
201806301409_033,69,140,Militaryship,1,70,183,323
201806301409_030,35,90,Militaryship,181,216,196,286
201806301409_031,77,70,Militaryship,173,250,221,291
201806301409_030,8,5,Boat,332,340,264,269
201806301409_031,10,6,Boat,456,466,263,269
201806301409_032,29,18,Boat,452,481,272,290
201806301409_033,63,35,Boat,227,290,296,331
201806301409_031,30,64,Militaryship,257,287,219,283
201806301409_032,67,107,Militaryship,194,261,182,289
201806301409_033,122,140,Militaryship,70,192,168,308
201806301409_030,31,63,Cruiseship,214,245,212,275
201806301409_031,66,69,Cruiseship,296,362,200,269
201806301409_032,93,83,Cruiseship,311,404,183,266
201806301409_033,107,97,Cruiseship,302,409,181,278
201806301409_034,162,119,Cruiseship,232,394,164,283
201806301409_035,268,163,Cruiseship,210,478,133,296
201806301409_036,305,302,Cruiseship,-2,303,23,325
201806301409_037,111,270,Cruiseship,0,111,64,334
201806301409_034,22,31,Militaryship,387,409,241,272
201806301409_035,37,50,Militaryship,466,503,223,273
201806301409_036,53,71,Militaryship,300,353,214,285
201806301409_037,133,69,Militaryship,114,247,228,297
201806301409_038,61,44,Militaryship,238,299,253,297
201806301409_039,75,61,Militaryship,1,76,266,327
201806301409_033,27,23,Militaryship,416,443,245,268
201806301409_034,29,28,Militaryship,413,442,245,273
201806301409_035,49,70,Militaryship,509,558,206,276
201806301409_036,67,86,Militaryship,356,423,195,281
201806301409_037,137,116,Militaryship,243,380,177,293
201806301409_038,224,162,Militaryship,11,235,172,334
201806301409_037,38,22,Miscboat,402,440,257,279
201806301409_038,68,43,Miscboat,313,381,247,290
201806301409_039,124,96,Miscboat,130,254,216,312
201806301409_037,15,15,Passengership,526,541,252,267
201806301409_038,16,16,Passengership,508,524,253,269
201806301409_039,18,18,Passengership,466,484,252,270
201806301409_040,49,20,Passengership,378,427,262,282
201806301409_041,81,31,Passengership,313,394,266,297
201806301409_035,23,10,Passengership,643,666,250,260
201806301409_036,25,11,Passengership,534,559,251,262
201806301409_037,18,15,Passengership,544,562,252,267
201806301409_038,39,15,Passengership,514,553,257,272
201806301409_039,43,16,Passengership,474,517,255,271
201806301409_040,38,17,Passengership,429,467,260,277
201806301409_041,47,38,Passengership,396,443,252,290
201806301409_037,37,21,Ferry,641,678,247,268
201806301409_038,41,23,Ferry,850,891,248,271
201806301409_039,45,25,Ferry,927,972,249,274
201806301409_040,62,30,Ferry,953,1015,256,286
201806301409_041,87,42,Ferry,1072,1159,259,301
201806301409_042,162,55,Ferry,571,733,260,315
201806301409_043,243,89,Ferry,364,607,275,364
201806301409_047,56,36,Miscboat,867,923,252,288
201806301409_048,67,81,Miscboat,852,919,218,299
201806301409_049,110,70,Miscboat,933,1043,245,315
201806301409_051,54,18,Boat,106,160,286,304
201806301409_052,51,29,Boat,0,51,297,326
201806301409_048,13,10,Boat,381,394,264,274
201806301409_049,17,12,Boat,343,360,264,276
201806301409_050,17,13,Boat,311,328,271,284
201806301409_051,19,9,Boat,282,301,279,288
201806301409_051,46,56,Miscboat,563,609,228,284
201806301409_052,79,64,Miscboat,667,746,231,295
201806301409_053,208,199,Miscboat,752,960,162,361
201806301409_055,138,368,Sailboat,959,1097,14,382
201806301409_052,44,85,Sailboat,238,282,208,293
201806301409_053,67,179,Sailboat,117,184,138,317
201806301409_053,34,29,Motorboat,641,675,267,296
201806301409_054,52,66,Motorboat,816,868,265,331
201806301409_055,104,127,Boat,1170,1274,356,483
201806301409_053,31,24,Boat,657,688,278,302
201806301409_054,75,49,Boat,870,945,314,363
201806301409_052,68,81,Sailboat,291,359,206,287
201806301409_053,49,121,Sailboat,213,262,178,299
201806301409_053,73,30,Motorboat,224,297,262,292
201806301409_054,105,43,Motorboat,147,252,270,313
201806301409_053,66,93,Sailboat,265,331,193,286
201806301409_054,79,110,Sailboat,321,400,178,288
201806301409_055,35,124,Sailboat,338,373,170,294
201806301409_052,58,104,Sailboat,173,231,202,306
201806301409_053,89,158,Sailboat,27,116,160,318
201806301409_054,107,336,Sailboat,0,107,24,360
201806301409_048,29,7,Ferry,440,469,261,268
201806301409_049,32,8,Ferry,421,453,261,269
201806301409_050,35,9,Ferry,398,433,260,269
201806301409_051,47,15,Ferry,406,453,256,271
201806301409_052,52,16,Ferry,442,494,257,273
201806301409_053,39,79,Sailboat,362,401,201,280
201806301409_054,53,108,Sailboat,409,462,181,289
201806301409_055,33,60,Sailboat,436,469,226,286
201806301409_056,77,104,Sailboat,115,192,206,310
201806301409_054,42,243,Sailboat,775,817,68,311
201806301409_055,88,258,Sailboat,788,876,50,308
201806301409_056,63,59,Passengership,732,795,227,286
201806301409_057,108,101,Passengership,768,876,207,308
201806301409_058,261,227,Passengership,1017,1278,172,399
201806301409_055,70,293,Sailboat,868,938,27,320
201806301409_056,238,163,Passengership,834,1072,155,318
201806301409_057,207,417,Passengership,1074,1281,1,418
201806301409_052,35,83,Sailboat,595,630,192,275
201806301409_053,47,110,Sailboat,596,643,171,281
201806301409_054,47,164,Sailboat,707,754,125,289
201806301409_055,39,21,Miscboat,483,522,252,273
201806301409_056,37,33,Miscboat,246,283,261,294
201806301409_057,99,49,Miscboat,96,195,260,309
201806301409_057,37,72,Miscboat,722,759,214,286
201806301409_058,71,55,Miscboat,845,916,244,299
201806301409_059,165,131,Miscboat,1003,1168,213,344
201806301409_058,61,53,Miscboat,781,842,239,292
201806301409_059,71,69,Miscboat,844,915,231,300
201806301409_060,44,51,Miscboat,1087,1131,252,303
201806301409_059,46,34,Miscboat,800,846,248,282
201806301409_060,58,37,Miscboat,1019,1077,256,293
201806301409_061,116,56,Miscboat,1150,1266,266,322
201806301409_055,24,15,Boat,761,785,272,287
201806301409_056,26,26,Boat,562,588,280,306
201806301409_057,36,22,Boat,448,484,290,312
201806301409_058,37,23,Boat,547,584,291,314
201806301409_059,39,28,Boat,630,669,294,322
201806301409_060,45,34,Boat,851,896,294,328
201806301409_061,46,33,Boat,922,968,303,336
201806301409_062,46,43,Boat,1226,1272,299,342
201806301409_064,39,34,Motorboat,1110,1149,248,282
201806301409_065,61,52,Motorboat,1216,1277,245,297
201806301409_058,16,9,Miscboat,513,529,260,269
201806301409_059,18,10,Miscboat,511,529,260,270
201806301409_060,20,11,Miscboat,639,659,257,268
201806301409_061,25,13,Miscboat,519,544,263,276
201806301409_062,30,13,Miscboat,600,630,261,274
201806301409_063,38,21,Miscboat,497,535,263,284
201806301409_064,55,25,Miscboat,443,498,266,291
201806301409_065,78,43,Miscboat,341,419,267,310
201806301409_058,14,9,Miscboat,587,601,256,265
201806301409_059,15,10,Miscboat,595,610,255,265
201806301409_060,16,11,Miscboat,732,748,252,263
201806301409_061,18,16,Miscboat,632,650,252,268
201806301409_062,51,17,Miscboat,700,751,251,268
201806301409_063,34,32,Miscboat,621,655,242,274
201806301409_064,45,24,Miscboat,604,649,252,276
201806301409_065,52,43,Miscboat,565,617,242,285
201806301409_066,69,54,Miscboat,358,427,249,303
201806301409_064,24,17,Miscboat,648,672,255,272
201806301409_065,26,21,Miscboat,616,642,257,278
201806301409_066,42,33,Miscboat,432,474,258,291
201806301409_058,18,8,Miscboat,567,585,257,265
201806301409_059,20,9,Miscboat,574,594,257,266
201806301409_060,22,10,Miscboat,709,731,253,263
201806301409_061,26,14,Miscboat,606,632,254,268
201806301409_052,54,105,Sailboat,113,167,202,307
201806301409_055,66,210,Sailboat,149,215,114,324
201806301409_055,89,203,Sailboat,56,145,121,324
201806301409_055,83,162,Sailboat,247,330,139,301
201806301409_056,101,68,Ferry,14,115,256,324
201806301409_018,17,16,Passengership,1068,1085,250,266
201806301409_058,90,102,Passengership,922,1012,223,325
201806301409_014,74,52,Boat,53,127,293,345
201806301409_052,20,11,Boat,633,653,272,283
201806301409_055,46,16,Boat,904,950,346,362
201806301409_019,58,24,Militaryship,1218,1276,252,276
201806301409_016,11,12,Miscboat,1006,1017,252,264
201806301409_026,18,20,Miscboat,1112,1130,253,273
201806301409_020,11,10,Miscboat,745,756,253,263
201806301409_023,37,14,Motorboat,1051,1088,253,267
201806301409_026,34,17,Motorboat,1004,1038,258,275
201806301409_026,22,12,Motorboat,950,972,261,273
201806301409_044,148,46,Miscboat,5,153,291,337
201806301409_046,163,121,Miscboat,250,413,251,372
201806301409_052,58,28,Motorboat,51,109,285,313
201806301409_059,50,57,Miscboat,928,978,251,308
201806301409_008,42,20,Miscboat,383,425,244,264
201806301409_045,70,55,Miscboat,429,499,252,307
201806301409_060,147,206,Miscboat,1133,1280,130,336
201806301409_000,15,20,Seamark,663,678,244,264
201806301409_003,5,11,Seamark,487,492,254,265
201806301409_017,3,12,Seamark,1038,1041,262,274
201806301409_016,5,25,Seamark,794,799,262,287
201806301409_018,41,133,Seamark,1138,1179,298,431
201806301409_020,7,41,Seamark,994,1001,274,315
201806301409_023,10,56,Seamark,1137,1147,257,313
201806301409_024,5,20,Seamark,1111,1116,267,287
201806301409_027,11,21,Seamark,1214,1225,268,289
201806301409_065,34,13,Motorboat,1070,1104,260,273
201806301439_003,44,17,Miscboat,11,55,262,279
201806301439_004,78,43,Miscboat,32,110,251,294
201806301439_003,46,12,Miscboat,59,105,260,272
201806301439_004,52,31,Miscboat,156,208,254,285
201806301439_003,39,18,Miscboat,108,147,254,272
201806301439_004,64,37,Miscboat,222,286,244,281
201806301439_005,109,61,Miscboat,12,121,240,301
201806301439_004,38,21,Miscboat,292,330,251,272
201806301439_005,66,53,Miscboat,126,192,236,289
201806301439_006,36,28,Miscboat,-1,35,270,298
201806301439_003,36,18,Miscboat,170,206,249,267
201806301439_004,52,30,Miscboat,338,390,245,275
201806301439_005,73,37,Miscboat,227,300,244,281
201806301439_006,109,37,Miscboat,104,213,252,289
201806301439_003,14,18,Passengership,210,224,244,262
201806301439_004,33,32,Passengership,390,423,237,269
201806301439_005,56,28,Passengership,300,356,244,272
201806301439_006,84,33,Passengership,220,304,246,279
201806301439_007,105,89,Passengership,7,112,218,307
201806301439_003,39,14,Miscboat,491,530,252,266
201806301439_004,45,31,Miscboat,745,790,247,278
201806301439_005,52,25,Miscboat,778,830,263,288
201806301439_006,60,34,Miscboat,843,903,266,300
201806301439_007,80,131,Sailboat,926,1006,183,314
201806301439_003,22,18,Passengership,228,250,244,262
201806301439_004,35,32,Passengership,423,458,236,268
201806301439_005,49,38,Passengership,361,410,233,271
201806301439_006,63,43,Passengership,313,376,233,276
201806301439_007,140,88,Passengership,132,272,207,295
201806301439_003,49,11,Ferry,357,406,250,261
201806301439_004,54,12,Ferry,633,687,256,268
201806301439_005,69,19,Ferry,678,747,253,272
201806301439_006,68,19,Ferry,737,805,257,276
201806301439_007,131,36,Ferry,814,945,261,297
201806301439_008,228,66,Ferry,956,1184,262,328
201806301439_003,24,16,Passengership,255,279,242,258
201806301439_004,44,25,Passengership,460,504,239,264
201806301439_005,48,22,Passengership,426,474,242,264
201806301439_006,55,29,Passengership,408,463,239,268
201806301439_007,107,47,Passengership,345,452,231,278
201806301439_008,174,64,Passengership,157,331,220,284
201806301439_009,93,74,Passengership,0,93,246,320
201806301439_006,15,9,Boat,524,539,253,262
201806301439_007,25,22,Boat,545,570,247,269
201806301439_008,23,20,Boat,521,544,250,270
201806301439_009,25,22,Boat,503,528,254,276
201806301439_010,25,16,Boat,356,381,266,282
201806301439_009,185,83,Sailboat,1096,1281,298,381
201806301439_010,132,383,Sailboat,1149,1281,1,384
201806301439_011,270,356,Sailboat,990,1260,8,364
201806301439_003,26,12,Boat,437,463,247,259
201806301439_004,80,19,Ferry,624,704,250,269
201806301439_007,61,113,Sailboat,756,817,174,287
201806301439_008,118,202,Sailboat,832,950,103,305
201806301439_009,171,280,Sailboat,955,1126,48,328
201806301439_010,106,201,Sailboat,971,1077,90,291
201806301439_011,128,242,Sailboat,897,1025,84,326
201806301439_012,186,66,Motorboat,1013,1199,321,387
201806301439_007,18,83,Sailboat,528,546,186,269
201806301439_008,41,108,Sailboat,482,523,163,271
201806301439_009,69,165,Sailboat,430,499,118,283
201806301439_009,46,19,Motorboat,817,863,268,287
201806301439_010,113,43,Motorboat,851,964,269,312
201806301439_007,15,10,Motorboat,557,572,256,266
201806301439_008,16,13,Motorboat,538,554,255,268
201806301439_009,9,15,Motorboat,532,541,257,272
201806301439_010,30,24,Motorboat,381,411,258,282
201806301439_011,73,50,Motorboat,43,116,259,309
201806301439_007,7,5,Boat,655,662,261,266
201806301439_008,11,5,Boat,642,653,263,268
201806301439_009,15,10,Boat,626,641,262,272
201806301439_010,43,14,Boat,448,491,264,278
201806301439_011,44,26,Boat,326,370,272,298
201806301439_011,91,165,Sailboat,810,901,138,303
201806301439_012,190,252,Sailboat,932,1122,98,350
201806301439_005,12,13,Motorboat,506,518,250,263
201806301439_006,18,13,Motorboat,500,518,251,264
201806301439_007,25,19,Motorboat,500,525,252,271
201806301439_008,34,21,Motorboat,448,482,252,273
201806301439_009,52,32,Motorboat,374,426,251,283
201806301439_010,95,77,Motorboat,-2,93,251,328
201806301439_009,7,9,Boat,668,675,255,264
201806301439_010,8,10,Boat,593,601,256,266
201806301439_011,25,17,Boat,474,499,257,274
201806301439_012,19,14,Boat,456,475,261,275
201806301439_013,39,21,Boat,352,391,272,293
201806301439_010,135,286,Sailboat,114,249,24,310
201806301439_012,132,78,Motorboat,4,136,270,348
201806301439_012,25,20,Miscboat,381,406,247,267
201806301439_013,27,23,Miscboat,354,381,246,269
201806301439_014,43,27,Miscboat,249,292,248,275
201806301439_012,17,14,Passengership,504,521,248,262
201806301439_013,31,25,Passengership,489,520,243,268
201806301439_014,56,41,Passengership,386,442,235,276
201806301439_012,15,12,Militaryship,620,635,250,262
201806301439_013,19,14,Militaryship,646,665,253,267
201806301439_014,20,16,Militaryship,652,672,250,266
201806301439_015,25,21,Militaryship,608,633,250,271
201806301439_014,20,13,Militaryship,671,691,255,268
201806301439_015,22,14,Militaryship,634,656,254,268
201806301439_016,32,25,Militaryship,723,755,258,283
201806301439_017,41,31,Militaryship,761,802,258,289
201806301439_018,68,53,Militaryship,808,876,260,313
201806301439_019,45,73,Militaryship,978,1023,216,289
201806301439_020,76,68,Militaryship,1061,1137,230,298
201806301439_021,159,88,Militaryship,942,1101,218,306
201806301439_022,260,170,Militaryship,915,1175,162,332
201806301439_023,168,159,Militaryship,1107,1275,198,357
201806301439_015,94,156,Sailboat,627,721,103,259
201806301439_016,107,197,Sailboat,727,834,69,266
201806301439_017,145,234,Sailboat,746,891,26,260
201806301439_018,149,271,Sailboat,789,938,2,273
201806301439_019,122,113,Miscboat,1128,1250,304,417
201806301439_016,21,15,Miscboat,697,718,257,272
201806301439_017,42,25,Miscboat,725,767,261,286
201806301439_018,65,36,Miscboat,750,815,267,303
201806301439_020,45,57,Motorboat,1145,1190,257,314
201806301439_021,108,60,Miscboat,1158,1266,281,341
201806301439_021,64,44,Militaryship,1094,1158,275,319
201806301439_022,76,69,Militaryship,1189,1265,282,351
201806301439_011,48,88,Sailboat,662,710,167,255
201806301439_012,64,118,Sailboat,635,699,146,264
201806301439_013,68,127,Sailboat,666,734,140,267
201806301439_014,78,125,Sailboat,676,754,130,255
201806301439_019,198,281,Sailboat,1034,1232,1,282
201806301439_020,139,331,Sailboat,1138,1277,8,339
201806301439_019,31,90,Cruiseship,948,979,190,280
201806301439_020,101,85,Cruiseship,997,1098,202,287
201806301439_021,130,97,Cruiseship,837,967,186,283
201806301439_022,164,198,Cruiseship,752,916,94,292
201806301439_023,276,187,Cruiseship,780,1056,127,314
201806301439_024,400,285,Cruiseship,881,1281,54,339
201806301439_025,363,398,Cruiseship,919,1282,1,399
201806301439_020,29,37,Militaryship,973,1002,239,276
201806301439_021,58,28,Militaryship,784,842,244,272
201806301439_022,64,38,Militaryship,691,755,233,271
201806301439_023,61,36,Militaryship,704,765,235,271
201806301439_024,72,45,Militaryship,752,824,236,281
201806301439_025,64,98,Militaryship,732,796,188,286
201806301439_026,102,73,Militaryship,792,894,222,295
201806301439_027,235,196,Militaryship,901,1136,159,355
201806301439_029,367,370,Militaryship,895,1262,16,386
201806301439_030,232,199,Militaryship,1049,1281,300,499
201806301439_023,23,24,Passengership,681,704,242,266
201806301439_024,32,32,Passengership,722,754,238,270
201806301439_025,43,43,Passengership,654,697,231,274
201806301439_026,42,87,Passengership,688,730,189,276
201806301439_027,83,79,Passengership,670,753,204,283
201806301439_025,48,85,Militaryship,685,733,194,279
201806301439_026,59,113,Militaryship,733,792,173,286
201806301439_027,171,208,Militaryship,744,915,106,314
201806301439_028,133,185,Militaryship,758,891,120,305
201806301439_029,82,78,Militaryship,905,987,234,312
201806301439_030,90,85,Militaryship,861,951,231,316
201806301439_031,200,271,Militaryship,939,1139,107,378
201806301439_032,296,240,Cargoship,965,1261,205,445
201806301439_031,92,16,Miscboat,277,369,249,265
201806301439_032,103,20,Miscboat,109,212,245,265
201806301439_035,87,30,Miscboat,175,262,241,271
201806301439_036,102,37,Miscboat,8,110,238,275
201806301439_034,4,10,Seamark,843,847,263,273
201806301439_035,8,18,Seamark,762,770,257,275
201806301439_036,7,16,Seamark,688,695,256,272
201806301439_037,6,15,Seamark,478,484,251,266
201806301439_038,4,17,Seamark,339,343,249,266
201806301439_039,8,25,Seamark,196,204,248,273
201806301439_034,62,66,Militaryship,550,612,204,270
201806301439_035,67,75,Militaryship,426,493,193,268
201806301439_036,72,45,Militaryship,310,382,220,265
201806301439_037,61,118,Militaryship,1,62,160,278
201806301439_033,79,28,Militaryship,838,917,243,271
201806301439_034,71,53,Militaryship,611,682,217,270
201806301439_035,111,78,Militaryship,467,578,188,266
201806301439_036,131,86,Militaryship,354,485,178,264
201806301439_037,162,109,Militaryship,63,225,160,269
201806301439_038,6,8,Miscboat,444,450,248,256
201806301439_039,19,15,Miscboat,380,399,242,257
201806301439_040,20,16,Miscboat,306,326,241,257
201806301439_041,18,15,Miscboat,232,250,243,258
201806301439_040,20,24,Passengership,286,306,240,264
201806301439_041,22,28,Passengership,126,148,239,267
201806301439_042,41,37,Passengership,22,63,241,278
201806301439_043,7,8,Seamark,297,304,253,261
201806301439_044,8,9,Seamark,246,254,253,262
201806301439_045,5,13,Seamark,167,172,253,266
201806301439_046,7,14,Seamark,111,118,252,266
201806301439_047,8,15,Seamark,127,135,251,266
201806301439_048,9,19,Seamark,89,98,250,269
201806301439_041,22,16,Militaryship,528,550,246,262
201806301439_042,24,18,Militaryship,607,631,247,265
201806301439_043,25,19,Militaryship,696,721,249,268
201806301439_044,32,22,Militaryship,719,751,249,271
201806301439_045,34,23,Militaryship,698,732,249,272
201806301439_046,42,28,Militaryship,699,741,245,273
201806301439_047,45,40,Militaryship,793,838,243,283
201806301439_041,19,12,Miscboat,258,277,246,258
201806301439_042,19,12,Miscboat,320,339,244,256
201806301439_043,19,10,Miscboat,394,413,246,256
201806301439_044,17,16,Miscboat,371,388,243,259
201806301439_045,19,13,Miscboat,313,332,246,259
201806301439_046,19,13,Miscboat,279,298,247,260
201806301439_047,32,15,Miscboat,326,358,244,259
201806301439_048,32,18,Miscboat,337,369,244,262
201806301439_049,32,21,Miscboat,187,219,244,265
201806301439_050,32,17,Miscboat,194,226,243,260
201806301439_051,32,19,Miscboat,8,40,250,269
201806301439_044,32,11,Miscboat,404,436,248,259
201806301439_045,35,12,Miscboat,349,384,249,261
201806301439_046,38,13,Miscboat,322,360,247,260
201806301439_047,31,13,Miscboat,369,400,249,262
201806301439_048,34,14,Miscboat,378,412,249,263
201806301439_049,37,15,Miscboat,224,261,246,261
201806301439_050,41,32,Miscboat,233,274,227,259
201806301439_051,43,23,Miscboat,70,113,248,271
201806301439_050,30,16,Miscboat,279,309,243,259
201806301439_051,30,14,Miscboat,132,162,253,267
201806301439_051,101,66,Militaryship,891,992,251,317
201806301439_052,186,244,Militaryship,1046,1232,129,373
201806301439_038,11,9,Passengership,486,497,248,257
201806301439_039,12,10,Passengership,430,442,246,256
201806301439_040,13,11,Passengership,359,372,245,256
201806301439_041,48,18,Passengership,290,338,240,258
201806301439_042,59,22,Passengership,351,410,238,260
201806301439_043,64,23,Passengership,423,487,237,260
201806301439_044,44,18,Passengership,436,480,240,258
201806301439_045,42,17,Passengership,385,427,240,257
201806301439_046,45,29,Passengership,360,405,236,265
201806301439_047,73,28,Passengership,403,476,234,262
201806301439_048,86,33,Passengership,413,499,231,264
201806301439_049,113,43,Passengership,258,371,222,265
201806301439_050,70,27,Passengership,311,381,231,258
201806301439_051,78,24,Passengership,172,250,242,266
201806301439_049,31,44,Sailboat,488,519,225,269
201806301439_050,36,51,Sailboat,528,564,215,266
201806301439_051,45,63,Sailboat,408,453,212,275
201806301439_052,45,87,Sailboat,328,373,184,271
201806301439_052,21,24,Motorboat,696,717,250,274
201806301439_053,24,22,Motorboat,559,583,253,275
201806301439_054,28,25,Motorboat,485,513,256,281
201806301439_053,38,17,Motorboat,964,1002,278,295
201806301439_054,99,30,Motorboat,485,584,286,316
201806301439_054,7,51,Seamark,1009,1016,294,345
201806301439_055,16,114,Seamark,1265,1281,328,442
201806301439_052,52,41,Sailboat,785,837,239,280
201806301439_053,68,119,Sailboat,672,740,163,282
201806301439_054,70,153,Sailboat,640,710,141,294
201806301439_055,135,214,Sailboat,453,588,94,308
201806301439_010,39,168,Sailboat,312,351,121,289
201806301439_031,56,81,Sailboat,123,179,168,249
201806301439_000,118,67,Boat,1024,1142,339,406
201806301439_000,99,66,Boat,843,942,329,395
201806301439_006,38,76,Sailboat,800,838,212,288
201806301439_017,100,70,Miscboat,964,1064,249,319
201806301439_017,36,27,Motorboat,791,827,260,287
201806301439_032,23,11,Motorboat,59,82,255,266
201806301439_032,47,15,Motorboat,466,513,241,256
201806301439_032,37,21,Motorboat,579,616,247,268
201806301439_038,13,6,Motorboat,463,476,250,256
201806301439_047,12,11,Motorboat,778,790,260,271
201806301439_050,24,18,Miscboat,139,163,243,261
201806301439_051,26,15,Miscboat,44,70,250,265
201806301439_000,112,74,Motorboat,22,134,261,335
201806301439_009,100,39,Motorboat,1011,1111,298,337
201806301439_009,22,25,Motorboat,879,901,268,293
201806301439_010,37,32,Motorboat,274,311,263,295
201806301439_009,17,19,Motorboat,860,877,268,287
201806301439_031,27,14,Motorboat,73,100,250,264
201806301439_055,59,70,Motorboat,247,306,225,295
201806301439_001,182,76,Miscboat,1098,1280,290,366
201806301439_000,94,62,Miscboat,1186,1280,282,344
201806301439_048,28,19,Miscboat,302,330,243,262
201806301439_020,27,38,Militaryship,1192,1219,275,313
201806301439_028,370,403,Militaryship,910,1280,1,404
201806301439_007,166,122,Miscboat,1056,1222,250,372
201806301439_037,3,8,Seamark,295,298,249,257
201806301439_039,4,13,Seamark,61,65,248,261
201806301439_039,5,14,Seamark,164,169,250,264
201806301439_040,5,6,Seamark,273,278,252,258
201806301439_052,3,18,Seamark,912,915,275,293
201806301439_055,6,38,Seamark,632,638,278,316
201806301509_002,15,19,Boat,232,247,267,286
201806301509_003,27,26,Boat,49,76,280,306
201806301509_005,14,28,Seamark,548,562,248,276
201806301509_006,8,27,Seamark,259,267,256,283
201806301509_005,17,38,Seamark,1207,1224,256,294
201806301509_006,13,48,Seamark,1144,1157,254,302
201806301509_007,23,66,Seamark,923,946,251,317
201806301509_008,64,160,Seamark,1122,1186,236,396
201806301509_008,22,18,Miscboat,383,405,257,275
201806301509_009,21,14,Miscboat,340,361,260,274
201806301509_010,50,20,Miscboat,71,121,275,295
201806301509_008,4,11,Seamark,570,574,250,261
201806301509_009,9,12,Seamark,590,599,246,258
201806301509_010,9,12,Seamark,654,663,246,258
201806301509_011,7,16,Seamark,634,641,248,264
201806301509_012,12,31,Seamark,662,674,239,270
201806301509_013,11,28,Seamark,594,605,241,269
201806301509_014,10,25,Seamark,684,694,242,267
201806301509_015,4,22,Seamark,660,664,250,272
201806301509_016,8,24,Seamark,746,754,251,275
201806301509_017,21,53,Seamark,694,715,243,296
201806301509_018,37,112,Seamark,876,913,245,357
201806301509_008,6,14,Seamark,348,354,255,269
201806301509_009,9,10,Seamark,349,358,252,262
201806301509_010,8,16,Seamark,366,374,252,268
201806301509_011,12,25,Seamark,284,296,251,276
201806301509_012,10,24,Seamark,224,234,255,279
201806301509_013,7,28,Seamark,23,30,261,289
201806301509_005,6,15,Seamark,1073,1079,255,270
201806301509_006,7,16,Seamark,926,933,252,268
201806301509_007,8,18,Seamark,701,709,250,268
201806301509_008,12,19,Seamark,648,660,249,268
201806301509_009,13,21,Seamark,678,691,249,270
201806301509_010,4,15,Seamark,753,757,250,265
201806301509_011,13,27,Seamark,755,768,246,273
201806301509_012,17,26,Seamark,823,840,246,272
201806301509_013,9,27,Seamark,806,815,254,281
201806301509_014,29,62,Seamark,977,1006,240,302
201806301509_008,6,11,Seamark,366,372,254,265
201806301509_009,11,20,Seamark,379,390,244,264
201806301509_010,8,13,Seamark,414,422,250,263
201806301509_011,6,16,Seamark,371,377,251,267
201806301509_012,6,17,Seamark,366,372,251,268
201806301509_013,6,18,Seamark,259,265,251,269
201806301509_014,9,19,Seamark,300,309,249,268
201806301509_001,29,66,Sailboat,967,996,208,274
201806301509_002,21,74,Sailboat,921,942,194,268
201806301509_003,28,19,Sailboat,1006,1034,255,274
201806301509_004,19,67,Sailboat,1035,1054,207,274
201806301509_005,25,86,Sailboat,1139,1164,196,282
201806301509_006,15,71,Sailboat,996,1011,205,276
201806301509_007,22,68,Sailboat,611,633,204,272
201806301509_008,27,83,Sailboat,549,576,192,275
201806301509_009,30,70,Sailboat,573,603,195,265
201806301509_010,19,72,Sailboat,644,663,199,271
201806301509_011,20,77,Sailboat,599,619,196,273
201806301509_012,24,74,Sailboat,586,610,196,270
201806301509_013,13,69,Sailboat,484,497,200,269
201806301509_014,24,83,Sailboat,544,568,192,275
201806301509_015,15,60,Sailboat,509,524,205,265
201806301509_016,14,59,Sailboat,608,622,206,265
201806301509_017,25,82,Sailboat,549,574,186,268
201806301509_018,24,85,Sailboat,633,657,181,266
201806301509_019,12,66,Sailboat,520,532,199,265
201806301509_020,18,79,Sailboat,448,466,199,278
201806301509_021,19,86,Sailboat,483,502,192,278
201806301509_022,15,60,Sailboat,486,501,206,266
201806301509_023,17,56,Sailboat,440,457,212,268
201806301509_024,17,57,Sailboat,347,364,213,270
201806301509_025,14,45,Sailboat,147,161,221,266
201806301509_008,4,10,Seamark,584,588,249,259
201806301509_009,4,11,Seamark,610,614,251,262
201806301509_010,4,12,Seamark,666,670,248,260
201806301509_011,7,14,Seamark,652,659,247,261
201806301509_012,8,15,Seamark,685,693,247,262
201806301509_013,8,15,Seamark,615,623,247,262
201806301509_014,10,20,Seamark,706,716,243,263
201806301509_015,5,18,Seamark,688,693,247,265
201806301509_016,6,20,Seamark,773,779,249,269
201806301509_017,12,25,Seamark,710,722,243,268
201806301509_018,9,26,Seamark,799,808,247,273
201806301509_019,12,31,Seamark,731,743,248,279
201806301509_020,24,67,Seamark,701,725,242,309
201806301509_021,42,143,Seamark,854,896,239,382
201806301509_020,10,23,Seamark,674,684,254,277
201806301509_021,3,23,Seamark,718,721,260,283
201806301509_022,14,35,Seamark,752,766,264,299
201806301509_023,28,83,Seamark,796,824,275,358
201806301509_020,8,11,Motorboat,606,614,249,260
201806301509_021,13,15,Motorboat,597,610,244,259
201806301509_022,10,10,Motorboat,522,532,249,259
201806301509_023,19,27,Motorboat,361,380,239,266
201806301509_024,28,19,Motorboat,51,79,260,279
201806301509_034,8,9,Motorboat,428,436,259,268
201806301509_035,23,24,Motorboat,331,354,257,281
201806301509_036,33,20,Motorboat,32,65,277,297
201806301509_033,33,14,Motorboat,260,293,265,279
201806301509_034,11,10,Motorboat,472,483,259,269
201806301509_035,24,19,Motorboat,559,583,253,272
201806301509_046,40,96,Sailboat,84,124,182,278
201806301509_047,76,127,Sailboat,678,754,147,274
201806301509_048,90,138,Sailboat,522,612,135,273
201806301509_050,20,38,Seamark,631,651,244,282
201806301509_051,8,25,Seamark,201,209,259,284
201806301509_049,92,136,Sailboat,1180,1272,147,283
201806301509_050,91,153,Sailboat,985,1076,135,288
201806301509_052,7,19,Seamark,421,428,254,273
201806301509_053,21,42,Seamark,381,402,246,288
201806301509_054,9,35,Seamark,9,18,265,300
201806301509_052,9,31,Seamark,939,948,248,279
201806301509_053,26,60,Seamark,1076,1102,239,299
201806301509_054,18,67,Seamark,1007,1025,253,320
201806301509_051,72,119,Sailboat,1126,1198,154,273
201806301509_052,23,99,Sailboat,881,904,167,266
201806301509_053,10,21,Seamark,830,840,244,265
201806301509_054,5,16,Seamark,561,566,254,270
201806301509_055,7,19,Seamark,522,529,251,270
201806301509_056,12,28,Seamark,342,354,252,280
201806301509_057,5,24,Seamark,187,192,264,288
201806301509_058,8,27,Seamark,117,125,269,296
201806301509_056,8,15,Seamark,978,986,252,267
201806301509_057,9,16,Seamark,886,895,250,266
201806301509_058,10,18,Seamark,929,939,249,267
201806301509_059,9,20,Seamark,907,916,250,270
201806301509_055,4,17,Seamark,962,966,252,269
201806301509_056,14,29,Seamark,873,887,249,278
201806301509_057,6,24,Seamark,800,806,254,278
201806301509_058,10,31,Seamark,857,867,251,282
201806301509_059,20,51,Seamark,869,889,250,301
201806301509_054,26,58,Sailboat,840,866,210,268
201806301509_055,30,62,Sailboat,868,898,202,264
201806301509_056,17,76,Sailboat,793,810,192,268
201806301509_057,18,82,Sailboat,713,731,190,272
201806301509_058,19,63,Sailboat,795,814,200,263
201806301509_059,24,63,Sailboat,830,854,205,268
201806301509_053,29,98,Sailboat,1030,1059,170,268
201806301509_000,113,66,Passengership,1044,1157,224,290
201806301509_058,15,24,Cruiseship,929,944,233,257
201806301509_000,32,19,Motorboat,384,416,260,279
201806301509_053,13,14,Boat,857,870,254,268
201806301509_052,26,15,Boat,313,339,270,285
201806301509_001,115,40,Miscboat,1163,1278,254,294
201806301509_001,105,55,Miscboat,1057,1162,232,287
201806301509_000,11,182,Seamark,1020,1031,373,555
201806301509_001,7,24,Seamark,289,296,258,282
201806301509_004,7,19,Seamark,1113,1120,258,277
201806301509_005,6,15,Seamark,1092,1098,250,265
201806301509_059,6,16,Seamark,591,597,256,272
201806301539_002,8,21,Seamark,261,269,260,281
201806301539_003,13,19,Seamark,207,220,264,283
201806301539_001,4,14,Seamark,792,796,251,265
201806301539_002,11,21,Seamark,804,815,251,272
201806301539_003,8,24,Seamark,897,905,251,275
201806301539_004,10,32,Seamark,860,870,254,286
201806301539_005,28,57,Seamark,922,950,246,303
201806301539_006,28,71,Seamark,1011,1039,252,323
201806301539_007,75,33,Militaryship,1098,1173,222,255
201806301539_008,87,38,Militaryship,1086,1173,220,258
201806301539_009,77,36,Militaryship,1171,1248,230,266
201806301539_010,85,38,Militaryship,1177,1262,232,270
201806301539_011,22,11,Boat,536,558,263,274
201806301539_012,24,12,Boat,207,231,274,286
201806301539_013,22,16,Boat,2,24,282,298
201806301539_008,8,22,Seamark,804,812,252,274
201806301539_009,11,25,Seamark,871,882,251,276
201806301539_010,7,30,Seamark,866,873,254,284
201806301539_011,19,47,Seamark,991,1010,252,299
201806301539_012,24,51,Seamark,871,895,257,308
201806301539_013,25,93,Seamark,1015,1040,254,347
201806301539_001,16,30,Cruiseship,727,743,226,256
201806301539_002,18,33,Cruiseship,721,739,227,260
201806301539_003,19,35,Cruiseship,756,775,224,259
201806301539_004,22,35,Cruiseship,647,669,226,261
201806301539_005,23,37,Cruiseship,637,660,223,260
201806301539_006,20,35,Cruiseship,605,625,225,260
201806301539_007,23,41,Cruiseship,474,497,226,267
201806301539_008,28,51,Cruiseship,426,454,219,270
201806301539_009,28,51,Cruiseship,448,476,219,270
201806301539_010,30,52,Cruiseship,387,417,215,267
201806301539_011,33,58,Cruiseship,450,483,205,263
201806301539_012,41,32,Cruiseship,232,273,240,272
201806301539_013,33,62,Cruiseship,178,211,210,272
201806301539_013,35,24,Passengership,925,960,248,272
201806301539_014,48,22,Passengership,747,795,251,273
201806301539_015,54,28,Passengership,574,628,253,281
201806301539_016,96,49,Passengership,367,463,244,293
201806301539_012,63,38,Militaryship,1163,1226,239,277
201806301539_013,96,42,Militaryship,1160,1256,235,277
201806301539_014,117,50,Militaryship,1162,1279,227,277
201806301539_015,112,58,Militaryship,1170,1282,227,285
201806301539_016,66,59,Militaryship,1206,1272,221,280
201806301539_017,17,37,Seamark,939,956,265,302
201806301539_018,15,56,Seamark,984,999,268,324
201806301539_019,13,78,Seamark,1131,1144,290,368
201806301539_011,5,11,Seamark,1094,1099,262,273
201806301539_012,6,12,Seamark,929,935,261,273
201806301539_013,7,13,Seamark,947,954,252,265
201806301539_014,7,17,Seamark,920,927,256,273
201806301539_015,8,19,Seamark,905,913,256,275
201806301539_016,9,21,Seamark,920,929,253,274
201806301539_017,12,32,Seamark,918,930,253,285
201806301539_018,16,34,Seamark,907,923,257,291
201806301539_019,12,31,Seamark,921,933,264,295
201806301539_020,37,82,Seamark,935,972,252,334
201806301539_021,55,151,Seamark,1038,1093,249,400
201806301539_022,19,83,Seamark,1014,1033,269,352
201806301539_023,18,77,Seamark,1022,1040,286,363
201806301539_022,165,79,Militaryship,1109,1274,217,296
201806301539_023,288,201,Militaryship,993,1281,109,310
201806301539_024,229,51,Militaryship,1051,1280,267,318
201806301539_024,116,49,Militaryship,929,1045,237,286
201806301539_025,209,80,Militaryship,947,1156,207,287
201806301539_017,19,37,Sailboat,1079,1098,239,276
201806301539_018,14,28,Sailboat,1056,1070,242,270
201806301539_019,21,41,Sailboat,1041,1062,236,277
201806301539_020,21,42,Sailboat,966,987,238,280
201806301539_021,21,40,Sailboat,831,852,229,269
201806301539_022,21,53,Sailboat,593,614,225,278
201806301539_023,32,74,Sailboat,301,333,212,286
201806301539_024,45,87,Sailboat,50,95,206,293
201806301539_022,15,9,Boat,809,824,269,278
201806301539_023,25,21,Boat,539,564,268,289
201806301539_024,36,25,Boat,198,234,297,322
201806301539_026,19,52,Seamark,836,855,257,309
201806301539_027,17,109,Seamark,1211,1228,268,377
201806301539_022,45,14,Miscboat,1042,1087,260,274
201806301539_023,50,15,Miscboat,860,910,253,268
201806301539_024,66,18,Miscboat,826,892,254,272
201806301539_025,73,29,Miscboat,767,840,250,279
201806301539_026,94,32,Miscboat,938,1032,254,286
201806301539_027,100,40,Miscboat,1178,1278,262,302
201806301539_025,3,12,Seamark,635,638,261,273
201806301539_026,7,18,Seamark,765,772,260,278
201806301539_029,31,13,Motorboat,1162,1193,263,276
201806301539_030,25,12,Motorboat,1248,1273,267,279
201806301539_027,29,30,Cargoship,92,121,250,280
201806301539_028,27,29,Cargoship,161,188,253,282
201806301539_029,48,46,Cargoship,145,193,252,298
201806301539_030,61,32,Cargoship,85,146,268,300
201806301539_031,100,50,Cargoship,52,152,247,297
201806301539_026,11,15,Seamark,440,451,255,270
201806301539_027,18,30,Seamark,542,560,246,276
201806301539_028,17,28,Seamark,726,743,248,276
201806301539_029,18,30,Seamark,891,909,250,280
201806301539_030,18,44,Seamark,965,983,247,291
201806301539_031,19,45,Seamark,1147,1166,253,298
201806301539_032,17,42,Seamark,1263,1280,265,307
201806301539_029,29,32,Motorboat,946,975,249,281
201806301539_030,23,17,Motorboat,1015,1038,258,275
201806301539_031,33,25,Motorboat,1169,1202,255,280
201806301539_032,58,43,Motorboat,1195,1253,247,290
201806301539_032,46,114,Sailboat,40,86,198,312
201806301539_034,50,89,Sailboat,325,375,175,264
201806301539_035,69,113,Sailboat,461,530,159,272
201806301539_036,58,132,Sailboat,514,572,141,273
201806301539_037,57,130,Sailboat,553,610,139,269
201806301539_038,100,146,Sailboat,397,497,134,280
201806301539_039,76,154,Sailboat,427,503,113,267
201806301539_040,124,197,Sailboat,385,509,73,270
201806301539_041,177,252,Sailboat,305,482,32,284
201806301539_042,181,279,Sailboat,193,374,1,280
201806301539_043,301,295,Sailboat,40,341,8,303
201806301539_044,204,313,Sailboat,1,205,1,314
201806301539_034,45,59,Cruiseship,295,340,212,271
201806301539_035,77,81,Cruiseship,392,469,194,275
201806301539_036,84,81,Cruiseship,403,487,190,271
201806301539_037,102,101,Cruiseship,408,510,179,280
201806301539_038,158,136,Cruiseship,217,375,160,296
201806301539_039,279,186,Cruiseship,22,301,132,318
201806301539_040,178,275,Cruiseship,4,182,55,330
201806301539_034,141,77,Militaryship,91,232,222,299
201806301539_035,179,274,Militaryship,1,180,62,336
201806301539_034,47,81,Militaryship,234,281,203,284
201806301539_035,102,130,Militaryship,257,359,160,290
201806301539_036,173,91,Militaryship,115,288,219,310
201806301539_039,46,52,Militaryship,311,357,239,291
201806301539_040,101,94,Militaryship,186,287,202,296
201806301539_034,17,33,Militaryship,281,298,245,278
201806301539_035,24,46,Militaryship,354,378,235,281
201806301539_036,67,62,Militaryship,288,355,234,296
201806301539_037,120,83,Militaryship,185,305,226,309
201806301539_040,29,29,Militaryship,370,399,251,280
201806301539_041,55,43,Militaryship,253,308,251,294
201806301539_042,77,36,Militaryship,25,102,267,303
201806301539_036,23,32,Militaryship,493,516,234,266
201806301539_037,35,45,Militaryship,515,550,226,271
201806301539_038,69,69,Militaryship,359,428,215,284
201806301539_039,40,49,Militaryship,364,404,237,286
201806301539_040,82,78,Militaryship,288,370,211,289
201806301539_040,32,20,Miscboat,399,431,257,277
201806301539_041,61,46,Miscboat,309,370,242,288
201806301539_042,94,38,Miscboat,121,215,263,301
201806301539_040,34,12,Passengership,495,529,257,269
201806301539_041,37,13,Passengership,462,499,258,271
201806301539_042,37,18,Passengership,374,411,261,279
201806301539_043,52,34,Passengership,333,385,245,279
201806301539_044,74,30,Passengership,172,246,267,297
201806301539_045,34,24,Passengership,3,37,283,307
201806301539_044,44,27,Miscboat,253,297,262,289
201806301539_045,67,19,Miscboat,69,136,275,294
201806301539_014,76,32,Boat,20,96,296,328
201806301539_015,57,25,Boat,154,211,303,328
201806301539_016,55,25,Boat,194,249,301,326
201806301539_017,61,37,Boat,260,321,295,332
201806301539_018,56,28,Boat,351,407,294,322
201806301539_019,56,17,Boat,562,618,300,317
201806301539_020,46,33,Boat,846,892,285,318
201806301539_021,29,20,Boat,946,975,289,309
201806301539_022,25,13,Boat,871,896,289,302
201806301539_023,28,21,Boat,775,803,280,301
201806301539_024,33,20,Boat,635,668,281,301
201806301539_025,26,15,Boat,290,316,288,303
201806301539_026,30,21,Boat,267,297,280,301
201806301539_027,26,14,Boat,343,369,281,295
201806301539_028,23,13,Boat,415,438,282,295
201806301539_029,26,24,Boat,503,529,275,299
201806301539_030,27,10,Boat,495,522,286,296
201806301539_031,21,10,Boat,587,608,279,289
201806301539_032,29,25,Boat,265,294,278,303
201806301539_033,19,17,Boat,203,222,286,303
201806301539_034,17,12,Boat,405,422,278,290
201806301539_035,22,20,Boat,465,487,271,291
201806301539_036,21,19,Boat,572,593,273,292
201806301539_037,16,10,Boat,567,583,277,287
201806301539_038,21,17,Boat,512,533,274,291
201806301539_039,18,12,Boat,505,523,278,290
201806301539_040,15,8,Boat,611,626,275,283
201806301539_041,20,15,Boat,584,604,269,284
201806301539_042,21,15,Boat,500,521,269,284
201806301539_043,14,8,Boat,523,537,272,280
201806301539_044,23,18,Boat,421,444,270,288
201806301539_045,28,22,Boat,302,330,270,292
201806301539_046,12,6,Boat,273,285,275,281
201806301539_047,16,13,Boat,364,380,273,286
201806301539_048,18,14,Boat,470,488,268,282
201806301539_049,14,8,Boat,529,543,269,277
201806301539_050,13,11,Boat,518,531,269,280
201806301539_051,14,12,Boat,565,579,266,278
201806301539_052,15,13,Boat,621,636,265,278
201806301539_053,15,13,Boat,570,585,268,281
201806301539_054,16,14,Boat,548,564,266,280
201806301539_055,12,6,Boat,574,586,269,275
201806301539_056,14,9,Boat,766,780,267,276
201806301539_048,23,28,Miscboat,686,709,249,277
201806301539_049,50,48,Miscboat,675,725,246,294
201806301539_050,71,104,Miscboat,723,794,215,319
201806301539_051,154,125,Miscboat,814,968,254,379
201806301539_052,34,16,Boat,326,360,268,284
201806301539_053,60,24,Boat,219,279,268,292
201806301539_054,52,17,Boat,98,150,282,299
201806301539_052,41,34,Miscboat,725,766,245,279
201806301539_053,54,83,Miscboat,701,755,211,294
201806301539_054,58,56,Miscboat,687,745,234,290
201806301539_055,85,78,Miscboat,714,799,228,306
201806301539_056,123,259,Sailboat,887,1010,59,318
201806301539_053,35,98,Sailboat,654,689,176,274
201806301539_054,52,111,Sailboat,622,674,163,274
201806301539_055,53,97,Sailboat,644,697,176,273
201806301539_057,120,94,Passengership,765,885,202,296
201806301539_058,234,140,Passengership,833,1067,191,331
201806301539_059,253,421,Passengership,1028,1281,1,422
201806301539_053,20,20,Motorboat,677,697,259,279
201806301539_054,29,24,Motorboat,655,684,258,282
201806301539_055,26,22,Motorboat,678,704,262,284
201806301539_056,72,73,Motorboat,1064,1136,285,358
201806301539_053,66,95,Sailboat,274,340,193,288
201806301539_054,80,114,Sailboat,183,263,181,295
201806301539_055,55,133,Sailboat,121,176,167,300
201806301539_055,81,102,Sailboat,318,399,177,279
201806301539_056,176,164,Passengership,523,699,167,331
201806301539_057,91,83,Passengership,600,691,224,307
201806301539_058,74,72,Passengership,583,657,223,295
201806301539_059,78,87,Passengership,621,699,210,297
201806301539_060,66,57,Passengership,555,621,233,290
201806301539_061,55,52,Passengership,515,570,231,283
201806301539_062,54,58,Passengership,471,525,230,288
201806301539_063,42,41,Passengership,287,329,242,283
201806301539_064,36,35,Passengership,328,364,244,279
201806301539_065,55,55,Passengership,227,282,234,289
201806301539_058,83,114,Sailboat,123,206,183,297
201806301539_059,113,144,Sailboat,11,124,179,323
201806301539_058,55,27,Miscboat,255,310,257,284
201806301539_059,105,45,Miscboat,215,320,246,291
201806301539_060,111,46,Miscboat,68,179,257,303
201806301539_056,31,39,Passengership,848,879,239,278
201806301539_057,46,40,Passengership,724,770,242,282
201806301539_058,69,58,Passengership,738,807,230,288
201806301539_059,112,111,Passengership,823,935,205,316
201806301539_060,137,103,Passengership,845,982,224,327
201806301539_061,229,234,Passengership,1036,1265,175,409
201806301539_059,76,34,Militaryship,321,397,248,282
201806301539_060,77,39,Militaryship,217,294,246,285
201806301539_061,111,82,Militaryship,110,221,215,297
201806301539_062,137,134,Militaryship,1,138,187,321
201806301539_061,107,101,Passengership,925,1032,225,326
201806301539_062,202,184,Passengership,1079,1281,212,396
201806301539_058,15,9,Ferry,506,521,256,265
201806301539_059,16,12,Ferry,553,569,254,266
201806301539_058,25,16,Passengership,458,483,252,268
201806301539_059,46,26,Passengership,499,545,244,270
201806301539_060,62,19,Passengership,449,511,251,270
201806301539_060,57,33,Miscboat,770,827,259,292
201806301539_061,76,63,Miscboat,841,917,239,302
201806301539_062,136,189,Miscboat,918,1054,147,336
201806301539_063,309,185,Miscboat,955,1264,244,429
201806301539_061,20,25,Miscboat,816,836,268,293
201806301539_062,55,80,Miscboat,857,912,231,311
201806301539_063,87,50,Miscboat,797,884,277,327
201806301539_061,50,25,Miscboat,751,801,252,277
201806301539_062,65,33,Miscboat,767,832,252,285
201806301539_063,47,59,Miscboat,676,723,244,303
201806301539_064,63,55,Miscboat,779,842,259,314
201806301539_065,126,258,Miscboat,816,942,123,381
201806301539_066,245,207,Miscboat,1028,1273,294,501
201806301539_063,39,35,Motorboat,638,677,255,290
201806301539_064,41,37,Motorboat,728,769,261,298
201806301539_065,102,116,Motorboat,705,807,209,325
201806301539_064,19,12,Miscboat,378,397,261,273
201806301539_065,28,22,Miscboat,301,329,257,279
201806301539_062,73,39,Passengership,520,593,238,277
201806301539_063,149,26,Passengership,352,501,251,277
201806301539_064,113,30,Passengership,464,577,250,280
201806301539_065,63,98,Passengership,394,457,202,300
201806301539_066,257,203,Passengership,148,405,152,355
201806301539_067,147,75,Passengership,9,156,236,311
201806301539_067,27,24,Miscboat,479,506,251,275
201806301539_068,41,20,Miscboat,415,456,258,278
201806301539_069,47,22,Miscboat,203,250,265,287
201806301539_070,77,33,Miscboat,30,107,265,298
201806301539_067,41,21,Miscboat,257,298,269,290
201806301539_068,70,40,Miscboat,82,152,265,305
201806301539_067,38,21,Miscboat,437,475,257,278
201806301539_068,63,43,Miscboat,350,413,242,285
201806301539_069,81,35,Miscboat,101,182,259,294
201806301539_070,73,18,Boat,870,943,274,292
201806301539_071,82,20,Boat,847,929,281,301
201806301539_072,88,22,Boat,857,945,295,317
201806301539_029,44,67,Sailboat,1028,1072,209,276
201806301539_031,14,64,Sailboat,309,323,215,279
201806301539_043,14,25,Sailboat,464,478,235,260
201806301539_057,117,342,Sailboat,898,1015,0,342
201806301539_056,139,413,Sailboat,1141,1280,1,414
201806301539_057,237,434,Sailboat,1043,1280,0,434
201806301539_055,76,127,Sailboat,180,256,167,294
201806301539_055,77,118,Sailboat,257,334,167,285
201806301539_049,29,8,Ferry,566,595,254,262
201806301539_058,43,34,Ferry,81,124,279,313
201806301539_009,60,18,Passengership,87,147,268,286
201806301539_011,13,9,Boat,739,752,264,273
201806301539_021,48,27,Miscboat,27,75,275,302
201806301539_027,47,28,Miscboat,1011,1058,252,280
201806301539_029,22,12,Boat,992,1014,262,274
201806301539_033,34,62,Motorboat,1,35,234,296
201806301539_057,135,69,Motorboat,1022,1157,276,345
201806301539_056,57,37,Boat,1094,1151,359,396
201806301539_055,96,32,Motorboat,27,123,272,304
201806301539_064,187,112,Miscboat,1000,1187,287,399
201806301539_069,78,82,Motorboat,876,954,250,332
201806301539_072,46,30,Passengership,395,441,261,291
201806301539_013,34,16,Boat,155,189,286,302
201806301539_020,62,45,Motorboat,559,621,274,319
201806301539_029,23,17,Motorboat,1202,1225,261,278
201806301539_029,19,12,Motorboat,1144,1163,262,274
201806301539_043,46,29,Boat,915,961,361,390
201806301539_056,54,37,Motorboat,920,974,257,294
201806301539_056,158,75,Motorboat,1,159,268,343
201806301539_037,172,286,Militaryship,10,182,55,341
201806301539_041,267,162,Militaryship,1,268,157,319
201806301539_050,38,15,Ferry,567,605,251,266
201806301539_061,35,15,Passengership,477,512,254,269
201806301539_072,152,56,Miscboat,25,177,247,303
201806301539_008,5,10,Seamark,931,936,255,265
201806301539_017,17,24,Seamark,1198,1215,268,292
201806301539_022,4,34,Seamark,1022,1026,281,315
201806301539_025,8,31,Seamark,676,684,258,289
201806301539_026,6,13,Seamark,801,807,255,268
201806301539_021,115,18,Cargoship,697,812,255,273
201806301539_043,19,7,Ferry,490,509,253,260
201806301609_001,224,101,Passengership,588,812,200,301
201806301609_002,389,186,Passengership,702,1091,151,337
201806301609_003,34,25,Miscboat,174,208,266,291
201806301609_004,49,37,Miscboat,23,72,266,303
201806301609_002,26,46,Sailboat,129,155,221,267
201806301609_003,49,82,Sailboat,493,542,191,273
201806301609_004,46,76,Sailboat,503,549,193,269
201806301609_005,44,73,Sailboat,663,707,195,268
201806301609_006,46,78,Sailboat,666,712,186,264
201806301609_007,41,68,Sailboat,714,755,191,259
201806301609_008,38,63,Sailboat,748,786,194,257
201806301609_009,37,84,Sailboat,776,813,184,268
201806301609_010,35,78,Sailboat,806,841,188,266
201806301609_011,35,77,Sailboat,659,694,186,263
201806301609_012,94,142,Sailboat,672,766,134,276
201806301609_013,85,129,Sailboat,673,758,141,270
201806301609_014,70,106,Sailboat,657,727,143,249
201806301609_015,55,119,Sailboat,661,716,125,244
201806301609_016,83,137,Sailboat,710,793,110,247
201806301609_017,90,157,Sailboat,692,782,93,250
201806301609_018,108,173,Sailboat,655,763,72,245
201806301609_019,167,281,Sailboat,690,857,-8,273
201806301609_020,146,246,Sailboat,705,851,7,253
201806301609_021,173,248,Sailboat,790,963,1,249
201806301609_022,230,311,Sailboat,949,1179,1,312
201806301609_023,388,371,Sailboat,893,1281,3,374
201806301609_008,107,141,Sailboat,798,905,137,278
201806301609_009,115,151,Sailboat,900,1015,114,265
201806301609_010,169,223,Sailboat,1021,1190,55,278
201806301609_011,157,236,Sailboat,832,989,69,305
201806301609_005,57,110,Sailboat,767,824,177,287
201806301609_006,73,156,Sailboat,846,919,145,301
201806301609_007,152,258,Sailboat,1040,1192,74,332
201806301609_008,163,200,Sailboat,1061,1224,138,338
201806301609_011,82,139,Sailboat,803,885,155,294
201806301609_012,78,166,Sailboat,883,961,135,301
201806301609_013,88,188,Sailboat,928,1016,122,310
201806301609_004,38,29,Miscboat,142,180,262,291
201806301609_005,71,45,Miscboat,137,208,261,306
201806301609_002,15,9,Boat,29,44,282,291
201806301609_003,36,17,Boat,319,355,271,288
201806301609_004,24,18,Boat,309,333,277,295
201806301609_005,36,38,Boat,284,320,286,324
201806301609_004,45,23,Miscboat,191,236,262,285
201806301609_005,72,38,Miscboat,232,304,253,291
201806301609_006,115,40,Miscboat,71,186,265,305
201806301609_004,25,31,Passengership,235,260,250,281
201806301609_005,54,40,Passengership,298,352,244,284
201806301609_006,88,51,Passengership,187,275,245,296
201806301609_007,160,78,Passengership,0,160,248,326
201806301609_001,32,21,Miscboat,129,161,260,281
201806301609_002,29,26,Miscboat,142,171,255,281
201806301609_003,22,22,Miscboat,447,469,250,272
201806301609_004,24,24,Miscboat,420,444,249,273
201806301609_005,25,31,Miscboat,556,581,242,273
201806301609_002,29,26,Passengership,0,29,258,284
201806301609_003,34,24,Passengership,298,332,247,271
201806301609_004,33,29,Passengership,263,296,249,278
201806301609_005,49,44,Passengership,352,401,239,283
201806301609_006,69,51,Passengership,283,352,238,289
201806301609_007,116,69,Passengership,181,297,235,304
201806301609_008,154,126,Passengership,1,155,208,334
201806301609_005,23,88,Sailboat,475,498,178,266
201806301609_006,32,133,Sailboat,454,486,148,281
201806301609_007,30,124,Sailboat,475,505,153,277
201806301609_008,44,144,Sailboat,467,511,136,280
201806301609_009,46,151,Sailboat,432,478,124,275
201806301609_010,80,175,Sailboat,439,519,121,296
201806301609_011,51,179,Sailboat,253,304,129,308
201806301609_006,96,18,Ferry,494,590,259,277
201806301609_007,136,30,Ferry,618,754,256,286
201806301609_008,186,64,Ferry,778,964,244,308
201806301609_009,154,44,Motorboat,983,1137,275,319
201806301609_010,122,300,Sailboat,1158,1280,52,352
201806301609_011,186,352,Sailboat,1095,1281,1,353
201806301609_010,101,320,Sailboat,283,384,1,321
201806301609_011,166,350,Sailboat,1,167,1,351
201806301609_005,47,23,Passengership,414,461,239,262
201806301609_006,64,32,Passengership,378,442,245,277
201806301609_007,86,49,Passengership,355,441,240,289
201806301609_008,138,74,Passengership,273,411,227,301
201806301609_009,278,112,Passengership,1,279,218,330
201806301609_012,263,351,Sailboat,1017,1280,0,351
201806301609_013,112,287,Sailboat,1087,1199,52,339
201806301609_010,21,18,Motorboat,554,575,262,280
201806301609_011,39,34,Motorboat,308,347,264,298
201806301609_012,69,41,Motorboat,145,214,279,320
201806301609_011,34,44,Miscboat,384,418,240,284
201806301609_012,49,64,Miscboat,337,386,232,296
201806301609_013,84,76,Miscboat,187,271,234,310
201806301609_013,21,21,Miscboat,466,487,252,273
201806301609_014,23,23,Miscboat,392,415,247,270
201806301609_015,39,32,Miscboat,316,355,248,280
201806301609_016,48,36,Miscboat,299,347,251,287
201806301609_017,83,79,Miscboat,119,202,228,307
201806301609_014,17,41,Sailboat,533,550,220,261
201806301609_015,26,83,Sailboat,509,535,182,265
201806301609_016,21,85,Sailboat,557,578,182,267
201806301609_017,33,134,Sailboat,483,516,147,281
201806301609_008,22,27,Passengership,650,672,243,270
201806301609_009,24,32,Passengership,675,699,239,271
201806301609_010,25,34,Passengership,708,733,239,273
201806301609_011,19,27,Passengership,574,593,247,274
201806301609_012,19,27,Passengership,608,627,245,272
201806301609_013,21,30,Passengership,608,629,243,273
201806301609_014,22,17,Passengership,599,621,243,260
201806301609_015,24,19,Passengership,588,612,242,261
201806301609_016,26,21,Passengership,645,671,240,261
201806301609_017,20,21,Passengership,645,665,238,259
201806301609_018,22,23,Passengership,624,646,236,259
201806301609_019,23,21,Passengership,674,697,235,256
201806301609_020,44,28,Miscboat,687,731,250,278
201806301609_021,69,47,Miscboat,793,862,258,305
201806301609_020,16,14,Motorboat,623,639,246,260
201806301609_021,32,17,Motorboat,650,682,249,266
201806301609_022,37,20,Motorboat,594,631,255,275
201806301609_023,126,89,Motorboat,76,202,260,349
201806301609_022,165,144,Miscboat,1115,1280,282,426
201806301609_023,60,48,Motorboat,970,1030,249,297
201806301609_023,61,63,Miscboat,914,975,235,298
201806301609_024,120,77,Miscboat,985,1105,246,323
201806301609_001,31,30,Boat,691,722,314,344
201806301609_002,21,23,Boat,447,468,299,322
201806301609_003,19,16,Boat,589,608,292,308
201806301609_004,13,15,Boat,510,523,290,305
201806301609_005,14,15,Boat,639,653,284,299
201806301609_006,13,13,Boat,661,674,282,295
201806301609_007,12,14,Boat,702,714,285,299
201806301609_008,24,21,Boat,701,725,289,310
201806301609_009,25,22,Boat,723,748,281,303
201806301609_010,12,13,Boat,822,834,284,297
201806301609_011,15,14,Boat,661,676,281,295
201806301609_012,16,15,Boat,675,691,277,292
201806301609_013,12,11,Boat,669,681,277,288
201806301609_014,8,10,Boat,616,624,269,279
201806301609_015,9,11,Boat,610,619,268,279
201806301609_016,9,8,Boat,662,671,267,275
201806301609_017,8,9,Boat,641,649,265,274
201806301609_018,9,10,Boat,572,581,263,273
201806301609_019,7,8,Boat,616,623,261,269
201806301609_020,8,7,Boat,637,645,261,268
201806301609_021,9,8,Boat,746,755,257,265
201806301609_022,10,9,Boat,772,782,255,264
201806301609_023,5,6,Boat,646,651,257,263
201806301609_023,92,110,Militaryship,796,888,168,278
201806301609_024,127,92,Militaryship,770,897,198,290
201806301609_025,265,200,Militaryship,940,1205,115,315
201806301609_026,159,291,Militaryship,1122,1281,67,358
201806301609_022,85,71,Cruiseship,851,936,189,260
201806301609_023,98,100,Cruiseship,731,829,166,266
201806301609_024,136,102,Cruiseship,682,818,161,263
201806301609_025,177,146,Cruiseship,785,962,132,278
201806301609_026,262,189,Cruiseship,817,1079,105,294
201806301609_027,395,339,Cruiseship,886,1281,5,344
201806301609_028,451,368,Cruiseship,833,1284,1,369
201806301609_032,199,278,Militaryship,774,973,41,319
201806301609_033,419,377,Militaryship,862,1281,1,378
201806301609_034,125,182,Militaryship,924,1049,135,317
201806301609_026,26,62,Militaryship,745,771,195,257
201806301609_027,35,46,Militaryship,778,813,219,265
201806301609_028,40,54,Militaryship,657,697,215,269
201806301609_029,76,131,Militaryship,751,827,149,280
201806301609_030,121,160,Militaryship,784,905,114,274
201806301609_029,54,95,Militaryship,706,760,178,273
201806301609_030,76,105,Militaryship,720,796,165,270
201806301609_031,103,148,Militaryship,702,805,133,281
201806301609_023,28,44,Militaryship,707,735,215,259
201806301609_024,32,49,Militaryship,663,695,210,259
201806301609_025,35,55,Militaryship,752,787,205,260
201806301609_026,50,66,Militaryship,766,816,199,265
201806301609_027,38,34,Militaryship,813,851,236,270
201806301609_028,64,90,Militaryship,693,757,183,273
201806301609_029,116,149,Militaryship,807,923,149,298
201806301609_030,182,221,Militaryship,884,1066,95,316
201806301609_031,225,258,Militaryship,1055,1280,132,390
201806301609_031,21,21,Motorboat,436,457,248,269
201806301609_032,90,80,Motorboat,120,210,249,329
201806301609_032,19,12,Boat,216,235,271,283
201806301609_033,19,20,Boat,98,117,279,299
201806301609_037,50,56,Militaryship,643,693,207,263
201806301609_038,72,65,Militaryship,554,626,203,268
201806301609_039,96,87,Militaryship,395,491,188,275
201806301609_040,75,89,Militaryship,211,286,184,273
201806301609_041,76,107,Militaryship,6,82,181,288
201806301609_036,32,52,Militaryship,1051,1083,206,258
201806301609_037,66,43,Militaryship,693,759,217,260
201806301609_038,63,61,Militaryship,599,662,191,252
201806301609_039,112,76,Militaryship,454,566,183,259
201806301609_040,109,64,Militaryship,286,395,204,268
201806301609_041,120,93,Militaryship,58,178,172,265
201806301609_042,81,48,Militaryship,1,82,237,285
201806301609_038,5,9,Seamark,719,724,250,259
201806301609_039,8,14,Seamark,595,603,243,257
201806301609_040,7,13,Seamark,468,475,247,260
201806301609_041,6,12,Seamark,322,328,253,265
201806301609_042,8,13,Seamark,202,210,256,269
201806301609_043,7,12,Seamark,129,136,263,275
201806301609_040,3,12,Seamark,528,531,251,263
201806301609_041,7,16,Seamark,379,386,254,270
201806301609_042,8,18,Seamark,250,258,256,274
201806301609_043,3,18,Seamark,140,143,268,286
201806301609_038,7,13,Seamark,855,862,249,262
201806301609_039,8,14,Seamark,740,748,245,259
201806301609_040,5,10,Seamark,599,604,249,259
201806301609_041,8,16,Seamark,467,475,248,264
201806301609_042,9,18,Seamark,362,371,249,267
201806301609_043,7,14,Seamark,314,321,258,272
201806301609_044,13,27,Seamark,162,175,254,281
201806301609_038,6,13,Seamark,793,799,246,259
201806301609_039,6,11,Seamark,626,632,242,253
201806301609_040,6,11,Seamark,428,434,246,257
201806301609_041,5,10,Seamark,293,298,252,262
201806301609_042,3,7,Seamark,192,195,255,262
201806301609_043,4,7,Seamark,159,163,259,266
201806301609_044,6,15,Seamark,45,51,259,274
201806301609_043,21,28,Passengership,388,409,240,268
201806301609_044,42,52,Passengership,202,244,231,283
201806301609_045,94,61,Passengership,32,126,244,305
201806301609_046,4,7,Seamark,216,220,257,264
201806301609_047,5,12,Seamark,256,261,253,265
201806301609_048,6,10,Seamark,375,381,253,263
201806301609_049,5,9,Seamark,302,307,256,265
201806301609_050,9,17,Seamark,153,162,257,274
201806301609_051,9,19,Seamark,45,54,263,282
201806301609_052,8,17,Seamark,43,51,267,284
201806301609_053,64,98,Militaryship,911,975,188,286
201806301609_054,131,87,Militaryship,907,1038,219,306
201806301609_055,91,177,Militaryship,1193,1284,200,377
201806301609_044,21,18,Militaryship,627,648,237,255
201806301609_045,25,21,Militaryship,691,716,235,256
201806301609_046,24,26,Militaryship,544,568,234,260
201806301609_047,24,25,Militaryship,627,651,232,257
201806301609_048,43,37,Militaryship,803,846,225,262
201806301609_049,36,32,Militaryship,783,819,228,260
201806301609_050,38,34,Militaryship,708,746,228,262
201806301609_051,47,48,Militaryship,738,785,219,267
201806301609_052,43,55,Militaryship,874,917,217,272
201806301609_053,43,49,Sailboat,843,886,218,267
201806301609_054,48,34,Sailboat,742,790,234,268
201806301609_055,59,42,Sailboat,738,797,231,273
201806301609_056,76,121,Sailboat,811,887,154,275
201806301609_057,85,190,Sailboat,501,586,105,295
201806301609_053,18,24,Motorboat,778,796,240,264
201806301609_054,17,17,Motorboat,657,674,252,269
201806301609_055,26,26,Motorboat,631,657,241,267
201806301609_056,28,39,Motorboat,686,714,234,273
201806301609_057,35,37,Motorboat,307,342,253,290
201806301609_002,29,53,Sailboat,167,196,221,274
201806301609_012,104,328,Sailboat,0,104,15,343
201806301609_009,64,226,Sailboat,405,469,66,292
201806301609_011,166,233,Sailboat,958,1124,92,325
201806301609_010,30,118,Sailboat,525,555,165,283
201806301609_011,46,93,Sailboat,768,814,190,283
201806301609_018,91,341,Sailboat,146,237,1,342
201806301609_055,44,90,Sailboat,231,275,191,281
201806301609_044,28,15,Miscboat,123,151,250,265
201806301609_000,101,84,Motorboat,615,716,250,334
201806301609_003,45,26,Miscboat,121,166,273,299
201806301609_021,68,48,Miscboat,870,938,258,306
201806301609_010,60,45,Motorboat,379,439,256,301
201806301609_011,60,40,Miscboat,187,247,276,316
201806301609_023,35,39,Motorboat,993,1028,250,289
201806301609_022,53,38,Boat,429,482,282,320
201806301609_001,78,58,Miscboat,1191,1269,279,337
201806301609_034,90,30,Miscboat,409,499,249,279
201806301609_041,9,8,Miscboat,238,247,254,262
201806301609_035,168,441,Militaryship,1112,1280,13,454
201806301609_031,245,292,Militaryship,805,1050,30,322
201806301609_039,104,34,Militaryship,170,274,239,273
201806301609_036,43,49,Militaryship,1019,1062,212,261
201806301609_024,111,71,Miscboat,1111,1222,262,333
201806301609_045,14,26,Seamark,136,150,257,283
201806301609_057,13,73,Seamark,1075,1088,279,352
201806301609_041,4,10,Seamark,419,423,251,261
201806301609_044,4,9,Seamark,347,351,252,261
201806301609_055,5,24,Seamark,898,903,261,285
201806301609_051,47,36,Miscellaneous,891,938,242,278
201806301609_051,72,45,Miscellaneous,646,718,237,282
201806301609_023,14,16,Miscboat,652,666,242,258
201806301609_026,21,24,Miscboat,708,729,234,258
201806301609_001,11,8,Boat,28,39,279,287
201806301639_000,85,30,Miscboat,846,931,245,275
201806301639_001,124,30,Miscboat,1103,1227,261,291
201806301639_005,7,17,Seamark,965,972,246,263
201806301639_006,12,22,Seamark,680,692,242,264
201806301639_007,11,20,Seamark,682,693,241,261
201806301639_008,10,18,Seamark,715,725,245,263
201806301639_009,6,16,Seamark,764,770,248,264
201806301639_010,5,15,Seamark,880,885,251,266
201806301639_011,13,31,Seamark,928,941,244,275
201806301639_012,10,25,Seamark,934,944,252,277
201806301639_013,11,37,Seamark,1033,1044,251,288
201806301639_005,20,51,Seamark,998,1018,242,293
201806301639_006,30,71,Seamark,883,913,251,322
201806301639_005,5,14,Seamark,905,910,245,259
201806301639_006,7,14,Seamark,623,630,242,256
201806301639_007,6,13,Seamark,618,624,241,254
201806301639_008,5,12,Seamark,638,643,243,255
201806301639_009,6,19,Seamark,669,675,239,258
201806301639_010,6,18,Seamark,766,772,240,258
201806301639_011,5,16,Seamark,783,788,241,257
201806301639_012,6,19,Seamark,725,731,239,258
201806301639_013,6,18,Seamark,732,738,241,259
201806301639_014,5,16,Seamark,695,700,243,259
201806301639_008,11,21,Seamark,331,342,247,268
201806301639_009,6,16,Seamark,296,302,255,271
201806301639_010,5,15,Seamark,342,347,257,272
201806301639_011,12,33,Seamark,300,312,246,279
201806301639_012,8,25,Seamark,234,242,242,267
201806301639_013,8,24,Seamark,211,219,246,270
201806301639_014,7,22,Seamark,105,112,252,274
201806301639_005,7,14,Seamark,718,725,246,260
201806301639_006,8,15,Seamark,612,620,244,259
201806301639_007,9,16,Seamark,601,610,242,258
201806301639_008,7,17,Seamark,620,627,241,258
201806301639_009,8,19,Seamark,647,655,239,258
201806301639_010,9,21,Seamark,742,751,238,259
201806301639_011,8,19,Seamark,762,770,242,261
201806301639_012,9,21,Seamark,707,716,241,262
201806301639_013,4,12,Seamark,717,721,248,260
201806301639_014,9,24,Seamark,681,690,244,268
201806301639_015,9,24,Seamark,685,694,249,273
201806301639_016,10,37,Seamark,711,721,247,284
201806301639_008,9,17,Seamark,383,392,246,263
201806301639_009,9,22,Seamark,383,392,243,265
201806301639_010,8,20,Seamark,462,470,244,264
201806301639_011,7,18,Seamark,460,467,244,262
201806301639_012,12,26,Seamark,370,382,242,268
201806301639_013,11,24,Seamark,333,344,247,271
201806301639_014,10,22,Seamark,215,225,252,274
201806301639_017,12,25,Seamark,727,739,243,268
201806301639_018,14,43,Seamark,735,749,244,287
201806301639_019,13,39,Seamark,747,760,251,290
201806301639_020,38,91,Seamark,771,809,237,328
201806301639_021,48,160,Seamark,904,952,244,404
201806301639_014,11,9,Boat,538,549,248,257
201806301639_015,12,10,Boat,458,470,249,259
201806301639_016,13,11,Boat,388,401,253,264
201806301639_017,27,18,Boat,237,264,259,277
201806301639_020,13,27,Seamark,708,721,251,278
201806301639_021,14,30,Seamark,700,714,253,283
201806301639_022,6,30,Seamark,765,771,263,293
201806301639_023,17,62,Seamark,773,790,266,328
201806301639_049,5,18,Seamark,514,519,249,267
201806301639_050,12,27,Seamark,232,244,248,275
201806301639_051,8,25,Seamark,205,213,253,278
201806301639_049,7,27,Seamark,927,934,253,280
201806301639_050,18,44,Seamark,774,792,246,290
201806301639_051,13,47,Seamark,867,880,250,297
201806301639_052,24,81,Seamark,913,937,249,330
201806301639_050,8,22,Seamark,666,674,244,266
201806301639_051,9,24,Seamark,703,712,243,267
201806301639_052,4,16,Seamark,617,621,249,265
201806301639_053,13,25,Seamark,527,540,244,269
201806301639_054,10,21,Seamark,259,269,250,271
201806301639_055,8,28,Seamark,51,59,254,282
201806301639_050,9,18,Seamark,976,985,253,271
201806301639_051,10,20,Seamark,1048,1058,254,274
201806301639_052,4,15,Seamark,1014,1018,257,272
201806301639_053,12,28,Seamark,1017,1029,253,281
201806301639_054,8,23,Seamark,883,891,252,275
201806301639_055,8,30,Seamark,809,817,251,281
201806301639_056,14,48,Seamark,718,732,248,296
201806301639_057,15,51,Seamark,806,821,252,303
201806301639_029,17,12,Boat,586,603,247,259
201806301639_052,14,13,Miscboat,992,1006,248,261
201806301639_001,6,23,Seamark,107,113,263,286
201806301639_004,7,29,Seamark,1128,1135,251,280
201806301639_005,8,13,Seamark,728,736,243,256
201806301639_005,13,30,Seamark,147,160,255,285
201806301639_005,8,14,Seamark,917,925,243,257
201806301639_017,28,87,Seamark,762,790,234,321
201806301639_017,9,12,Seamark,744,753,248,260
201806301639_047,9,25,Seamark,874,883,249,274
201806301639_056,5,13,Seamark,477,482,251,264
201806301639_056,6,12,Seamark,789,795,255,267
201806301639_000,134,216,Sailboat,1058,1192,99,315
201806301709_001,6,13,Seamark,294,300,253,266
201806301709_002,10,21,Seamark,178,188,251,272
201806301709_003,10,17,Seamark,38,48,258,275
201806301709_001,7,17,Seamark,757,764,251,268
201806301709_002,12,25,Seamark,729,741,247,272
201806301709_003,10,24,Seamark,716,726,254,278
201806301709_004,12,34,Seamark,758,770,248,282
201806301709_005,25,63,Seamark,793,818,236,299
201806301709_006,25,87,Seamark,1005,1030,256,343
201806301709_002,10,13,Seamark,436,446,249,262
201806301709_003,11,14,Seamark,375,386,251,265
201806301709_004,4,8,Seamark,367,371,253,261
201806301709_005,9,17,Seamark,346,355,250,267
201806301709_006,10,19,Seamark,366,376,250,269
201806301709_007,6,13,Seamark,105,111,265,278
201806301709_008,13,15,Motorboat,685,698,255,270
201806301709_009,26,18,Motorboat,516,542,270,288
201806301709_007,36,15,Passengership,954,990,249,264
201806301709_008,63,23,Passengership,696,759,240,263
201806301709_009,73,18,Passengership,392,465,248,266
201806301709_010,145,47,Passengership,43,188,235,282
201806301709_008,92,45,Militaryship,1053,1145,222,267
201806301709_009,87,37,Militaryship,1029,1116,233,270
201806301709_010,108,46,Militaryship,1124,1232,232,278
201806301709_011,95,53,Militaryship,1138,1233,213,266
201806301709_002,6,10,Seamark,849,855,253,263
201806301709_003,7,11,Seamark,836,843,253,264
201806301709_004,6,12,Seamark,865,871,252,264
201806301709_005,8,13,Seamark,895,903,254,267
201806301709_006,9,14,Seamark,1000,1009,258,272
201806301709_007,5,15,Seamark,860,865,256,271
201806301709_008,13,25,Seamark,761,774,248,273
201806301709_009,13,28,Seamark,703,716,254,282
201806301709_010,14,43,Seamark,790,804,250,293
201806301709_011,30,83,Seamark,813,843,243,326
201806301709_012,41,142,Seamark,1011,1052,246,388
201806301709_013,15,28,Seamark,914,929,253,281
201806301709_014,14,25,Seamark,851,865,257,282
201806301709_015,10,29,Seamark,831,841,253,282
201806301709_016,16,40,Seamark,877,893,251,291
201806301709_017,34,64,Seamark,907,941,248,312
201806301709_018,36,113,Seamark,1135,1171,254,367
201806301709_011,11,18,Seamark,916,927,252,270
201806301709_012,8,20,Seamark,991,999,253,273
201806301709_013,7,18,Seamark,949,956,256,274
201806301709_014,11,22,Seamark,871,882,253,275
201806301709_002,23,34,Cruiseship,650,673,223,257
201806301709_003,17,33,Cruiseship,620,637,224,257
201806301709_004,19,36,Cruiseship,629,648,220,256
201806301709_005,24,40,Cruiseship,636,660,218,258
201806301709_006,22,39,Cruiseship,704,726,220,259
201806301709_007,27,49,Cruiseship,502,529,218,267
201806301709_008,29,47,Cruiseship,363,392,212,259
201806301709_009,28,51,Cruiseship,264,292,213,264
201806301709_010,31,57,Cruiseship,289,320,208,265
201806301709_011,49,66,Cruiseship,194,243,198,264
201806301709_012,28,63,Cruiseship,212,240,200,263
201806301709_013,36,69,Cruiseship,93,129,199,268
201806301709_002,87,27,Cruiseship,622,709,224,251
201806301709_003,101,31,Cruiseship,581,682,224,255
201806301709_004,115,35,Cruiseship,584,699,221,256
201806301709_005,93,22,Cruiseship,608,701,230,252
201806301709_006,108,25,Cruiseship,669,777,230,255
201806301709_007,128,30,Cruiseship,461,589,230,260
201806301709_008,128,30,Cruiseship,324,452,223,253
201806301709_009,190,31,Cruiseship,179,369,223,254
201806301709_010,120,36,Cruiseship,315,435,214,250
201806301709_011,115,32,Cruiseship,234,349,220,252
201806301709_012,133,33,Cruiseship,251,384,216,249
201806301709_013,133,40,Cruiseship,155,288,218,258
201806301709_014,120,33,Cruiseship,25,145,233,266
201806301709_011,27,18,Passengership,1003,1030,250,268
201806301709_012,30,20,Passengership,1012,1042,249,269
201806301709_013,32,25,Passengership,900,932,244,269
201806301709_014,56,34,Passengership,675,731,241,275
201806301709_015,86,41,Passengership,339,425,242,283
201806301709_014,110,67,Militaryship,1148,1258,199,266
201806301709_015,131,97,Militaryship,1150,1281,189,286
201806301709_020,118,56,Militaryship,1161,1279,248,304
201806301709_021,258,103,Militaryship,1023,1281,208,311
201806301709_020,105,36,Militaryship,1079,1184,247,283
201806301709_021,97,34,Militaryship,898,995,244,278
201806301709_022,157,73,Militaryship,1012,1169,218,291
201806301709_023,198,81,Militaryship,1063,1261,203,284
201806301709_022,4,17,Seamark,800,804,256,273
201806301709_023,14,25,Seamark,782,796,253,278
201806301709_024,15,28,Seamark,827,842,257,285
201806301709_025,9,67,Seamark,993,1002,263,330
201806301709_023,16,15,Boat,482,498,252,267
201806301709_024,25,16,Boat,385,410,260,276
201806301709_023,13,9,Motorboat,569,582,248,257
201806301709_024,29,12,Motorboat,564,593,252,264
201806301709_025,26,11,Motorboat,586,612,251,262
201806301709_026,24,10,Motorboat,712,736,262,272
201806301709_027,22,13,Motorboat,843,865,251,264
201806301709_028,20,12,Motorboat,1111,1131,263,275
201806301709_020,51,20,Miscboat,1023,1074,257,277
201806301709_021,60,19,Miscboat,788,848,251,270
201806301709_022,67,21,Miscboat,859,926,248,269
201806301709_023,72,24,Miscboat,848,920,249,273
201806301709_024,89,30,Miscboat,890,979,252,282
201806301709_026,15,10,Boat,152,167,272,282
201806301709_027,34,11,Boat,316,350,262,273
201806301709_028,48,12,Boat,861,909,274,286
201806301709_023,7,15,Seamark,714,721,251,266
201806301709_024,8,16,Seamark,728,736,254,270
201806301709_025,4,19,Seamark,777,781,258,277
201806301709_026,11,26,Seamark,988,999,278,304
201806301709_023,20,7,Motorboat,607,627,248,255
201806301709_024,22,8,Motorboat,608,630,249,257
201806301709_025,23,8,Motorboat,631,654,247,255
201806301709_026,25,12,Motorboat,763,788,260,272
201806301709_027,28,13,Motorboat,902,930,253,266
201806301709_028,27,11,Motorboat,1168,1195,266,277
201806301709_026,34,56,Sailboat,613,647,216,272
201806301709_027,45,63,Sailboat,725,770,202,265
201806301709_028,25,70,Sailboat,997,1022,205,275
201806301709_026,19,13,Motorboat,576,595,261,274
201806301709_027,21,14,Motorboat,695,716,254,268
201806301709_028,20,10,Motorboat,946,966,261,271
201806301709_026,23,23,Motorboat,539,562,251,274
201806301709_027,24,17,Motorboat,656,680,247,264
201806301709_028,24,20,Motorboat,899,923,248,268
201806301709_029,35,29,Motorboat,1208,1243,261,290
201806301709_025,9,13,Seamark,405,414,251,264
201806301709_026,14,20,Seamark,487,501,258,278
201806301709_027,14,21,Seamark,589,603,251,272
201806301709_028,14,22,Seamark,825,839,254,276
201806301709_029,19,29,Seamark,1155,1174,266,295
201806301709_030,173,83,Cargoship,38,211,223,306
201806301709_031,88,95,Cargoship,1,89,223,318
201806301709_029,102,71,Cargoship,164,266,224,295
201806301709_030,54,51,Militaryship,244,298,223,274
201806301709_031,77,109,Militaryship,255,332,171,280
201806301709_032,130,174,Militaryship,194,324,128,302
201806301709_033,184,298,Militaryship,1,185,25,323
201806301709_034,168,218,Militaryship,53,221,97,315
201806301709_033,79,138,Militaryship,216,295,146,284
201806301709_034,70,121,Militaryship,219,289,168,289
201806301709_033,51,105,Cruiseship,313,364,158,263
201806301709_034,81,131,Cruiseship,321,402,142,273
201806301709_035,133,125,Cruiseship,313,446,157,282
201806301709_036,241,169,Cruiseship,25,266,128,297
201806301709_037,282,336,Cruiseship,-2,280,1,337
201806301709_035,40,48,Militaryship,444,484,217,265
201806301709_036,48,78,Militaryship,304,352,195,273
201806301709_037,79,96,Militaryship,357,436,186,282
201806301709_038,157,142,Militaryship,155,312,155,297
201806301709_034,23,36,Militaryship,401,424,228,264
201806301709_036,30,78,Militaryship,270,300,197,275
201806301709_037,83,102,Militaryship,272,355,186,288
201806301709_038,158,147,Militaryship,1,159,161,308
201806301709_034,9,5,Boat,487,496,257,262
201806301709_035,18,11,Boat,553,571,260,271
201806301709_036,35,16,Boat,274,309,289,305
201806301709_038,57,28,Miscboat,347,404,246,274
201806301709_039,82,40,Miscboat,298,380,247,287
201806301709_040,136,64,Miscboat,-2,134,251,315
201806301709_038,40,38,Militaryship,306,346,242,280
201806301709_039,78,46,Militaryship,204,282,244,290
201806301709_038,39,17,Passengership,483,522,250,267
201806301709_039,45,18,Passengership,524,569,254,272
201806301709_040,60,24,Passengership,380,440,255,279
201806301709_041,70,31,Passengership,185,255,257,288
201806301709_042,104,34,Passengership,83,187,266,300
201806301709_034,34,117,Sailboat,425,459,143,260
201806301709_035,52,132,Sailboat,481,533,127,259
201806301709_036,81,161,Sailboat,363,444,99,260
201806301709_037,88,188,Sailboat,464,552,78,266
201806301709_038,139,236,Sailboat,354,493,34,270
201806301709_039,197,270,Sailboat,331,528,1,271
201806301709_040,255,289,Sailboat,133,388,1,290
201806301709_041,207,299,Sailboat,1,208,1,300
201806301709_035,17,9,Passengership,531,548,249,258
201806301709_036,20,10,Passengership,428,448,248,258
201806301709_038,7,7,Boat,531,538,252,259
201806301709_039,8,8,Boat,609,617,251,259
201806301709_040,8,8,Boat,495,503,252,260
201806301709_041,12,12,Boat,364,376,254,266
201806301709_042,16,10,Boat,400,416,265,275
201806301709_043,31,22,Boat,276,307,272,294
201806301709_044,28,41,Sailboat,512,540,218,259
201806301709_045,34,58,Sailboat,427,461,208,266
201806301709_046,35,59,Sailboat,403,438,210,269
201806301709_047,35,58,Sailboat,383,418,209,267
201806301709_048,42,25,Motorboat,146,188,297,322
201806301709_049,47,79,Sailboat,288,335,191,270
201806301709_050,64,131,Sailboat,258,322,149,280
201806301709_038,12,21,Miscboat,627,639,240,261
201806301709_039,13,23,Miscboat,707,720,238,261
201806301709_040,14,25,Miscboat,601,615,236,261
201806301709_041,15,23,Miscboat,486,501,239,262
201806301709_042,15,24,Miscboat,561,576,238,262
201806301709_043,21,26,Miscboat,555,576,240,266
201806301709_044,28,31,Miscboat,747,775,244,275
201806301709_045,32,38,Miscboat,726,758,244,282
201806301709_046,56,82,Miscboat,769,825,222,304
201806301709_047,90,94,Miscboat,824,914,234,328
201806301709_046,11,10,Boat,506,517,259,269
201806301709_047,14,11,Boat,442,456,263,274
201806301709_050,41,21,Motorboat,256,297,273,294
201806301709_051,53,43,Boat,32,85,299,342
201806301709_046,23,15,Boat,389,412,254,269
201806301709_047,28,18,Boat,363,391,253,271
201806301709_048,37,17,Boat,286,323,258,275
201806301709_049,59,27,Boat,114,173,261,288
201806301709_049,46,106,Sailboat,215,261,177,283
201806301709_050,102,155,Sailboat,117,219,137,292
201806301709_038,11,13,Miscboat,579,590,244,257
201806301709_039,20,20,Miscboat,650,670,239,259
201806301709_040,20,20,Miscboat,541,561,239,259
201806301709_041,18,18,Miscboat,425,443,241,259
201806301709_042,16,24,Miscboat,503,519,236,260
201806301709_043,15,22,Miscboat,496,511,236,258
201806301709_044,20,26,Miscboat,686,706,238,264
201806301709_045,24,40,Miscboat,644,668,227,267
201806301709_046,23,37,Miscboat,650,673,231,268
201806301709_047,27,41,Miscboat,650,677,231,272
201806301709_048,35,60,Miscboat,675,710,215,275
201806301709_049,58,101,Miscboat,683,741,189,290
201806301709_050,119,227,Miscboat,800,919,101,328
201806301709_051,96,155,Miscboat,1187,1283,341,496
201806301709_052,75,327,Sailboat,854,929,10,337
201806301709_053,224,369,Sailboat,819,1043,1,370
201806301709_050,90,139,Sailboat,311,401,139,278
201806301709_051,125,212,Sailboat,163,288,82,294
201806301709_052,80,240,Sailboat,15,95,72,312
201806301709_053,71,231,Sailboat,62,133,80,311
201806301709_054,118,316,Sailboat,68,186,15,331
201806301709_055,165,100,Miscboat,1,166,280,380
201806301709_053,68,216,Sailboat,90,158,89,305
201806301709_054,61,261,Sailboat,1,62,84,345
201806301709_051,50,40,Boat,819,869,281,321
201806301709_052,118,90,Boat,1144,1262,372,462
201806301709_049,20,17,Motorboat,655,675,259,276
201806301709_050,28,29,Motorboat,730,758,255,284
201806301709_051,32,37,Motorboat,799,831,267,304
201806301709_052,89,105,Motorboat,945,1034,267,372
201806301709_050,45,76,Sailboat,458,503,191,267
201806301709_051,57,96,Sailboat,418,475,176,272
201806301709_052,57,96,Sailboat,366,423,171,267
201806301709_053,67,172,Sailboat,247,314,120,292
201806301709_054,185,63,Ferry,386,571,232,295
201806301709_055,115,146,Sailboat,330,445,156,302
201806301709_056,226,251,Sailboat,77,303,99,350
201806301709_050,64,87,Sailboat,371,435,184,271
201806301709_052,88,45,Motorboat,90,178,264,309
201806301709_053,72,165,Sailboat,194,266,129,294
201806301709_055,356,169,Ferry,719,1075,168,337
201806301709_056,65,46,Miscboat,1215,1280,261,307
201806301709_057,95,64,Miscboat,1184,1279,266,330
201806301709_053,64,147,Sailboat,313,377,137,284
201806301709_055,88,45,Miscboat,535,623,235,280
201806301709_056,139,67,Miscboat,463,602,235,302
201806301709_041,17,10,Ferry,379,396,245,255
201806301709_042,19,11,Ferry,457,476,244,255
201806301709_043,21,12,Ferry,449,470,241,253
201806301709_044,16,8,Ferry,643,659,248,256
201806301709_045,18,9,Ferry,599,617,247,256
201806301709_046,27,10,Ferry,590,617,249,259
201806301709_047,38,13,Ferry,572,610,246,259
201806301709_048,41,10,Ferry,546,587,249,259
201806301709_049,50,15,Ferry,490,540,248,263
201806301709_050,27,17,Ferry,505,532,247,264
201806301709_044,16,36,Sailboat,659,675,223,259
201806301709_045,25,72,Sailboat,606,631,193,265
201806301709_046,24,67,Sailboat,608,632,198,265
201806301709_047,22,59,Sailboat,611,633,203,262
201806301709_048,27,86,Sailboat,629,656,180,266
201806301709_049,27,99,Sailboat,623,650,168,267
201806301709_050,31,121,Sailboat,686,717,153,274
201806301709_053,39,53,Passengership,736,775,221,274
201806301709_054,63,52,Passengership,950,1013,231,283
201806301709_055,81,83,Passengership,1195,1276,232,315
201806301709_050,23,17,Motorboat,708,731,249,266
201806301709_051,27,21,Motorboat,736,763,250,271
201806301709_052,34,25,Motorboat,759,793,252,277
201806301709_053,45,53,Motorboat,774,819,229,282
201806301709_050,10,8,Boat,567,577,255,263
201806301709_051,21,11,Boat,537,558,256,267
201806301709_052,28,14,Boat,461,489,267,281
201806301709_055,45,43,Miscboat,1110,1155,247,290
201806301709_056,37,42,Miscboat,1185,1222,253,295
201806301709_057,62,44,Miscboat,1065,1127,263,307
201806301709_051,38,197,Sailboat,767,805,100,297
201806301709_052,95,222,Sailboat,727,822,75,297
201806301709_053,60,318,Sailboat,801,861,1,319
201806301709_056,29,54,Miscboat,1119,1148,233,287
201806301709_057,35,67,Miscboat,932,967,219,286
201806301709_058,67,80,Miscboat,1072,1139,233,313
201806301709_056,29,19,Miscboat,1089,1118,262,281
201806301709_057,39,26,Miscboat,877,916,254,280
201806301709_058,65,38,Miscboat,967,1032,260,298
201806301709_059,163,94,Miscboat,1086,1249,264,358
201806301709_059,27,21,Miscboat,287,314,253,274
201806301709_060,34,19,Miscboat,251,285,258,277
201806301709_061,58,33,Miscboat,206,264,261,294
201806301709_061,38,36,Motorboat,938,976,258,294
201806301709_062,74,75,Motorboat,1040,1114,244,319
201806301709_059,27,23,Miscboat,370,397,245,268
201806301709_060,30,25,Miscboat,379,409,245,270
201806301709_061,44,38,Miscboat,431,475,239,277
201806301709_062,66,56,Miscboat,315,381,231,287
201806301709_063,105,40,Miscboat,102,207,255,295
201806301709_064,107,79,Miscboat,1,108,226,305
201806301709_059,21,16,Miscboat,399,420,249,265
201806301709_060,24,18,Miscboat,416,440,252,270
201806301709_061,34,21,Miscboat,474,508,252,273
201806301709_062,51,30,Miscboat,383,434,248,278
201806301709_063,62,26,Miscboat,223,285,257,283
201806301709_064,80,39,Miscboat,116,196,254,293
201806301709_059,30,12,Motorboat,542,572,250,262
201806301709_060,33,13,Motorboat,591,624,252,265
201806301709_061,36,14,Motorboat,704,740,252,266
201806301709_062,45,24,Motorboat,667,712,248,272
201806301709_063,57,29,Motorboat,600,657,242,271
201806301709_064,64,32,Motorboat,579,643,240,272
201806301709_065,65,24,Motorboat,484,549,250,274
201806301709_042,64,36,Miscboat,219,283,256,292
201806301709_038,13,27,Sailboat,547,560,229,256
201806301709_051,95,199,Sailboat,36,131,104,303
201806301709_050,51,130,Sailboat,226,277,156,286
201806301709_050,91,169,Sailboat,9,100,133,302
201806301709_049,59,92,Sailboat,350,409,177,269
201806301709_051,47,135,Sailboat,710,757,147,282
201806301709_050,20,120,Sailboat,721,741,158,278
201806301709_050,33,72,Sailboat,477,510,195,267
201806301709_053,67,151,Sailboat,221,288,139,290
201806301709_054,169,109,Passengership,1031,1200,204,313
201806301709_055,37,57,Passengership,1158,1195,243,300
201806301709_065,54,31,Passengership,347,401,248,279
201806301709_018,40,26,Miscboat,247,287,257,283
201806301709_047,10,10,Motorboat,498,508,253,263
201806301709_051,93,80,Motorboat,975,1068,275,355
201806301709_057,165,291,Sailboat,1,166,59,350
201806301709_052,42,18,Boat,806,848,313,331
201806301709_066,84,21,Boat,624,708,284,305
201806301709_023,15,8,Motorboat,538,553,249,257
201806301709_050,56,27,Motorboat,111,167,269,296
201806301709_052,113,92,Boat,1027,1140,313,405
201806301709_053,103,70,Motorboat,850,953,240,310
201806301709_053,99,35,Motorboat,9,108,277,312
201806301709_012,23,56,Militaryship,245,268,203,259
201806301709_039,195,225,Militaryship,2,197,93,318
201806301709_031,105,89,Passengership,74,179,217,306
201806301709_035,179,165,Passengership,0,179,169,334
201806301709_016,27,75,Seamark,965,992,279,354
201806301709_019,9,31,Seamark,1111,1120,280,311
201806301709_020,15,63,Seamark,1255,1270,293,356
201806301709_021,171,24,Cargoship,61,232,254,278
201806301740_000,57,20,Miscboat,715,772,253,273
201806301740_001,62,21,Miscboat,721,783,252,273
201806301740_002,48,51,Miscboat,853,901,216,267
201806301740_001,41,14,Motorboat,798,839,252,266
201806301740_002,49,18,Motorboat,924,973,249,267
201806301740_004,41,39,Motorboat,1111,1152,245,284
201806301740_005,34,42,Motorboat,1165,1199,243,285
201806301740_004,33,14,Boat,1150,1183,282,296
201806301740_005,23,16,Boat,1102,1125,268,284
201806301740_003,250,108,Passengership,1030,1280,198,306
201806301740_004,243,106,Passengership,767,1010,184,290
201806301740_005,202,65,Passengership,784,986,216,281
201806301740_000,43,40,Miscboat,616,659,258,298
201806301740_001,30,31,Miscboat,641,671,256,287
201806301740_002,24,23,Miscboat,774,798,251,274
201806301740_003,24,22,Miscboat,699,723,251,273
201806301740_001,117,75,Miscboat,315,432,279,354
201806301740_002,67,51,Miscboat,552,619,262,313
201806301740_003,51,39,Miscboat,511,562,261,300
201806301740_004,44,30,Miscboat,456,500,263,293
201806301740_005,44,40,Miscboat,592,636,246,286
201806301740_000,98,64,Miscboat,528,626,243,307
201806301740_001,64,59,Miscboat,583,647,235,294
201806301740_002,58,45,Miscboat,719,777,235,280
201806301740_003,39,26,Miscboat,658,697,249,275
201806301740_004,43,31,Miscboat,574,617,246,277
201806301740_005,54,29,Miscboat,702,756,243,272
201806301740_007,25,106,Sailboat,129,154,181,287
201806301740_007,104,31,Ferry,254,358,259,290
201806301740_007,81,44,Passengership,25,106,250,294
201806301740_007,73,167,Sailboat,461,534,140,307
201807011002_000,47,38,Passengership,516,563,242,280
201807011002_001,45,48,Passengership,1050,1095,226,274
201807011002_000,111,79,Passengership,561,672,213,292
201807011002_001,128,103,Passengership,1098,1226,193,296
201807011002_002,54,47,Passengership,881,935,238,285
201807011002_003,70,60,Passengership,749,819,229,289
201807011002_004,128,93,Passengership,942,1070,219,312
201807011002_005,224,306,Passengership,1056,1280,70,376
201807011002_002,151,94,Passengership,981,1132,210,304
201807011002_003,261,122,Passengership,903,1164,201,323
201807011002_002,147,241,Sailboat,146,293,97,338
201807011002_003,122,265,Sailboat,20,142,81,346
201807011002_004,86,177,Sailboat,3,89,167,344
201807011002_003,68,31,Miscboat,259,327,262,293
201807011002_004,104,44,Miscboat,199,303,265,309
201807011002_004,56,56,Passengership,886,942,241,297
201807011002_005,144,99,Passengership,911,1055,230,329
201807011002_004,46,46,Miscboat,836,882,242,288
201807011002_005,80,118,Miscboat,808,888,184,302
201807011002_004,14,12,Boat,601,615,267,279
201807011002_005,27,21,Boat,418,445,276,297
201807011002_002,38,27,Passengership,544,582,248,275
201807011002_003,44,32,Passengership,361,405,252,284
201807011002_004,53,45,Passengership,381,434,241,286
201807011002_005,64,53,Passengership,226,290,243,296
201807011002_006,104,52,Passengership,248,352,251,303
201807011002_007,183,123,Passengership,44,227,220,343
201807011002_005,29,26,Miscboat,705,734,257,283
201807011002_006,37,33,Miscboat,902,939,256,289
201807011002_007,75,55,Miscboat,1073,1148,254,309
201807011002_004,19,29,Passengership,435,454,250,279
201807011002_005,29,30,Passengership,290,319,259,289
201807011002_006,44,47,Passengership,360,404,252,299
201807011002_007,89,64,Passengership,237,326,245,309
201807011002_008,59,94,Passengership,1,60,252,346
201807011002_005,24,21,Miscboat,680,704,258,279
201807011002_006,26,23,Miscboat,861,887,256,279
201807011002_007,64,38,Miscboat,982,1046,260,298
201807011002_008,112,53,Miscboat,995,1107,266,319
201807011002_002,20,17,Passengership,592,612,253,270
201807011002_003,22,19,Passengership,421,443,255,274
201807011002_004,27,22,Passengership,466,493,255,277
201807011002_005,35,26,Passengership,343,378,257,283
201807011002_006,50,31,Passengership,443,493,253,284
201807011002_007,66,42,Passengership,405,471,245,287
201807011002_008,81,78,Passengership,208,289,227,305
201807011002_009,163,92,Passengership,16,179,227,319
201807011002_002,17,16,Passengership,611,628,252,268
201807011002_003,19,18,Passengership,443,462,253,271
201807011002_004,22,20,Passengership,496,518,253,273
201807011002_005,34,26,Passengership,377,411,251,277
201807011002_006,38,31,Passengership,500,538,251,282
201807011002_007,46,33,Passengership,486,532,244,277
201807011002_008,76,47,Passengership,304,380,246,293
201807011002_009,115,44,Passengership,239,354,251,295
201807011002_010,217,114,Passengership,91,308,223,337
201807011002_008,26,15,Miscboat,393,419,268,283
201807011002_009,29,30,Miscboat,390,419,262,292
201807011002_010,48,30,Miscboat,382,430,265,295
201807011002_011,79,41,Miscboat,33,112,285,326
201807011002_005,28,25,Passengership,442,470,248,273
201807011002_006,39,27,Passengership,575,614,246,273
201807011002_007,39,24,Passengership,583,622,244,268
201807011002_008,44,34,Passengership,440,484,245,279
201807011002_009,51,45,Passengership,460,511,238,283
201807011002_010,81,49,Passengership,470,551,241,290
201807011002_011,122,66,Passengership,203,325,240,306
201807011002_012,59,83,Passengership,1,60,244,327
201807011002_011,52,63,Motorboat,974,1026,239,302
201807011002_012,170,113,Motorboat,1107,1277,237,350
201807011002_008,20,14,Miscboat,485,505,261,275
201807011002_009,22,15,Miscboat,516,538,260,275
201807011002_010,24,16,Miscboat,558,582,257,273
201807011002_011,50,29,Miscboat,334,384,264,293
201807011002_012,95,47,Miscboat,78,173,265,312
201807011002_008,15,14,Miscboat,507,522,261,275
201807011002_009,24,16,Miscboat,537,561,258,274
201807011002_010,20,18,Miscboat,590,610,257,275
201807011002_011,36,22,Miscboat,388,424,263,285
201807011002_012,54,32,Miscboat,172,226,270,302
201807011002_015,163,99,Passengership,892,1055,210,309
201807011002_016,292,163,Passengership,932,1224,169,332
201807011002_015,88,51,Passengership,758,846,239,290
201807011002_016,123,74,Passengership,727,850,221,295
201807011002_017,185,156,Passengership,1098,1283,168,324
201807011002_016,11,10,Motorboat,313,324,266,276
201807011002_017,13,12,Motorboat,510,523,267,279
201807011002_016,25,22,Miscboat,199,224,266,288
201807011002_017,39,31,Miscboat,315,354,265,296
201807011002_018,103,58,Miscboat,42,145,271,329
201807011002_015,40,33,Passengership,673,713,246,279
201807011002_016,53,42,Passengership,609,662,239,281
201807011002_017,75,69,Passengership,891,966,220,289
201807011002_018,156,79,Passengership,1125,1281,253,332
201807011002_015,33,29,Passengership,640,673,248,277
201807011002_016,37,40,Passengership,572,609,237,277
201807011002_017,54,49,Passengership,836,890,231,280
201807011002_018,112,64,Passengership,982,1094,245,309
201807011002_019,69,43,Miscboat,855,924,245,288
201807011002_020,146,84,Miscboat,1049,1195,234,318
201807011002_016,35,16,Ferry,444,479,254,270
201807011002_017,55,16,Ferry,639,694,252,268
201807011002_018,73,22,Ferry,578,651,256,278
201807011002_019,93,27,Ferry,484,577,247,274
201807011002_020,138,42,Ferry,354,492,243,285
201807011002_021,195,41,Ferry,187,382,265,306
201807011002_020,62,19,Motorboat,737,799,256,275
201807011002_021,66,138,Sailboat,819,885,151,289
201807011002_022,89,206,Sailboat,743,832,96,302
201807011002_023,88,37,Motorboat,910,998,274,311
201807011002_018,45,40,Passengership,413,458,243,283
201807011002_019,53,48,Passengership,339,392,234,282
201807011002_020,95,74,Passengership,235,330,224,298
201807011002_021,125,144,Passengership,3,128,198,342
201807011002_022,169,52,Motorboat,838,1007,270,322
201807011002_023,161,346,Sailboat,998,1159,1,347
201807011002_024,140,320,Sailboat,1141,1281,63,383
201807011002_024,154,254,Sailboat,815,969,54,308
201807011002_025,101,195,Sailboat,808,909,108,303
201807011002_026,117,45,Motorboat,886,1003,272,317
201807011002_025,178,285,Sailboat,907,1085,45,330
201807011002_026,247,358,Sailboat,984,1231,1,359
201807011002_016,27,17,Sailboat,479,506,255,272
201807011002_017,30,19,Sailboat,723,753,251,270
201807011002_018,42,27,Sailboat,758,800,249,276
201807011002_019,48,79,Sailboat,793,841,200,279
201807011002_020,81,106,Sailboat,899,980,182,288
201807011002_021,147,204,Sailboat,1092,1239,126,330
201807011002_019,52,40,Passengership,396,448,235,275
201807011002_020,94,16,Ferry,379,473,261,277
201807011002_021,203,59,Ferry,174,377,241,300
201807011002_022,39,99,Sailboat,174,213,198,297
201807011002_019,22,90,Sailboat,458,480,179,269
201807011002_021,50,162,Sailboat,414,464,124,286
201807011002_022,59,216,Sailboat,243,302,76,292
201807011002_023,114,313,Sailboat,132,246,1,314
201807011002_022,60,85,Sailboat,316,376,200,285
201807011002_023,91,187,Sailboat,297,388,107,294
201807011002_023,29,20,Motorboat,379,408,263,283
201807011002_024,67,44,Motorboat,120,187,273,317
201807011002_023,26,106,Sailboat,409,435,175,281
201807011002_024,70,205,Sailboat,197,267,98,303
201807011002_023,24,19,Motorboat,436,460,258,277
201807011002_024,39,45,Motorboat,276,315,256,301
201807011002_024,47,67,Miscboat,372,419,228,295
201807011002_025,72,73,Miscboat,204,276,223,296
201807011002_026,113,109,Miscboat,3,116,215,324
201807011002_023,9,8,Boat,585,594,256,264
201807011002_024,19,12,Boat,514,533,259,271
201807011002_025,32,22,Boat,304,336,279,301
201807011002_025,21,18,Miscboat,446,467,250,268
201807011002_026,22,20,Miscboat,423,445,249,269
201807011002_027,29,34,Miscboat,437,466,245,279
201807011002_028,50,34,Miscboat,255,305,250,284
201807011002_029,79,69,Miscboat,76,155,237,306
201807011002_032,45,40,Miscboat,962,1007,262,302
201807011002_033,80,89,Miscboat,1108,1188,267,356
201807011002_030,25,28,Miscboat,588,613,250,278
201807011002_031,48,30,Miscboat,729,777,256,286
201807011002_032,58,36,Miscboat,900,958,266,302
201807011002_033,88,43,Passengership,932,1020,275,318
201807011002_027,57,110,Sailboat,751,808,146,256
201807011002_028,73,141,Sailboat,682,755,120,261
201807011002_029,84,164,Sailboat,688,772,104,268
201807011002_030,88,180,Sailboat,619,707,75,255
201807011002_031,83,224,Sailboat,781,864,36,260
201807011002_032,98,261,Sailboat,942,1040,1,262
201807011002_033,260,285,Sailboat,855,1115,0,285
201807011002_034,461,337,Sailboat,819,1280,1,338
201807011002_035,281,445,Sailboat,1002,1283,1,446
201807011002_034,45,39,Miscboat,755,800,253,292
201807011002_035,93,64,Miscboat,844,937,253,317
201807011002_036,157,119,Militaryship,1118,1275,253,372
201807011002_034,79,87,Militaryship,673,752,191,278
201807011002_035,116,125,Militaryship,701,817,167,292
201807011002_036,245,204,Militaryship,868,1113,124,328
201807011002_037,105,135,Militaryship,1176,1281,237,372
201807011002_033,80,78,Cruiseship,827,907,196,274
201807011002_034,85,96,Cruiseship,625,710,175,271
201807011002_035,124,107,Cruiseship,631,755,166,273
201807011002_036,159,136,Cruiseship,759,918,146,282
201807011002_037,299,315,Cruiseship,851,1150,1,316
201807011002_038,382,373,Cruiseship,898,1280,1,374
201807011002_038,64,90,Militaryship,773,837,190,280
201807011002_039,93,90,Militaryship,789,882,206,296
201807011002_040,281,317,Militaryship,985,1266,48,365
201807011002_039,62,60,Militaryship,680,742,213,273
201807011002_040,87,132,Militaryship,767,854,154,286
201807011002_041,167,226,Militaryship,808,975,87,313
201807011002_042,335,432,Militaryship,946,1281,12,444
201807011002_042,83,98,Militaryship,895,978,209,307
201807011002_043,70,57,Cruiseship,1077,1147,243,300
201807011002_044,47,28,Militaryship,962,1009,242,270
201807011002_045,51,33,Militaryship,797,848,240,273
201807011002_046,57,48,Militaryship,608,665,225,273
201807011002_047,60,51,Militaryship,426,486,225,276
201807011002_048,68,58,Militaryship,92,160,230,288
201807011002_043,147,204,Militaryship,1128,1275,133,337
201807011002_044,147,161,Cruiseship,1133,1280,191,352
201807011002_045,85,49,Militaryship,956,1041,228,277
201807011002_046,55,46,Militaryship,769,824,223,269
201807011002_047,69,67,Militaryship,617,686,202,269
201807011002_048,148,55,Militaryship,367,515,219,274
201807011002_043,27,17,Motorboat,286,313,253,270
201807011002_044,34,17,Motorboat,46,80,262,279
201807011002_035,22,32,Sailboat,485,507,219,251
201807011002_036,24,35,Sailboat,597,621,215,250
201807011002_037,27,38,Sailboat,623,650,215,253
201807011002_038,30,41,Sailboat,534,564,211,252
201807011002_039,39,53,Sailboat,464,503,202,255
201807011002_040,40,52,Sailboat,514,554,201,253
201807011002_041,42,57,Sailboat,440,482,194,251
201807011002_042,46,64,Sailboat,345,391,189,253
201807011002_043,57,78,Sailboat,334,391,176,254
201807011002_044,64,89,Sailboat,105,169,169,258
201807011002_045,51,31,Miscboat,517,568,243,274
201807011002_046,64,31,Miscboat,287,351,246,277
201807011002_046,5,7,Seamark,902,907,257,264
201807011002_047,4,8,Seamark,761,765,253,261
201807011002_046,6,10,Seamark,1022,1028,259,269
201807011002_047,5,11,Seamark,911,916,256,267
201807011002_021,28,18,Boat,545,573,276,294
201807011002_047,30,23,Boat,1064,1094,304,327
201807011002_000,280,363,Sailboat,813,1093,8,371
201807011002_001,91,184,Sailboat,387,478,129,313
201807011002_001,125,211,Sailboat,263,388,111,322
201807011002_000,108,319,Sailboat,676,784,4,323
201807011002_002,132,377,Sailboat,1,133,1,378
201807011002_024,120,297,Sailboat,996,1116,62,359
201807011002_025,197,137,Sailboat,1084,1281,281,418
201807011002_020,135,84,Passengership,95,230,229,313
201807011002_019,49,38,Passengership,289,338,249,287
201807011002_022,132,136,Passengership,2,134,203,339
201807011002_021,43,69,Sailboat,680,723,191,260
201807011002_001,135,58,Motorboat,1,136,307,365
201807011002_006,118,76,Motorboat,185,303,312,388
201807011002_010,15,11,Boat,754,769,271,282
201807011002_011,43,25,Boat,398,441,296,321
201807011002_014,133,73,Motorboat,947,1080,255,328
201807011002_018,72,44,Motorboat,269,341,293,337
201807011002_043,36,17,Motorboat,60,96,259,276
201807011002_045,25,18,Miscboat,730,755,252,270
201807011002_018,67,31,Miscboat,180,247,276,307
201807011002_033,78,79,Miscboat,1014,1092,273,352
201807011002_005,36,38,Miscboat,769,805,253,291
201807011002_019,93,44,Miscboat,196,289,258,302
201807011002_019,91,47,Miscboat,76,167,268,315
201807011002_043,90,18,Passengership,489,579,249,267
201807011002_043,7,27,Seamark,137,144,259,286
201807011002_047,3,11,Seamark,858,861,258,269
201807011002_047,3,8,Seamark,874,877,257,265
201807011002_047,4,21,Seamark,497,501,254,275
201807011002_046,10,9,Boat,983,993,274,283
201807011032_000,9,21,Seamark,418,427,253,274
201807011032_001,9,23,Seamark,264,273,253,276
201807011032_002,7,28,Seamark,176,183,257,285
201807011032_007,7,19,Seamark,160,167,252,271
201807011032_008,7,22,Seamark,72,79,259,281
201807011032_002,49,19,Miscboat,701,750,240,259
201807011032_003,68,28,Miscboat,682,750,228,256
201807011032_004,77,41,Miscboat,170,247,224,265
201807011032_005,91,36,Miscboat,509,600,226,262
201807011032_006,126,62,Miscboat,708,834,200,262
201807011032_007,178,87,Miscboat,747,925,185,272
201807011032_008,251,124,Miscboat,942,1193,161,285
201807011032_009,72,114,Militaryship,1002,1074,185,299
201807011032_005,23,14,Miscboat,241,264,252,266
201807011032_006,28,16,Miscboat,377,405,246,262
201807011032_007,35,19,Miscboat,349,384,246,265
201807011032_008,28,20,Miscboat,358,386,246,266
201807011032_005,37,18,Miscboat,206,243,250,268
201807011032_006,45,25,Miscboat,334,379,241,266
201807011032_007,47,27,Miscboat,302,349,238,265
201807011032_008,58,30,Miscboat,287,345,237,267
201807011032_009,58,33,Miscboat,102,160,241,274
201807011032_005,25,12,Miscboat,275,300,252,264
201807011032_006,32,14,Miscboat,422,454,246,260
201807011032_007,32,13,Miscboat,401,433,247,260
201807011032_008,30,22,Miscboat,403,433,246,268
201807011032_005,37,30,Passengership,311,348,234,264
201807011032_006,48,39,Passengership,453,501,224,263
201807011032_007,54,43,Passengership,447,501,221,264
201807011032_008,58,44,Passengership,466,524,218,262
201807011032_009,68,55,Passengership,331,399,213,268
201807011032_009,21,16,Motorboat,831,852,254,270
201807011032_010,20,22,Motorboat,757,777,250,272
201807011032_011,25,23,Motorboat,720,745,251,274
201807011032_012,41,37,Motorboat,251,292,252,289
201807011032_012,12,32,Seamark,569,581,266,298
201807011032_013,18,63,Seamark,101,119,296,359
201807011032_009,54,79,Sailboat,893,947,194,273
201807011032_010,56,74,Sailboat,850,906,204,278
201807011032_011,79,111,Sailboat,842,921,171,282
201807011032_012,102,174,Sailboat,437,539,123,297
201807011032_013,98,304,Sailboat,0,98,36,340
201807011032_014,75,21,Miscboat,1033,1108,263,284
201807011032_015,51,50,Miscboat,1229,1280,253,303
201807011032_014,103,42,Miscboat,873,976,240,282
201807011032_015,98,49,Miscboat,1033,1131,246,295
201807011032_014,91,44,Miscboat,779,870,232,276
201807011032_015,76,58,Miscboat,904,980,224,282
201807011032_014,5,16,Seamark,104,109,273,289
201807011032_015,7,23,Seamark,87,94,268,291
201807011032_016,9,27,Seamark,98,107,268,295
201807011032_016,6,12,Seamark,1023,1029,254,266
201807011032_017,11,24,Seamark,826,837,246,270
201807011032_018,10,22,Seamark,590,600,249,271
201807011032_019,8,21,Seamark,231,239,260,281
201807011032_020,9,24,Seamark,8,17,267,291
201807011032_017,5,17,Seamark,1213,1218,259,276
201807011032_018,15,36,Seamark,1126,1141,250,286
201807011032_019,13,33,Seamark,938,951,250,283
201807011032_020,15,45,Seamark,980,995,254,299
201807011032_021,45,110,Seamark,989,1034,244,354
201807011032_022,5,14,Seamark,303,308,257,271
201807011032_023,6,15,Seamark,253,259,259,274
201807011032_024,9,19,Seamark,212,221,258,277
201807011032_025,7,17,Seamark,227,234,257,274
201807011032_026,6,19,Seamark,76,82,265,284
201807011032_027,12,26,Seamark,19,31,269,295
201807011032_022,5,10,Seamark,623,628,257,267
201807011032_023,5,10,Seamark,604,609,258,268
201807011032_024,8,24,Seamark,595,603,247,271
201807011032_025,7,18,Seamark,655,662,250,268
201807011032_026,7,19,Seamark,598,605,254,273
201807011032_027,12,32,Seamark,678,690,247,279
201807011032_028,15,45,Seamark,784,799,248,293
201807011032_029,32,93,Seamark,919,951,242,335
201807011032_025,4,10,Seamark,312,316,256,266
201807011032_026,13,15,Seamark,213,226,258,273
201807011032_027,4,12,Seamark,250,254,256,268
201807011032_028,6,14,Seamark,265,271,258,272
201807011032_029,15,24,Seamark,149,164,258,282
201807011032_030,10,23,Seamark,99,109,260,283
201807011032_025,4,10,Seamark,560,564,252,262
201807011032_026,4,10,Seamark,493,497,256,266
201807011032_027,4,11,Seamark,560,564,256,267
201807011032_028,5,13,Seamark,631,636,253,266
201807011032_029,7,17,Seamark,582,589,254,271
201807011032_030,9,21,Seamark,578,587,252,273
201807011032_031,11,30,Seamark,475,486,250,280
201807011032_032,12,39,Seamark,466,478,252,291
201807011032_033,35,81,Seamark,275,310,254,335
201807011032_031,8,16,Seamark,570,578,249,265
201807011032_032,6,16,Seamark,593,599,252,268
201807011032_033,11,23,Seamark,586,597,249,272
201807011032_034,12,29,Seamark,540,552,249,278
201807011032_035,12,46,Seamark,534,546,250,296
201807011032_036,34,119,Seamark,266,300,249,368
201807011032_037,11,30,Seamark,488,499,268,298
201807011032_038,11,41,Seamark,370,381,274,315
201807011032_010,47,89,Sailboat,392,439,189,278
201807011032_014,37,175,Sailboat,1122,1159,121,296
201807011032_000,137,84,Militaryship,6,143,199,283
201807011032_002,23,13,Miscboat,484,507,247,260
201807011032_002,23,17,Miscboat,437,460,242,259
201807011032_002,32,15,Passengership,505,537,244,259
201807011032_005,29,12,Miscboat,384,413,252,264
201807011032_008,19,15,Motorboat,439,458,249,264
201807011032_001,6,23,Seamark,83,89,268,291
201807011032_001,6,12,Seamark,98,104,258,270
201807011032_001,6,13,Seamark,221,227,259,272
201807011032_012,18,67,Seamark,958,976,277,344
201807011032_019,4,10,Seamark,1010,1014,251,261
201807011102_002,37,11,Boat,1198,1235,272,283
201807011102_003,35,17,Boat,1101,1136,264,281
201807011102_004,39,17,Boat,937,976,255,272
201807011102_008,5,20,Seamark,1172,1177,256,276
201807011102_009,11,21,Seamark,730,741,253,274
201807011102_010,12,28,Seamark,621,633,252,280
201807011102_011,9,32,Seamark,516,525,253,285
201807011102_012,22,55,Seamark,408,430,255,310
201807011102_013,37,129,Seamark,92,129,260,389
201807011102_008,29,11,Motorboat,968,997,262,273
201807011102_009,24,12,Motorboat,323,347,270,282
201807011102_010,8,20,Seamark,288,296,261,281
201807011102_011,6,20,Seamark,115,121,267,287
201807011102_010,26,31,Seamark,614,640,249,280
201807011102_011,10,23,Seamark,587,597,247,270
201807011102_012,9,21,Seamark,535,544,249,270
201807011102_013,8,19,Seamark,521,529,254,273
201807011102_014,5,18,Seamark,520,525,255,273
201807011102_015,7,26,Seamark,351,358,261,287
201807011102_016,10,31,Seamark,152,162,270,301
201807011102_017,7,36,Seamark,22,29,274,310
201807011102_010,6,13,Seamark,957,963,252,265
201807011102_011,3,11,Seamark,896,899,254,265
201807011102_012,8,23,Seamark,888,896,246,269
201807011102_013,7,21,Seamark,943,950,250,271
201807011102_014,6,22,Seamark,1035,1041,251,273
201807011102_015,12,27,Seamark,974,986,256,283
201807011102_016,14,39,Seamark,946,960,248,287
201807011102_017,13,49,Seamark,1075,1088,247,296
201807011102_018,26,78,Seamark,1033,1059,245,323
201807011102_016,5,11,Seamark,787,792,253,264
201807011102_017,6,12,Seamark,807,813,249,261
201807011102_018,7,13,Seamark,565,572,255,268
201807011102_019,7,17,Seamark,547,554,251,268
201807011102_020,4,11,Seamark,400,404,265,276
201807011102_021,8,24,Seamark,207,215,267,291
201807011102_022,8,23,Seamark,69,77,281,304
201807011102_019,6,17,Seamark,949,955,249,266
201807011102_020,13,23,Seamark,855,868,248,271
201807011102_019,23,41,Sailboat,640,663,231,272
201807011102_020,21,49,Sailboat,421,442,235,284
201807011102_022,11,27,Seamark,784,795,255,282
201807011102_023,13,36,Seamark,811,824,254,290
201807011102_024,27,78,Seamark,928,955,250,328
201807011102_025,8,18,Seamark,773,781,253,271
201807011102_026,7,20,Seamark,888,895,251,271
201807011102_027,9,31,Seamark,876,885,248,279
201807011102_028,17,47,Seamark,908,925,248,295
201807011102_029,34,104,Seamark,1031,1065,249,353
201807011102_020,20,29,Cruiseship,768,788,229,258
201807011102_021,22,32,Cruiseship,646,668,227,259
201807011102_022,24,35,Cruiseship,621,645,224,259
201807011102_023,23,35,Cruiseship,593,616,229,264
201807011102_024,28,43,Cruiseship,579,607,219,262
201807011102_025,32,48,Cruiseship,418,450,224,272
201807011102_026,34,46,Cruiseship,476,510,219,265
201807011102_027,46,64,Cruiseship,369,415,216,280
201807011102_028,38,43,Cruiseship,294,332,230,273
201807011102_029,32,58,Cruiseship,135,167,225,283
201807011102_030,39,67,Cruiseship,14,53,220,287
201807011102_026,26,13,Passengership,1153,1179,245,258
201807011102_027,29,14,Passengership,1034,1063,245,259
201807011102_028,37,21,Passengership,923,960,243,264
201807011102_029,72,25,Passengership,644,716,246,271
201807011102_030,128,47,Passengership,314,442,242,289
201807011102_033,16,66,Seamark,868,884,267,333
201807011102_034,68,192,Seamark,1198,1266,301,493
201807011102_026,55,39,Militaryship,1204,1259,227,266
201807011102_027,67,37,Militaryship,1181,1248,222,259
201807011102_028,80,57,Militaryship,1183,1263,218,275
201807011102_029,104,65,Militaryship,1128,1232,202,267
201807011102_030,102,69,Militaryship,1123,1225,193,262
201807011102_031,128,87,Militaryship,1048,1176,186,273
201807011102_032,149,83,Militaryship,1069,1218,186,269
201807011102_033,103,89,Militaryship,1176,1279,187,276
201807011102_033,11,35,Seamark,819,830,250,285
201807011102_034,17,55,Seamark,859,876,247,302
201807011102_035,24,85,Seamark,1009,1033,248,333
201807011102_031,9,22,Seamark,789,798,247,269
201807011102_032,6,25,Seamark,753,759,254,279
201807011102_034,4,18,Seamark,1063,1067,258,276
201807011102_036,8,37,Seamark,1210,1218,263,300
201807011102_031,22,15,Passengership,946,968,244,259
201807011102_032,24,16,Passengership,830,854,249,265
201807011102_033,38,28,Passengership,785,823,242,270
201807011102_034,82,51,Passengership,696,778,234,285
201807011102_035,147,57,Passengership,533,680,248,305
201807011102_036,112,264,Sailboat,151,263,76,340
201807011102_041,19,11,Motorboat,729,748,248,259
201807011102_042,23,15,Motorboat,804,827,249,264
201807011102_043,24,11,Motorboat,1081,1105,249,260
201807011102_044,24,16,Motorboat,1256,1280,249,265
201807011102_041,15,11,Boat,716,731,250,261
201807011102_042,21,8,Boat,789,810,254,262
201807011102_043,23,12,Boat,1062,1085,250,262
201807011102_044,24,10,Boat,1230,1254,254,264
201807011102_044,45,12,Motorboat,1113,1158,253,265
201807011102_044,61,50,Cruiseship,60,121,256,306
201807011102_045,49,50,Militaryship,76,125,243,293
201807011102_046,85,132,Militaryship,79,164,174,306
201807011102_047,48,86,Militaryship,123,171,210,296
201807011102_048,67,111,Militaryship,148,215,188,299
201807011102_047,38,62,Cruiseship,172,210,221,283
201807011102_048,61,70,Cruiseship,251,312,211,281
201807011102_049,74,113,Cruiseship,342,416,165,278
201807011102_050,100,89,Cruiseship,398,498,189,278
201807011102_051,149,130,Cruiseship,186,335,169,299
201807011102_052,333,206,Cruiseship,36,369,118,324
201807011102_053,221,284,Cruiseship,5,226,69,353
201807011102_047,116,97,Militaryship,7,123,227,324
201807011102_048,93,156,Militaryship,0,93,184,340
201807011102_049,121,162,Militaryship,142,263,151,313
201807011102_050,200,217,Militaryship,7,207,131,348
201807011102_048,34,35,Militaryship,214,248,254,289
201807011102_049,51,98,Militaryship,262,313,194,292
201807011102_050,117,88,Militaryship,207,324,224,312
201807011102_050,34,45,Militaryship,494,528,224,269
201807011102_051,47,62,Militaryship,347,394,219,281
201807011102_052,58,82,Militaryship,397,455,206,288
201807011102_053,66,68,Militaryship,321,387,224,292
201807011102_054,135,99,Militaryship,234,369,204,303
201807011102_055,235,182,Militaryship,34,269,153,335
201807011102_053,92,69,Militaryship,218,310,229,298
201807011102_054,153,118,Militaryship,82,235,199,317
201807011102_053,21,18,Militaryship,391,412,263,281
201807011102_054,36,29,Militaryship,362,398,260,289
201807011102_055,58,44,Militaryship,253,311,262,306
201807011102_056,78,62,Militaryship,0,78,274,336
201807011102_053,32,14,Miscboat,415,447,266,280
201807011102_054,35,15,Miscboat,406,441,269,284
201807011102_055,73,30,Miscboat,311,384,262,292
201807011102_056,99,40,Miscboat,114,213,274,314
201807011102_047,40,92,Sailboat,190,230,185,277
201807011102_048,34,101,Sailboat,319,353,171,272
201807011102_049,60,105,Sailboat,420,480,162,267
201807011102_050,55,113,Sailboat,514,569,150,263
201807011102_051,57,132,Sailboat,397,454,135,267
201807011102_052,78,171,Sailboat,473,551,105,276
201807011102_053,107,179,Sailboat,405,512,91,270
201807011102_054,113,225,Sailboat,417,530,53,278
201807011102_055,136,273,Sailboat,350,486,16,289
201807011102_056,244,292,Sailboat,156,400,7,299
201807011102_057,291,319,Sailboat,1,292,1,320
201807011102_058,118,334,Sailboat,-4,114,1,335
201807011102_057,55,22,Passengership,296,351,268,290
201807011102_058,43,31,Miscboat,170,213,265,296
201807011102_059,70,49,Miscboat,11,81,272,321
201807011102_059,22,113,Sailboat,353,375,177,290
201807011102_060,81,280,Sailboat,113,194,62,342
201807011102_061,50,106,Sailboat,464,514,177,283
201807011102_059,15,18,Miscboat,542,557,252,270
201807011102_060,24,31,Miscboat,601,625,246,277
201807011102_061,32,53,Miscboat,672,704,232,285
201807011102_062,40,44,Miscboat,755,795,250,294
201807011102_063,72,66,Miscboat,747,819,246,312
201807011102_064,216,361,Miscboat,1063,1279,101,462
201807011102_065,59,16,Motorboat,284,343,268,284
201807011102_066,79,21,Motorboat,211,290,276,297
201807011102_067,58,33,Motorboat,147,205,279,312
201807011102_065,43,90,Sailboat,412,455,185,275
201807011102_066,87,116,Sailboat,373,460,166,282
201807011102_067,72,127,Sailboat,411,483,156,283
201807011102_068,123,168,Sailboat,275,398,128,296
201807011102_069,98,139,Sailboat,339,437,156,295
201807011102_070,72,179,Sailboat,172,244,131,310
201807011102_071,111,282,Sailboat,118,229,61,343
201807011102_072,147,276,Sailboat,0,147,79,355
201807011102_073,136,66,Passengership,2,138,296,362
201807011102_068,43,90,Sailboat,434,477,190,280
201807011102_069,52,111,Sailboat,463,515,176,287
201807011102_070,64,137,Sailboat,346,410,166,303
201807011102_071,69,159,Sailboat,421,490,135,294
201807011102_072,103,270,Sailboat,126,229,65,335
201807011102_065,26,74,Sailboat,365,391,207,281
201807011102_066,101,149,Sailboat,342,443,153,302
201807011102_069,164,225,Sailboat,209,373,82,307
201807011102_070,78,279,Sailboat,0,78,70,349
201807011102_071,108,290,Sailboat,4,112,58,348
201807011102_065,34,70,Sailboat,331,365,210,280
201807011102_066,40,85,Sailboat,316,356,202,287
201807011102_067,61,134,Sailboat,286,347,163,297
201807011102_068,78,141,Sailboat,166,244,168,309
201807011102_069,104,211,Sailboat,0,104,129,340
201807011102_068,32,22,Boat,796,828,274,296
201807011102_069,39,33,Boat,960,999,292,325
201807011102_069,44,36,Motorboat,910,954,275,311
201807011102_070,139,124,Motorboat,1105,1244,267,391
201807011102_065,28,76,Sailboat,649,677,195,271
201807011102_066,31,84,Sailboat,681,712,191,275
201807011102_067,19,109,Sailboat,744,763,162,271
201807011102_068,19,131,Sailboat,729,748,140,271
201807011102_069,23,160,Sailboat,806,829,116,276
201807011102_070,45,217,Sailboat,758,803,69,286
201807011102_071,69,289,Sailboat,971,1040,14,303
201807011102_068,46,142,Sailboat,748,794,143,285
201807011102_069,60,53,Motorboat,893,953,262,315
201807011102_070,51,58,Boat,1051,1102,297,355
201807011102_071,58,60,Passengership,909,967,222,282
201807011102_072,149,96,Passengership,936,1085,206,302
201807011102_073,224,198,Passengership,1056,1280,145,343
201807011102_064,36,52,Miscboat,689,725,226,278
201807011102_065,34,47,Miscboat,676,710,230,277
201807011102_066,54,67,Miscboat,714,768,224,291
201807011102_067,90,154,Miscboat,833,923,159,313
201807011102_068,210,302,Miscboat,929,1139,50,352
201807011102_069,25,194,Sailboat,877,902,105,299
201807011102_070,80,341,Sailboat,953,1033,1,342
201807011102_071,121,216,Sailboat,239,360,97,313
201807011102_067,56,21,Ferry,588,644,249,270
201807011102_068,21,20,Passengership,565,586,247,267
201807011102_069,67,24,Ferry,695,762,249,273
201807011102_070,81,33,Ferry,663,744,243,276
201807011102_071,25,22,Passengership,649,674,243,265
201807011102_072,154,58,Ferry,797,951,232,290
201807011102_073,202,73,Ferry,860,1062,235,308
201807011102_074,28,31,Passengership,554,582,243,274
201807011102_075,33,22,Passengership,510,543,252,274
201807011102_076,53,47,Passengership,394,447,238,285
201807011102_068,63,20,Ferry,595,658,251,271
201807011102_071,67,31,Ferry,833,900,245,276
201807011102_072,81,63,Ferry,786,867,237,300
201807011102_073,100,77,Ferry,828,928,237,314
201807011102_074,107,83,Ferry,1172,1279,275,358
201807011102_071,49,69,Sailboat,493,542,218,287
201807011102_072,52,74,Sailboat,345,397,222,296
201807011102_073,81,115,Sailboat,241,322,193,308
201807011102_074,146,180,Sailboat,9,155,162,342
201807011102_074,63,58,Passengership,1013,1076,238,296
201807011102_075,71,85,Passengership,1209,1280,240,325
201807011102_074,55,33,Miscboat,948,1003,250,283
201807011102_075,93,43,Miscboat,1064,1157,256,299
201807011102_075,47,45,Miscboat,985,1032,247,292
201807011102_076,102,87,Miscboat,1178,1280,244,331
201807011102_071,15,13,Miscboat,687,702,250,263
201807011102_072,16,14,Miscboat,592,608,251,265
201807011102_073,18,15,Miscboat,590,608,250,265
201807011102_074,17,12,Miscboat,602,619,253,265
201807011102_071,19,15,Passengership,706,725,247,262
201807011102_072,20,15,Passengership,613,633,248,263
201807011102_073,22,16,Passengership,614,636,247,263
201807011102_074,27,19,Passengership,628,655,245,264
201807011102_071,41,19,Passengership,542,583,254,273
201807011102_072,51,24,Passengership,415,466,254,278
201807011102_073,75,47,Passengership,363,438,248,295
201807011102_074,119,40,Passengership,266,385,262,302
201807011102_075,176,75,Passengership,6,182,265,340
201807011102_065,12,22,Passengership,508,520,242,264
201807011102_066,13,24,Passengership,528,541,241,265
201807011102_067,14,26,Passengership,584,598,237,263
201807011102_068,18,13,Passengership,543,561,251,264
201807011102_069,20,14,Passengership,589,609,248,262
201807011102_070,22,15,Passengership,495,517,251,266
201807011102_071,31,22,Passengership,610,641,247,269
201807011102_072,32,22,Passengership,507,539,247,269
201807011102_073,34,23,Passengership,491,525,245,268
201807011102_074,55,33,Passengership,470,525,246,279
201807011102_075,75,40,Passengership,391,466,248,288
201807011102_076,124,75,Passengership,178,302,242,317
201807011102_035,28,16,Boat,734,762,270,286
201807011102_041,16,9,Motorboat,761,777,250,259
201807011102_044,32,14,Boat,1075,1107,252,266
201807011102_056,54,39,Miscboat,74,128,277,316
201807011102_065,11,11,Boat,526,537,251,262
201807011102_074,20,15,Miscboat,851,871,255,270
201807011102_074,32,60,Sailboat,868,900,217,277
201807011102_052,52,28,Boat,77,129,327,355
201807011102_060,31,22,Boat,201,232,315,337
201807011102_067,40,24,Motorboat,107,147,291,315
201807011102_069,32,30,Boat,933,965,291,321
201807011102_070,47,41,Motorboat,899,946,272,313
201807011102_029,38,24,Boat,213,251,274,298
201807011102_035,47,26,Miscboat,324,371,272,298
201807011102_076,68,119,Sailboat,960,1028,183,302
201807011102_041,30,105,Sailboat,1162,1192,156,261
201807011102_058,16,79,Sailboat,382,398,202,281
201807011102_059,16,38,Sailboat,431,447,233,271
201807011102_062,139,256,Sailboat,266,405,67,323
201807011102_065,41,56,Sailboat,455,496,214,270
201807011102_068,75,182,Sailboat,83,158,139,321
201807011102_069,122,238,Sailboat,23,145,94,332
201807011102_068,67,177,Sailboat,14,81,154,331
201807011102_071,63,144,Sailboat,362,425,153,297
201807011102_074,142,102,Passengership,1079,1221,209,311
201807011102_071,19,12,Miscboat,727,746,249,261
201807011102_007,8,17,Seamark,1219,1227,258,275
201807011102_008,6,12,Seamark,245,251,273,285
201807011102_016,6,13,Seamark,1080,1086,251,264
201807011102_031,12,17,Seamark,991,1003,254,271
201807011102_031,8,21,Seamark,772,780,257,278
201807011102_025,8,19,Seamark,22,30,276,295
201807011132_000,39,22,Miscboat,305,344,268,290
201807011132_001,72,38,Miscboat,86,158,279,317
201807011132_000,78,54,Passengership,380,458,230,284
201807011132_001,112,55,Passengership,226,338,244,299
201807011132_002,224,93,Passengership,7,231,244,337
201807011132_000,27,23,Miscboat,453,480,250,273
201807011132_001,51,25,Miscboat,341,392,263,288
201807011132_002,87,40,Miscboat,246,333,260,300
201807011132_000,24,18,Miscboat,483,507,257,275
201807011132_001,34,21,Miscboat,393,427,263,284
201807011132_002,49,35,Miscboat,342,391,260,295
201807011132_003,94,46,Miscboat,1,95,269,315
201807011132_004,93,49,Passengership,704,797,234,283
201807011132_005,140,57,Passengership,782,922,242,299
201807011132_006,260,148,Passengership,1019,1279,197,345
201807011132_005,27,23,Miscboat,200,227,254,277
201807011132_006,38,81,Sailboat,230,268,204,285
201807011132_007,69,46,Miscboat,147,216,253,299
201807011132_008,91,68,Miscboat,0,91,250,318
201807011132_004,111,129,Motorboat,-2,109,235,364
201807011132_007,100,59,Miscboat,19,119,256,315
201807011132_004,39,30,Passengership,561,600,240,270
201807011132_005,52,35,Passengership,594,646,240,275
201807011132_006,59,48,Passengership,729,788,238,286
201807011132_007,111,93,Passengership,908,1019,222,315
201807011132_008,166,101,Passengership,1094,1260,237,338
201807011132_005,21,14,Miscboat,233,254,255,269
201807011132_006,23,15,Miscboat,287,310,257,272
201807011132_007,47,28,Miscboat,269,316,255,283
201807011132_008,62,39,Miscboat,208,270,249,288
201807011132_009,96,49,Miscboat,64,160,261,310
201807011132_008,69,33,Miscboat,284,353,247,280
201807011132_009,107,47,Miscboat,197,304,245,292
201807011132_010,154,90,Passengership,89,243,223,313
201807011132_005,41,44,Sailboat,503,544,223,267
201807011132_006,43,57,Sailboat,622,665,219,276
201807011132_007,50,90,Sailboat,750,800,193,283
201807011132_008,68,125,Sailboat,825,893,171,296
201807011132_009,94,141,Sailboat,893,987,162,303
201807011132_010,158,241,Sailboat,1102,1260,94,335
201807011132_011,201,51,Ferry,155,356,240,291
201807011132_012,215,340,Sailboat,943,1158,10,350
201807011132_013,107,345,Sailboat,1014,1121,1,346
201807011132_014,279,334,Sailboat,870,1149,0,334
201807011132_015,208,299,Sailboat,966,1174,42,341
201807011132_005,19,21,Passengership,264,283,244,265
201807011132_006,29,28,Passengership,337,366,243,271
201807011132_007,37,35,Passengership,383,420,239,274
201807011132_008,45,37,Passengership,387,432,237,274
201807011132_009,54,49,Passengership,367,421,227,276
201807011132_010,99,73,Passengership,256,355,222,295
201807011132_007,38,32,Passengership,354,392,238,270
201807011132_008,57,47,Passengership,337,394,232,279
201807011132_005,23,44,Sailboat,486,509,223,267
201807011132_006,26,50,Sailboat,603,629,222,272
201807011132_007,32,63,Sailboat,714,746,214,277
201807011132_008,43,75,Sailboat,776,819,208,283
201807011132_009,51,82,Sailboat,832,883,207,289
201807011132_010,77,118,Sailboat,950,1027,184,302
201807011132_011,173,218,Sailboat,1066,1239,126,344
201807011132_006,54,22,Ferry,556,610,246,268
201807011132_007,76,22,Ferry,606,682,250,272
201807011132_009,90,33,Ferry,592,682,248,281
201807011132_010,134,36,Ferry,496,630,244,280
201807011132_012,29,18,Motorboat,384,413,256,274
201807011132_013,43,27,Motorboat,292,335,262,289
201807011132_009,41,87,Sailboat,740,781,193,280
201807011132_010,83,107,Sailboat,770,853,172,279
201807011132_011,92,161,Sailboat,755,847,128,289
201807011132_009,49,78,Sailboat,710,759,195,273
201807011132_011,68,113,Sailboat,703,771,168,281
201807011132_012,181,252,Sailboat,808,989,61,313
201807011132_013,190,60,Motorboat,1085,1275,294,354
201807011132_014,227,372,Sailboat,1053,1280,0,372
201807011132_011,44,91,Sailboat,658,702,175,266
201807011132_013,91,193,Sailboat,791,882,96,289
201807011132_007,43,33,Passengership,409,452,237,270
201807011132_008,53,34,Passengership,424,477,237,271
201807011132_009,66,45,Passengership,426,492,229,274
201807011132_010,96,55,Passengership,379,475,225,280
201807011132_005,38,17,Ferry,449,487,247,264
201807011132_008,68,22,Ferry,615,683,250,272
201807011132_013,18,14,Boat,377,395,269,283
201807011132_014,67,35,Motorboat,14,81,278,313
201807011132_008,22,77,Sailboat,481,503,189,266
201807011132_009,26,109,Sailboat,497,523,162,271
201807011132_010,31,129,Sailboat,493,524,149,278
201807011132_011,43,156,Sailboat,347,390,115,271
201807011132_012,70,253,Sailboat,246,316,39,292
201807011132_014,65,61,Miscboat,264,329,215,276
201807011132_015,112,87,Miscboat,120,232,210,297
201807011132_013,14,19,Miscboat,549,563,242,261
201807011132_014,18,16,Miscboat,448,466,243,259
201807011132_015,23,25,Miscboat,476,499,238,263
201807011132_016,34,31,Miscboat,379,413,236,267
201807011132_017,43,25,Miscboat,226,269,246,271
201807011132_018,55,59,Miscboat,183,238,224,283
201807011132_017,22,12,Ferry,610,632,250,262
201807011132_018,20,22,Ferry,666,686,244,266
201807011132_019,19,21,Ferry,620,639,245,266
201807011132_020,17,19,Ferry,707,724,251,270
201807011132_017,16,19,Miscboat,593,609,242,261
201807011132_018,11,10,Motorboat,637,648,249,259
201807011132_019,11,13,Motorboat,550,561,246,259
201807011132_020,23,24,Motorboat,595,618,243,267
201807011132_021,32,23,Motorboat,531,563,250,273
201807011132_022,60,60,Miscboat,878,938,249,309
201807011132_023,47,51,Militaryship,944,991,231,282
201807011132_023,35,37,Miscboat,997,1032,251,288
201807011132_024,93,39,Miscboat,836,929,273,312
201807011132_024,109,103,Militaryship,702,811,179,282
201807011132_025,271,215,Militaryship,818,1089,118,333
201807011132_011,40,68,Sailboat,616,656,188,256
201807011132_012,47,81,Sailboat,671,718,177,258
201807011132_013,49,85,Sailboat,711,760,170,255
201807011132_014,47,83,Sailboat,646,693,166,249
201807011132_015,64,97,Sailboat,702,766,159,256
201807011132_016,66,122,Sailboat,664,730,132,254
201807011132_017,68,125,Sailboat,615,683,124,249
201807011132_018,87,139,Sailboat,658,745,124,263
201807011132_019,125,228,Sailboat,616,741,47,275
201807011132_020,104,188,Sailboat,712,816,66,254
201807011132_021,129,252,Sailboat,792,921,23,275
201807011132_022,113,248,Sailboat,854,967,1,249
201807011132_023,309,314,Sailboat,963,1272,8,322
201807011132_024,172,156,Sailboat,965,1137,130,286
201807011132_025,176,160,Militaryship,1101,1277,227,387
201807011132_022,17,55,Sailboat,729,746,208,263
201807011132_023,16,85,Sailboat,741,757,180,265
201807011132_024,29,147,Sailboat,411,440,128,275
201807011132_023,75,75,Passengership,906,981,194,269
201807011132_024,91,109,Passengership,609,700,155,264
201807011132_025,126,222,Passengership,693,819,61,283
201807011132_026,310,291,Passengership,765,1075,29,320
201807011132_027,530,403,Passengership,752,1282,1,404
201807011132_026,40,50,Militaryship,730,770,222,272
201807011132_027,86,75,Militaryship,649,735,200,275
201807011132_028,106,146,Militaryship,833,939,152,298
201807011132_029,203,206,Militaryship,749,952,83,289
201807011132_029,92,125,Militaryship,677,769,150,275
201807011132_030,207,192,Militaryship,778,985,144,336
201807011132_031,355,428,Militaryship,910,1265,0,428
201807011132_032,122,96,Militaryship,1060,1182,231,327
201807011132_033,282,230,Cargoship,998,1280,172,402
201807011132_029,29,13,Motorboat,258,287,245,258
201807011132_030,32,14,Motorboat,239,271,245,259
201807011132_031,35,15,Motorboat,185,220,243,258
201807011132_032,38,22,Motorboat,38,76,244,266
201807011132_028,33,46,Sailboat,566,599,201,247
201807011132_029,37,57,Sailboat,429,466,191,248
201807011132_030,45,69,Sailboat,447,492,182,251
201807011132_031,52,69,Sailboat,416,468,177,246
201807011132_032,61,77,Sailboat,302,363,172,249
201807011132_032,52,81,Cruiseship,1023,1075,227,308
201807011132_033,60,60,Militaryship,960,1020,217,277
201807011132_034,56,56,Militaryship,819,875,212,268
201807011132_035,69,62,Militaryship,613,682,202,264
201807011132_036,65,84,Militaryship,380,445,186,270
201807011132_037,79,101,Militaryship,23,102,173,274
201807011132_037,7,16,Seamark,438,445,247,263
201807011132_038,6,17,Seamark,416,422,245,262
201807011132_039,10,20,Seamark,349,359,245,265
201807011132_040,10,24,Seamark,271,281,246,270
201807011132_041,10,29,Seamark,152,162,245,274
201807011132_042,24,26,Seamark,24,48,246,272
201807011132_036,9,15,Seamark,653,662,250,265
201807011132_034,54,27,Militaryship,663,717,240,267
201807011132_035,68,41,Militaryship,420,488,225,266
201807011132_035,96,61,Militaryship,655,751,202,263
201807011132_036,103,65,Militaryship,426,529,195,260
201807011132_037,120,102,Militaryship,103,223,166,268
201807011132_038,131,87,Militaryship,7,138,181,268
201807011132_038,4,14,Seamark,318,322,253,267
201807011132_039,15,28,Seamark,212,227,247,275
201807011132_040,4,24,Seamark,86,90,258,282
201807011132_037,14,38,Sailboat,332,346,220,258
201807011132_038,15,40,Sailboat,348,363,217,257
201807011132_039,15,15,Boat,322,337,247,262
201807011132_040,19,71,Sailboat,287,306,194,265
201807011132_041,34,133,Sailboat,265,299,143,276
201807011132_037,5,10,Seamark,253,258,246,256
201807011132_038,6,11,Seamark,229,235,251,262
201807011132_039,14,15,Seamark,165,179,245,260
201807011132_040,6,12,Seamark,105,111,248,260
201807011132_039,18,22,Seamark,292,310,242,264
201807011132_040,7,16,Seamark,227,234,249,265
201807011132_038,17,12,Miscboat,537,554,242,254
201807011132_039,17,14,Miscboat,501,518,240,254
201807011132_040,30,13,Passengership,471,501,241,254
201807011132_041,25,12,Passengership,482,507,238,250
201807011132_037,30,13,Passengership,405,435,243,256
201807011132_038,29,16,Passengership,500,529,239,255
201807011132_039,32,14,Miscboat,450,482,240,254
201807011132_040,32,18,Miscboat,409,441,236,254
201807011132_041,34,22,Miscboat,409,443,232,254
201807011132_021,55,34,Miscboat,738,793,254,288
201807011132_029,18,39,Sailboat,305,323,217,256
201807011132_014,111,192,Sailboat,826,937,106,298
201807011132_013,37,147,Sailboat,338,375,134,281
201807011132_025,171,330,Sailboat,7,178,1,331
201807011132_014,66,36,Motorboat,71,137,265,301
201807011132_014,72,34,Miscboat,130,202,260,294
201807011132_020,29,15,Miscboat,675,704,255,270
201807011132_035,20,22,Motorboat,380,400,241,263
201807011132_003,52,22,Motorboat,935,987,264,286
201807011132_013,34,22,Motorboat,381,415,255,277
201807011132_022,71,52,Motorboat,245,316,294,346
201807011132_022,69,47,Motorboat,321,390,259,306
201807011132_029,345,369,Militaryship,911,1256,12,381
201807011132_026,44,42,Militaryship,707,751,222,264
201807011132_035,52,32,Militaryship,526,578,228,260
201807011132_023,36,79,Militaryship,993,1029,202,281
201807011132_026,156,260,Militaryship,1116,1272,147,407
201807011132_023,104,73,Ferry,1172,1276,299,372
201807011132_021,153,84,Miscboat,996,1149,240,324
201807011132_022,74,39,Miscboat,799,873,266,305
201807011132_032,40,21,Miscboat,743,783,240,261
201807011132_036,7,15,Seamark,712,719,248,263
201807011132_036,7,12,Seamark,668,675,249,261
201807011132_037,4,13,Seamark,387,391,247,260
201807011132_040,8,11,Seamark,74,82,256,267
201807011132_043,6,12,Seamark,277,283,246,258
201807011132_019,15,12,Boat,516,531,248,260
201807011132_041,20,9,Miscboat,460,480,241,250
201807011202_001,120,33,Miscboat,748,868,229,262
201807011202_002,132,42,Miscboat,695,827,219,261
201807011202_003,169,53,Miscboat,744,913,217,270
201807011202_004,239,74,Miscboat,891,1130,206,280
201807011202_002,45,25,Miscboat,162,207,231,256
201807011202_003,59,24,Miscboat,66,125,230,254
201807011202_004,66,32,Miscboat,153,219,229,261
201807011202_005,62,33,Miscboat,108,170,229,262
201807011202_002,34,13,Miscboat,245,279,242,255
201807011202_003,38,15,Miscboat,164,202,241,256
201807011202_004,37,15,Miscboat,268,305,246,261
201807011202_005,45,16,Miscboat,228,273,244,260
201807011202_004,27,12,Motorboat,305,332,248,260
201807011202_005,37,13,Motorboat,270,307,247,260
201807011202_002,46,25,Passengership,303,349,229,254
201807011202_003,49,26,Passengership,231,280,228,254
201807011202_004,56,26,Passengership,339,395,230,256
201807011202_005,66,30,Passengership,312,378,230,260
201807011202_006,94,33,Passengership,226,320,225,258
201807011202_007,93,64,Passengership,81,174,198,262
201807011202_008,123,78,Passengership,0,123,219,297
201807011202_006,74,108,Militaryship,917,991,193,301
201807011202_007,113,143,Militaryship,925,1038,175,318
201807011202_008,176,236,Militaryship,1091,1267,126,362
201807011202_005,19,14,Motorboat,778,797,257,271
201807011202_006,15,19,Motorboat,740,755,249,268
201807011202_007,66,89,Sailboat,723,789,190,279
201807011202_008,58,69,Sailboat,733,791,210,279
201807011202_009,77,121,Sailboat,627,704,157,278
201807011202_010,96,152,Sailboat,618,714,132,284
201807011202_011,107,196,Sailboat,424,531,99,295
201807011202_007,21,18,Motorboat,655,676,250,268
201807011202_008,23,19,Motorboat,642,665,252,271
201807011202_009,30,24,Motorboat,509,539,245,269
201807011202_010,37,32,Motorboat,484,521,245,277
201807011202_011,53,44,Motorboat,232,285,231,275
201807011202_009,16,36,Seamark,833,849,256,292
201807011202_010,14,48,Seamark,952,966,269,317
201807011202_011,12,95,Seamark,1077,1089,326,421
201807011202_014,7,18,Seamark,437,444,257,275
201807011202_015,13,30,Seamark,296,309,254,284
201807011202_017,3,16,Seamark,356,359,252,268
201807011202_018,10,23,Seamark,221,231,255,278
201807011202_019,9,24,Seamark,255,264,260,284
201807011202_020,7,24,Seamark,42,49,264,288
201807011202_017,7,20,Seamark,843,850,252,272
201807011202_018,14,26,Seamark,803,817,251,277
201807011202_019,14,39,Seamark,961,975,250,289
201807011202_020,13,62,Seamark,1117,1130,253,315
201807011202_021,6,12,Seamark,416,422,254,266
201807011202_022,6,12,Seamark,350,356,249,261
201807011202_023,4,14,Seamark,306,310,255,269
201807011202_024,8,21,Seamark,303,311,252,273
201807011202_025,8,26,Seamark,162,170,255,281
201807011202_021,6,13,Seamark,729,735,253,266
201807011202_022,7,14,Seamark,701,708,248,262
201807011202_023,5,12,Seamark,695,700,256,268
201807011202_024,11,19,Seamark,770,781,253,272
201807011202_025,12,23,Seamark,744,756,253,276
201807011202_026,6,30,Seamark,768,774,252,282
201807011202_027,29,62,Seamark,740,769,241,303
201807011202_028,34,100,Seamark,913,947,245,345
201807011202_021,6,10,Seamark,439,445,253,263
201807011202_022,6,9,Seamark,385,391,251,260
201807011202_023,6,9,Seamark,354,360,254,263
201807011202_024,5,10,Seamark,391,396,253,263
201807011202_025,6,11,Seamark,298,304,254,265
201807011202_026,6,11,Seamark,241,247,257,268
201807011202_027,7,17,Seamark,90,97,262,279
201807011202_021,6,9,Seamark,645,651,253,262
201807011202_022,7,10,Seamark,607,614,248,258
201807011202_023,8,11,Seamark,592,600,252,263
201807011202_024,6,11,Seamark,652,658,251,262
201807011202_025,9,14,Seamark,588,597,253,267
201807011202_026,4,12,Seamark,578,582,254,266
201807011202_027,8,15,Seamark,473,481,254,269
201807011202_028,9,16,Seamark,507,516,258,274
201807011202_029,6,20,Seamark,497,503,251,271
201807011202_030,22,26,Seamark,450,472,253,279
201807011202_031,10,36,Seamark,472,482,244,280
201807011202_032,11,40,Seamark,399,410,252,292
201807011202_033,32,64,Seamark,275,307,257,321
201807011202_033,20,36,Sailboat,509,529,228,264
201807011202_034,17,36,Sailboat,433,450,228,264
201807011202_035,11,42,Sailboat,315,326,225,267
201807011202_036,24,73,Sailboat,234,258,201,274
201807011202_021,6,12,Seamark,661,667,247,259
201807011202_022,9,15,Seamark,622,631,243,258
201807011202_023,6,13,Seamark,608,614,249,262
201807011202_024,9,12,Seamark,670,679,250,262
201807011202_025,10,13,Seamark,611,621,249,262
201807011202_026,11,15,Seamark,597,608,247,262
201807011202_027,9,17,Seamark,509,518,247,264
201807011202_028,6,13,Seamark,559,565,256,269
201807011202_029,7,14,Seamark,557,564,252,266
201807011202_030,5,11,Seamark,540,545,254,265
201807011202_031,6,12,Seamark,581,587,254,266
201807011202_032,10,17,Seamark,561,571,250,267
201807011202_033,13,20,Seamark,552,565,256,276
201807011202_034,9,20,Seamark,492,501,252,272
201807011202_035,9,29,Seamark,380,389,255,284
201807011202_036,29,59,Seamark,299,328,251,310
201807011202_033,7,15,Seamark,607,614,254,269
201807011202_034,8,16,Seamark,558,566,251,267
201807011202_035,9,18,Seamark,493,502,252,270
201807011202_036,17,17,Seamark,535,552,260,277
201807011202_037,13,28,Seamark,437,450,261,289
201807011202_038,8,45,Seamark,315,323,277,322
201807011202_043,17,55,Sailboat,531,548,211,266
201807011202_044,17,64,Sailboat,543,560,201,265
201807011202_045,59,90,Sailboat,272,331,191,281
201807011202_045,16,14,Motorboat,674,690,252,266
201807011202_046,18,15,Motorboat,664,682,252,267
201807011202_047,20,16,Motorboat,605,625,252,268
201807011202_048,15,13,Motorboat,597,612,253,266
201807011202_049,15,15,Motorboat,529,544,255,270
201807011202_050,24,16,Motorboat,409,433,261,277
201807011202_051,33,18,Motorboat,236,269,269,287
201807011202_053,93,38,Miscboat,128,221,284,322
201807011202_054,34,19,Miscboat,579,613,260,279
201807011202_055,25,16,Miscboat,722,747,260,276
201807011202_056,28,18,Miscboat,742,770,257,275
201807011202_057,17,12,Miscboat,677,694,259,271
201807011202_058,19,13,Miscboat,645,664,254,267
201807011202_059,10,7,Miscboat,827,837,253,260
201807011202_057,15,11,Passengership,720,735,252,263
201807011202_058,16,12,Passengership,608,624,250,262
201807011202_059,18,14,Passengership,723,741,245,259
201807011202_064,101,29,Passengership,34,135,256,285
201807011202_065,107,25,Passengership,301,408,246,271
201807011202_013,24,159,Sailboat,925,949,138,297
201807011202_014,47,73,Sailboat,388,435,195,268
201807011202_007,102,42,Passengership,454,556,231,273
201807011202_013,111,57,Passengership,1047,1158,229,286
201807011202_005,26,18,Motorboat,173,199,243,261
201807011202_013,94,30,Miscboat,806,900,256,286
201807011202_013,121,37,Miscboat,661,782,246,283
201807011202_006,72,31,Passengership,789,861,243,274
201807011202_016,24,14,Boat,396,420,260,274
201807011202_006,7,15,Seamark,888,895,263,278
201807011202_012,10,16,Seamark,1106,1116,274,290
201807011202_013,21,118,Seamark,1192,1213,329,447
201807011202_018,4,7,Seamark,968,972,254,261
201807011232_000,95,22,Passengership,224,319,255,277
201807011232_001,93,26,Passengership,377,470,240,266
201807011232_002,87,21,Passengership,537,624,246,267
201807011232_003,87,22,Passengership,370,457,243,265
201807011232_004,84,25,Passengership,153,237,253,278
201807011232_006,4,13,Seamark,1201,1205,260,273
201807011232_007,8,18,Seamark,995,1003,253,271
201807011232_008,7,16,Seamark,1132,1139,258,274
201807011232_009,6,15,Seamark,1170,1176,261,276
201807011232_010,8,22,Seamark,1125,1133,259,281
201807011232_011,7,20,Seamark,955,962,256,276
201807011232_012,9,28,Seamark,949,958,252,280
201807011232_013,16,40,Seamark,987,1003,254,294
201807011232_014,30,122,Seamark,1193,1223,248,370
201807011232_006,6,16,Seamark,597,603,255,271
201807011232_007,10,18,Seamark,267,277,261,279
201807011232_008,7,23,Seamark,290,297,258,281
201807011232_009,9,33,Seamark,96,105,264,297
201807011232_006,8,24,Seamark,917,925,254,278
201807011232_007,10,29,Seamark,698,708,253,282
201807011232_008,16,40,Seamark,828,844,252,292
201807011232_009,28,89,Seamark,957,985,248,337
201807011232_009,8,17,Seamark,777,785,251,268
201807011232_010,9,21,Seamark,666,675,250,271
201807011232_011,6,18,Seamark,400,406,258,276
201807011232_012,10,28,Seamark,243,253,258,286
201807011232_018,11,7,Boat,529,540,266,273
201807011232_019,19,13,Boat,168,187,282,295
201807011232_015,6,16,Seamark,767,773,253,269
201807011232_016,11,21,Seamark,778,789,252,273
201807011232_017,6,22,Seamark,802,808,254,276
201807011232_018,10,33,Seamark,785,795,253,286
201807011232_019,21,46,Seamark,741,762,255,301
201807011232_020,19,71,Seamark,792,811,257,328
201807011232_021,49,154,Seamark,926,975,253,407
201807011232_020,3,13,Seamark,778,781,257,270
201807011232_021,6,12,Seamark,818,824,259,271
201807011232_022,6,19,Seamark,831,837,255,274
201807011232_023,7,20,Seamark,773,780,252,272
201807011232_014,18,27,Cruiseship,738,756,231,258
201807011232_015,23,35,Cruiseship,681,704,222,257
201807011232_016,24,28,Cruiseship,684,708,232,260
201807011232_017,19,31,Cruiseship,658,677,227,258
201807011232_018,23,37,Cruiseship,590,613,224,261
201807011232_019,24,28,Cruiseship,482,506,231,259
201807011232_020,28,34,Cruiseship,474,502,227,261
201807011232_021,30,36,Cruiseship,500,530,225,261
201807011232_022,31,39,Cruiseship,485,516,223,262
201807011232_023,24,41,Cruiseship,402,426,224,265
201807011232_022,80,29,Militaryship,1127,1207,237,266
201807011232_023,81,32,Militaryship,1079,1160,235,267
201807011232_024,11,35,Seamark,877,888,251,286
201807011232_025,15,45,Seamark,911,926,250,295
201807011232_026,18,58,Seamark,897,915,254,312
201807011232_025,38,53,Cruiseship,322,360,216,269
201807011232_026,36,58,Cruiseship,193,229,214,272
201807011232_027,24,42,Cruiseship,125,149,225,267
201807011232_028,32,37,Cruiseship,29,61,231,268
201807011232_025,90,48,Militaryship,1189,1279,226,274
201807011232_026,88,49,Militaryship,1131,1219,225,274
201807011232_027,102,57,Militaryship,1140,1242,220,277
201807011232_028,98,57,Militaryship,1183,1281,220,277
201807011232_029,83,70,Militaryship,1193,1276,213,283
201807011232_029,50,28,Passengership,639,689,245,273
201807011232_030,103,59,Passengership,225,328,243,302
201807011232_029,8,27,Seamark,891,899,253,280
201807011232_030,13,37,Seamark,887,900,254,291
201807011232_031,20,50,Seamark,975,995,253,303
201807011232_032,37,112,Seamark,1026,1063,248,360
201807011232_036,7,22,Seamark,915,922,264,286
201807011232_037,16,55,Seamark,1168,1184,262,317
201807011232_024,151,92,Passengership,327,478,208,300
201807011232_025,109,60,Passengership,463,572,231,291
201807011232_026,94,52,Passengership,471,565,232,284
201807011232_027,72,44,Passengership,583,655,241,285
201807011232_028,78,34,Passengership,743,821,242,276
201807011232_029,57,26,Passengership,904,961,246,272
201807011232_030,39,30,Passengership,1002,1041,244,274
201807011232_031,29,27,Passengership,1109,1138,244,271
201807011232_032,23,22,Passengership,972,995,247,269
201807011232_033,37,23,Passengership,894,931,246,269
201807011232_034,62,23,Passengership,650,712,247,270
201807011232_035,59,21,Passengership,435,494,246,267
201807011232_036,16,11,Motorboat,579,595,256,267
201807011232_037,29,21,Motorboat,473,502,257,278
201807011232_038,44,28,Motorboat,388,432,264,292
201807011232_039,120,68,Motorboat,33,153,286,354
201807011232_040,36,48,Cargoship,166,202,247,295
201807011232_041,75,84,Cargoship,262,337,215,299
201807011232_042,108,122,Cargoship,1,109,208,330
201807011232_043,78,115,Militaryship,125,203,178,293
201807011232_044,106,112,Militaryship,78,184,190,302
201807011232_045,50,98,Cruiseship,272,322,181,279
201807011232_046,94,83,Cruiseship,375,469,191,274
201807011232_047,126,105,Cruiseship,253,379,180,285
201807011232_048,181,208,Cruiseship,217,398,84,292
201807011232_049,273,181,Cruiseship,64,337,128,309
201807011232_050,262,260,Cruiseship,11,273,79,339
201807011232_051,115,336,Cruiseship,-4,111,1,337
201807011232_045,73,109,Militaryship,198,271,186,295
201807011232_046,63,105,Militaryship,313,376,181,286
201807011232_047,121,125,Militaryship,8,129,204,329
201807011232_042,15,11,Boat,199,214,280,291
201807011232_043,31,28,Boat,202,233,284,312
201807011232_047,8,12,Motorboat,491,499,257,269
201807011232_048,11,9,Motorboat,534,545,260,269
201807011232_049,17,19,Motorboat,491,508,258,277
201807011232_050,42,20,Motorboat,403,445,275,295
201807011232_049,36,64,Militaryship,331,367,214,278
201807011232_050,70,82,Militaryship,279,349,206,288
201807011232_051,113,101,Militaryship,117,230,203,304
201807011232_052,107,135,Militaryship,1,108,185,320
201807011232_047,33,48,Militaryship,381,414,227,275
201807011232_048,48,61,Militaryship,409,457,212,273
201807011232_049,56,62,Militaryship,373,429,214,276
201807011232_050,77,77,Militaryship,363,440,205,282
201807011232_051,110,108,Militaryship,237,347,187,295
201807011232_052,207,155,Militaryship,112,319,158,313
201807011232_053,124,113,Militaryship,6,130,226,339
201807011232_052,49,31,Militaryship,323,372,260,291
201807011232_053,75,47,Militaryship,147,222,262,309
201807011232_053,95,46,Miscboat,253,348,257,303
201807011232_054,182,76,Miscboat,3,185,266,342
201807011232_046,20,14,Passengership,570,590,247,261
201807011232_047,17,13,Passengership,505,522,250,263
201807011232_048,19,14,Passengership,560,579,245,259
201807011232_049,16,15,Passengership,552,568,243,258
201807011232_050,18,16,Passengership,584,602,243,259
201807011232_051,20,18,Passengership,545,565,241,259
201807011232_052,17,14,Passengership,592,609,248,262
201807011232_053,40,19,Passengership,499,539,258,277
201807011232_054,38,25,Passengership,489,527,260,285
201807011232_055,67,33,Passengership,339,406,266,299
201807011232_056,162,47,Passengership,154,316,280,327
201807011232_052,21,14,Miscboat,544,565,257,271
201807011232_053,27,14,Miscboat,533,560,259,273
201807011232_054,35,22,Miscboat,529,564,258,280
201807011232_055,55,27,Miscboat,426,481,264,291
201807011232_056,84,35,Miscboat,348,432,269,304
201807011232_057,180,74,Miscboat,158,338,284,358
201807011232_046,49,107,Sailboat,473,522,155,262
201807011232_047,54,127,Sailboat,408,462,139,266
201807011232_048,55,108,Sailboat,468,523,155,263
201807011232_049,79,170,Sailboat,437,516,100,270
201807011232_050,81,188,Sailboat,461,542,85,273
201807011232_051,95,215,Sailboat,395,490,57,272
201807011232_052,135,265,Sailboat,386,521,16,281
201807011232_053,223,263,Sailboat,284,507,25,288
201807011232_054,303,313,Sailboat,186,489,1,314
201807011232_055,353,344,Sailboat,4,357,3,347
201807011232_056,190,360,Sailboat,7,197,6,366
201807011232_056,20,26,Miscboat,709,729,243,269
201807011232_057,25,27,Miscboat,811,836,244,271
201807011232_058,35,27,Miscboat,795,830,251,278
201807011232_059,51,45,Miscboat,824,875,245,290
201807011232_060,82,84,Miscboat,931,1013,232,316
201807011232_059,29,9,Ferry,498,527,254,263
201807011232_060,36,13,Ferry,527,563,249,262
201807011232_061,34,13,Ferry,583,617,249,262
201807011232_062,28,14,Ferry,640,668,250,264
201807011232_063,46,18,Ferry,655,701,252,270
201807011232_064,42,16,Ferry,684,726,252,268
201807011232_065,74,24,Ferry,625,699,248,272
201807011232_066,130,41,Ferry,551,681,241,282
201807011232_067,110,35,Ferry,559,669,247,282
201807011232_068,140,42,Ferry,203,343,252,294
201807011232_056,31,16,Passengership,521,552,248,264
201807011232_057,14,16,Passengership,608,622,243,259
201807011232_058,11,11,Passengership,556,567,249,260
201807011232_059,17,16,Miscboat,482,499,257,273
201807011232_060,33,21,Miscboat,396,429,268,289
201807011232_061,32,78,Sailboat,389,421,200,278
201807011232_062,32,77,Sailboat,384,416,201,278
201807011232_067,127,239,Sailboat,160,287,77,316
201807011232_068,57,245,Sailboat,8,65,80,325
201807011232_063,78,211,Sailboat,307,385,98,309
201807011232_064,87,142,Sailboat,285,372,153,295
201807011232_059,40,41,Sailboat,390,430,231,272
201807011232_060,28,75,Sailboat,365,393,206,281
201807011232_061,29,77,Sailboat,352,381,203,280
201807011232_062,30,78,Sailboat,354,384,202,280
201807011232_059,18,38,Sailboat,439,457,228,266
201807011232_060,21,13,Motorboat,450,471,262,275
201807011232_061,9,9,Boat,503,512,256,265
201807011232_062,16,21,Passengership,515,531,241,262
201807011232_064,36,25,Boat,401,437,272,297
201807011232_065,102,36,Boat,25,127,317,353
201807011232_061,22,94,Sailboat,453,475,185,279
201807011232_062,34,142,Sailboat,426,460,148,290
201807011232_065,98,264,Sailboat,17,115,63,327
201807011232_066,194,325,Sailboat,-4,190,23,348
201807011232_067,111,311,Sailboat,1,112,38,349
201807011232_062,36,97,Sailboat,318,354,188,285
201807011232_063,48,130,Sailboat,268,316,169,299
201807011232_064,114,297,Sailboat,113,227,6,303
201807011232_065,115,258,Sailboat,116,231,55,313
201807011232_062,39,16,Motorboat,239,278,277,293
201807011232_063,48,24,Motorboat,56,104,291,315
201807011232_060,24,37,Sailboat,500,524,233,270
201807011232_061,19,70,Sailboat,532,551,199,269
201807011232_062,32,84,Sailboat,537,569,190,274
201807011232_061,38,36,Miscboat,679,717,239,275
201807011232_062,54,69,Miscboat,746,800,217,286
201807011232_063,97,166,Miscboat,834,931,142,308
201807011232_064,199,219,Miscboat,1080,1279,180,399
201807011232_062,30,50,Sailboat,682,712,223,273
201807011232_063,27,69,Sailboat,723,750,211,280
201807011232_064,50,151,Sailboat,770,820,140,291
201807011232_065,46,194,Sailboat,769,815,95,289
201807011232_066,67,275,Sailboat,837,904,33,308
201807011232_067,72,311,Sailboat,945,1017,1,312
201807011232_063,75,88,Sailboat,538,613,188,276
201807011232_064,97,137,Sailboat,522,619,147,284
201807011232_065,42,238,Sailboat,854,896,71,309
201807011232_066,124,372,Sailboat,1045,1169,1,373
201807011232_067,40,41,Passengership,835,875,233,274
201807011232_068,50,46,Passengership,658,708,232,278
201807011232_069,74,67,Passengership,773,847,227,294
201807011232_070,182,138,Passengership,904,1086,208,346
201807011232_071,119,175,Passengership,1160,1279,225,400
201807011232_067,139,352,Sailboat,1062,1201,1,353
201807011232_068,192,361,Sailboat,907,1099,4,365
201807011232_064,107,29,Ferry,652,759,244,273
201807011232_065,117,32,Ferry,598,715,245,277
201807011232_066,95,26,Ferry,570,665,250,276
201807011232_067,59,34,Ferry,593,652,241,275
201807011232_068,71,42,Ferry,250,321,246,288
201807011232_069,76,45,Miscboat,221,297,249,294
201807011232_070,126,59,Miscboat,22,148,254,313
201807011232_062,55,97,Sailboat,418,473,175,272
201807011232_063,66,118,Sailboat,406,472,163,281
201807011232_064,82,146,Sailboat,396,478,144,290
201807011232_065,132,187,Sailboat,317,449,115,302
201807011232_066,153,218,Sailboat,292,445,94,312
201807011232_067,71,167,Sailboat,366,437,127,294
201807011232_068,84,199,Sailboat,127,211,112,311
201807011232_069,81,106,Sailboat,69,150,193,299
201807011232_070,66,56,Miscboat,793,859,244,300
201807011232_071,66,48,Miscboat,849,915,260,308
201807011232_068,37,39,Passengership,350,387,233,272
201807011232_069,44,49,Passengership,375,419,226,275
201807011232_070,63,36,Passengership,320,383,247,283
201807011232_071,105,59,Passengership,144,249,242,301
201807011232_072,121,141,Passengership,-4,117,188,329
201807011232_070,12,29,Miscboat,745,757,245,274
201807011232_071,31,24,Miscboat,744,775,258,282
201807011232_072,65,47,Miscboat,935,1000,260,307
201807011232_070,20,42,Miscboat,761,781,236,278
201807011232_071,34,27,Miscboat,781,815,257,284
201807011232_072,75,155,Miscboat,1019,1094,170,325
201807011232_070,34,26,Passengership,434,468,248,274
201807011232_071,45,34,Passengership,349,394,246,280
201807011232_072,69,44,Passengership,359,428,243,287
201807011232_073,132,66,Passengership,114,246,241,307
201807011232_072,14,12,Motorboat,682,696,258,270
201807011232_073,22,16,Motorboat,495,517,268,284
201807011232_074,62,37,Motorboat,214,276,285,322
201807011232_072,26,14,Miscboat,524,550,258,272
201807011232_073,25,18,Miscboat,422,447,259,277
201807011232_074,41,28,Miscboat,364,405,255,283
201807011232_075,52,31,Miscboat,236,288,265,296
201807011232_071,17,12,Miscboat,454,471,258,270
201807011232_071,15,18,Miscboat,537,552,249,267
201807011232_072,16,20,Miscboat,633,649,247,267
201807011232_073,20,22,Miscboat,561,581,244,266
201807011232_074,26,26,Miscboat,545,571,246,272
201807011232_075,29,18,Miscboat,470,499,258,276
201807011232_071,14,17,Miscboat,523,537,249,266
201807011232_072,15,19,Miscboat,615,630,247,266
201807011232_073,16,21,Miscboat,540,556,248,269
201807011232_074,34,28,Miscboat,511,545,245,273
201807011232_075,36,26,Miscboat,431,467,254,280
201807011232_070,28,20,Passengership,539,567,247,267
201807011232_071,39,24,Passengership,484,523,245,269
201807011232_072,47,27,Passengership,567,614,244,271
201807011232_073,56,42,Passengership,479,535,230,272
201807011232_074,63,46,Passengership,446,509,233,279
201807011232_075,88,56,Passengership,338,426,231,287
201807011232_070,30,22,Passengership,475,505,247,269
201807011232_071,40,21,Passengership,403,443,254,275
201807011232_072,59,38,Passengership,447,506,241,279
201807011232_073,95,58,Passengership,292,387,233,291
201807011232_074,147,70,Passengership,158,305,233,303
201807011232_075,129,136,Passengership,2,131,195,331
201807011232_020,53,20,Miscboat,219,272,254,274
201807011232_035,102,56,Militaryship,1171,1273,232,288
201807011232_067,39,20,Miscboat,501,540,253,273
201807011232_059,23,42,Sailboat,416,439,228,270
201807011232_064,147,366,Sailboat,40,187,6,372
201807011232_067,71,148,Sailboat,293,364,155,303
201807011232_069,350,326,Passengership,932,1282,51,377
201807011232_028,29,79,Cruiseship,0,29,203,282
201807011232_065,52,52,Motorboat,908,960,275,327
201807011232_066,50,25,Boat,996,1046,339,364
201807011232_024,30,10,Boat,156,186,274,284
201807011232_064,33,20,Boat,844,877,285,305
201807011232_065,64,54,Boat,1016,1080,305,359
201807011232_065,49,45,Boat,961,1010,298,343
201807011232_066,65,51,Motorboat,969,1034,284,335
201807011232_031,47,18,Miscboat,382,429,264,282
201807011232_046,142,190,Militaryship,179,321,122,312
201807011232_043,92,74,Militaryship,1,93,247,321
201807011232_032,91,48,Militaryship,1188,1279,240,288
201807011232_045,162,204,Militaryship,28,190,126,330
201807011232_056,77,47,Miscboat,283,360,256,303
201807011232_071,173,89,Miscboat,926,1099,249,338
201807011232_070,33,86,Passengership,865,898,225,311
201807011232_032,58,27,Miscboat,71,129,271,298
201807011232_041,49,46,Cargoship,242,291,245,291
201807011232_063,26,16,Miscellaneous,676,702,294,310
201807011232_004,7,18,Seamark,1168,1175,250,268
201807011232_006,4,9,Seamark,957,961,257,266
201807011232_012,5,11,Seamark,1020,1025,253,264
201807011232_015,5,13,Seamark,313,318,260,273
201807011232_027,44,200,Seamark,1237,1281,251,451
201807011232_029,15,29,Seamark,904,919,271,300
201807011232_030,23,62,Seamark,1024,1047,274,336
201807011232_033,6,39,Seamark,1149,1155,275,314
201807011303_000,75,50,Miscboat,265,340,247,297
201807011303_001,105,92,Miscboat,-2,103,230,322
201807011303_000,48,29,Miscboat,349,397,259,288
201807011303_001,87,48,Miscboat,126,213,263,311
201807011303_003,166,91,Passengership,947,1113,208,299
201807011303_004,221,112,Passengership,886,1107,195,307
201807011303_005,266,129,Passengership,1011,1277,203,332
201807011303_003,91,38,Passengership,796,887,245,283
201807011303_004,106,48,Passengership,697,803,238,286
201807011303_005,145,61,Passengership,745,890,230,291
201807011303_006,197,114,Passengership,915,1112,200,314
201807011303_005,31,23,Miscboat,180,211,254,277
201807011303_006,39,29,Miscboat,209,248,254,283
201807011303_007,54,48,Miscboat,76,130,258,306
201807011303_005,48,17,Ferry,338,386,245,262
201807011303_006,81,22,Ferry,381,462,249,271
201807011303_007,70,19,Ferry,393,463,251,270
201807011303_008,71,19,Ferry,381,452,253,272
201807011303_009,104,25,Ferry,463,567,253,278
201807011303_010,130,32,Ferry,282,412,257,289
201807011303_011,195,48,Ferry,6,201,277,325
201807011303_003,38,26,Passengership,656,694,243,269
201807011303_004,37,30,Passengership,535,572,243,273
201807011303_005,50,35,Passengership,562,612,237,272
201807011303_006,44,48,Passengership,673,717,231,279
201807011303_007,73,76,Passengership,815,888,221,297
201807011303_008,147,153,Passengership,1125,1272,205,358
201807011303_007,38,31,Miscboat,244,282,251,282
201807011303_008,92,34,Miscboat,71,163,265,299
201807011303_005,35,17,Miscboat,476,511,248,265
201807011303_006,38,19,Miscboat,580,618,248,267
201807011303_007,41,34,Miscboat,682,723,240,274
201807011303_008,63,44,Miscboat,813,876,243,287
201807011303_009,104,62,Miscboat,1031,1135,246,308
201807011303_005,21,23,Miscboat,216,237,244,267
201807011303_006,27,29,Miscboat,279,306,241,270
201807011303_007,43,34,Miscboat,284,327,240,274
201807011303_008,87,29,Miscboat,190,277,257,286
201807011303_009,147,68,Miscboat,98,245,251,319
201807011303_008,40,42,Passengership,283,323,238,280
201807011303_009,108,69,Passengership,250,358,232,301
201807011303_008,101,30,Ferry,368,469,242,272
201807011303_010,186,50,Ferry,217,403,241,291
201807011303_007,37,29,Passengership,336,373,239,268
201807011303_008,51,41,Passengership,330,381,232,273
201807011303_009,81,60,Passengership,363,444,228,288
201807011303_010,154,104,Passengership,58,212,212,316
201807011303_005,19,39,Sailboat,448,467,225,264
201807011303_006,30,42,Sailboat,546,576,225,267
201807011303_007,28,37,Sailboat,644,672,231,268
201807011303_008,41,69,Sailboat,759,800,210,279
201807011303_009,56,100,Sailboat,936,992,190,290
201807011303_010,107,145,Boat,981,1088,162,307
201807011303_008,42,75,Sailboat,668,710,192,267
201807011303_009,68,18,Motorboat,808,876,256,274
201807011303_010,82,23,Motorboat,760,842,258,281
201807011303_011,119,36,Motorboat,824,943,260,296
201807011303_012,74,212,Sailboat,1042,1116,91,303
201807011303_013,115,247,Sailboat,954,1069,54,301
201807011303_014,144,193,Sailboat,1050,1194,113,306
201807011303_010,30,140,Sailboat,426,456,132,272
201807011303_011,55,193,Sailboat,343,398,91,284
201807011303_012,99,305,Sailboat,348,447,1,306
201807011303_013,94,318,Sailboat,206,300,4,322
201807011303_014,64,47,Boat,183,247,286,333
201807011303_015,121,120,Miscboat,118,239,201,321
201807011303_013,39,29,Motorboat,409,448,258,287
201807011303_014,133,56,Motorboat,73,206,285,341
201807011303_013,59,113,Sailboat,865,924,167,280
201807011303_014,83,38,Motorboat,977,1060,253,291
201807011303_015,134,44,Motorboat,1062,1196,272,316
201807011303_016,31,30,Miscboat,510,541,239,269
201807011303_017,40,27,Miscboat,470,510,247,274
201807011303_018,60,46,Miscboat,323,383,246,292
201807011303_019,133,144,Miscboat,-2,131,199,343
201807011303_017,17,15,Miscboat,767,784,248,263
201807011303_018,24,16,Miscboat,748,772,248,264
201807011303_019,32,23,Miscboat,746,778,248,271
201807011303_020,36,27,Miscboat,721,757,252,279
201807011303_021,46,33,Miscboat,746,792,259,292
201807011303_017,18,16,Miscboat,782,800,248,264
201807011303_018,15,18,Miscboat,774,789,248,266
201807011303_019,25,21,Miscboat,772,797,246,267
201807011303_020,36,30,Miscboat,757,793,248,278
201807011303_021,48,37,Miscboat,797,845,253,290
201807011303_022,107,103,Miscboat,1021,1128,240,343
201807011303_017,59,117,Sailboat,784,843,132,249
201807011303_018,85,140,Sailboat,757,842,110,250
201807011303_019,94,169,Sailboat,761,855,81,250
201807011303_020,122,200,Sailboat,717,839,53,253
201807011303_021,167,252,Sailboat,714,881,7,259
201807011303_022,252,282,Sailboat,789,1041,1,283
201807011303_023,364,286,Sailboat,909,1273,24,310
201807011303_024,149,366,Sailboat,1132,1281,1,367
201807011303_025,294,194,Militaryship,945,1239,128,322
201807011303_026,154,160,Militaryship,1118,1272,193,353
201807011303_022,44,64,Militaryship,817,861,209,273
201807011303_023,57,70,Militaryship,880,937,207,277
201807011303_024,100,109,Militaryship,854,954,177,286
201807011303_023,43,43,Miscboat,942,985,244,287
201807011303_024,76,56,Miscboat,997,1073,251,307
201807011303_021,40,59,Cruiseship,723,763,202,261
201807011303_022,75,74,Cruiseship,780,855,190,264
201807011303_023,76,76,Cruiseship,835,911,188,264
201807011303_024,111,112,Cruiseship,772,883,160,272
201807011303_025,186,138,Cruiseship,774,960,140,278
201807011303_026,284,187,Cruiseship,783,1067,107,294
201807011303_027,435,343,Cruiseship,846,1281,1,344
201807011303_028,351,379,Cruiseship,928,1279,1,380
201807011303_029,139,317,Cruiseship,1133,1272,59,376
201807011303_026,50,31,Militaryship,730,780,235,266
201807011303_027,55,81,Militaryship,747,802,191,272
201807011303_028,78,99,Militaryship,754,832,179,278
201807011303_029,109,71,Militaryship,759,868,217,288
201807011303_030,141,179,Militaryship,747,888,121,300
201807011303_031,261,301,Militaryship,837,1098,39,340
201807011303_023,20,32,Militaryship,816,836,228,260
201807011303_024,31,39,Militaryship,731,762,226,265
201807011303_025,32,40,Militaryship,721,753,225,265
201807011303_026,30,37,Militaryship,698,728,226,263
201807011303_027,29,73,Militaryship,718,747,194,267
201807011303_028,41,88,Militaryship,715,756,184,272
201807011303_029,51,66,Militaryship,703,754,213,279
201807011303_030,73,129,Militaryship,674,747,153,282
201807011303_031,120,218,Militaryship,720,840,92,310
201807011303_032,379,346,Militaryship,867,1246,62,408
201807011303_029,43,53,Militaryship,665,708,216,269
201807011303_030,46,104,Militaryship,627,673,169,273
201807011303_031,66,129,Militaryship,657,723,153,282
201807011303_032,122,114,Militaryship,731,853,179,293
201807011303_033,217,286,Militaryship,826,1043,36,322
201807011303_034,311,415,Militaryship,968,1279,1,416
201807011303_035,102,84,Militaryship,1064,1166,225,309
201807011303_036,81,23,Militaryship,869,950,242,265
201807011303_037,82,24,Militaryship,745,827,241,265
201807011303_038,78,24,Militaryship,681,759,240,264
201807011303_039,85,45,Militaryship,427,512,223,268
201807011303_040,98,53,Militaryship,86,184,227,280
201807011303_039,6,7,Sailboat,775,781,250,257
201807011303_040,9,20,Sailboat,560,569,239,259
201807011303_041,9,30,Sailboat,496,505,230,260
201807011303_042,15,42,Sailboat,450,465,224,266
201807011303_043,31,94,Sailboat,201,232,193,287
201807011303_037,49,53,Militaryship,897,946,212,265
201807011303_038,28,56,Militaryship,851,879,206,262
201807011303_039,71,69,Militaryship,615,686,194,263
201807011303_040,82,84,Militaryship,332,414,186,270
201807011303_041,79,103,Militaryship,116,195,173,276
201807011303_042,3,16,Seamark,394,397,257,273
201807011303_043,5,30,Seamark,98,103,266,296
201807011303_038,10,35,Sailboat,1132,1142,232,267
201807011303_039,14,43,Sailboat,899,913,220,263
201807011303_040,25,71,Sailboat,577,602,195,266
201807011303_042,8,11,Seamark,319,327,256,267
201807011303_043,10,17,Seamark,87,97,261,278
201807011303_044,11,18,Seamark,19,30,266,284
201807011303_040,5,15,Seamark,676,681,247,262
201807011303_041,6,14,Seamark,559,565,246,260
201807011303_042,7,18,Seamark,502,509,248,266
201807011303_043,11,26,Seamark,309,320,248,274
201807011303_044,9,29,Seamark,283,292,250,279
201807011303_043,4,9,Seamark,422,426,249,258
201807011303_044,8,18,Seamark,462,470,244,262
201807011303_045,7,16,Seamark,372,379,248,264
201807011303_046,6,15,Seamark,433,439,246,261
201807011303_047,8,18,Seamark,395,403,244,262
201807011303_048,7,16,Seamark,393,400,246,262
201807011303_049,7,18,Seamark,328,335,248,266
201807011303_040,5,11,Seamark,499,504,247,258
201807011303_041,6,12,Seamark,361,367,244,256
201807011303_042,6,10,Seamark,297,303,251,261
201807011303_043,5,12,Seamark,123,128,254,266
201807011303_044,3,9,Seamark,132,135,257,266
201807011303_043,5,12,Seamark,256,261,254,266
201807011303_044,4,15,Seamark,249,253,256,271
201807011303_041,22,11,Miscboat,610,632,241,252
201807011303_042,24,12,Miscboat,576,600,242,254
201807011303_043,25,12,Miscboat,438,463,242,254
201807011303_044,28,13,Miscboat,490,518,243,256
201807011303_045,25,17,Miscboat,401,426,238,255
201807011303_046,33,14,Miscboat,472,505,241,255
201807011303_047,20,20,Miscboat,447,467,239,259
201807011303_041,26,10,Passengership,664,690,242,252
201807011303_042,29,11,Passengership,636,665,243,254
201807011303_043,32,12,Passengership,504,536,242,254
201807011303_044,32,13,Passengership,556,588,241,254
201807011303_045,32,15,Passengership,480,512,241,256
201807011303_046,43,21,Passengership,554,597,237,258
201807011303_047,41,16,Passengership,535,576,240,256
201807011303_041,15,11,Miscboat,648,663,242,253
201807011303_042,21,9,Miscboat,616,637,246,255
201807011303_043,17,8,Miscboat,488,505,246,254
201807011303_044,13,11,Miscboat,541,554,243,254
201807011303_045,17,12,Miscboat,458,475,244,256
201807011303_046,17,13,Miscboat,533,550,243,256
201807011303_047,14,13,Miscboat,514,528,245,258
201807011303_014,93,42,Motorboat,1137,1230,272,314
201807011303_020,76,33,Miscboat,929,1005,257,290
201807011303_023,95,57,Ferry,1182,1277,318,375
201807011303_038,67,31,Miscboat,177,244,236,267
201807011303_038,62,30,Miscboat,316,378,242,272
201807011303_047,13,11,Miscboat,484,497,248,259
201807011303_047,17,14,Miscboat,465,482,244,258
201807011303_007,53,45,Miscboat,147,200,247,292
201807011303_022,87,70,Miscboat,930,1017,273,343
201807011303_036,238,157,Cargoship,974,1212,193,350
201807011303_007,32,51,Sailboat,494,526,210,261
201807011303_008,33,59,Sailboat,548,581,204,263
201807011303_011,136,183,Sailboat,766,902,99,282
201807011303_012,103,296,Sailboat,1178,1281,46,342
201807011303_013,52,312,Sailboat,1228,1280,32,344
201807011303_014,66,202,Sailboat,1213,1279,135,337
201807011303_012,64,110,Sailboat,230,294,203,313
201807011303_034,53,67,Sailboat,461,514,181,248
201807011303_035,29,102,Sailboat,633,662,169,271
201807011303_041,40,139,Sailboat,198,238,147,286
201807011303_000,197,95,Passengership,57,254,219,314
201807011303_007,27,32,Passengership,369,396,235,267
201807011303_000,94,92,Motorboat,1096,1190,239,331
201807011303_003,155,116,Motorboat,105,260,238,354
201807011303_013,94,42,Miscboat,1102,1196,276,318
201807011303_013,52,36,Motorboat,300,352,268,304
201807011303_039,6,21,Seamark,498,504,249,270
201807011303_039,3,11,Seamark,856,859,253,264
201807011303_039,3,8,Seamark,754,757,249,257
201807011303_045,15,48,Seamark,17,32,253,301
201807011303_045,8,21,Seamark,54,62,261,282
201807011303_046,4,12,Seamark,120,124,250,262
201807011303_040,10,8,Miscellaneous,572,582,321,329
201807011333_000,194,50,Miscboat,1035,1229,220,270
201807011333_000,54,33,Miscboat,253,307,232,265
201807011333_001,59,32,Miscboat,34,93,240,272
201807011333_000,59,23,Passengership,565,624,242,265
201807011333_001,63,40,Passengership,183,246,241,281
201807011333_002,38,18,Miscboat,136,174,252,270
201807011333_001,36,19,Miscboat,102,138,252,271
201807011333_002,60,35,Miscboat,8,68,238,273
201807011333_000,30,64,Militaryship,932,962,208,272
201807011333_001,56,81,Militaryship,836,892,198,279
201807011333_002,79,61,Militaryship,969,1048,232,293
201807011333_003,148,157,Militaryship,940,1088,157,314
201807011333_000,50,42,Passengership,418,468,216,258
201807011333_001,71,59,Passengership,218,289,207,266
201807011333_002,67,30,Passengership,221,288,234,264
201807011333_003,57,36,Passengership,1,58,239,275
201807011333_001,13,13,Motorboat,664,677,249,262
201807011333_002,12,15,Motorboat,729,741,249,264
201807011333_003,18,20,Motorboat,561,579,246,266
201807011333_004,19,22,Motorboat,646,665,251,273
201807011333_005,32,32,Motorboat,406,438,251,283
201807011333_002,49,72,Sailboat,793,842,196,268
201807011333_003,49,78,Sailboat,642,691,189,267
201807011333_004,79,108,Sailboat,738,817,169,277
201807011333_005,74,150,Sailboat,576,650,140,290
201807011333_007,69,30,Miscboat,829,898,252,282
201807011333_008,83,34,Miscboat,1177,1260,270,304
201807011333_007,8,20,Seamark,135,143,252,272
201807011333_008,9,22,Seamark,307,316,255,277
201807011333_009,17,32,Seamark,72,89,262,294
201807011333_010,6,22,Seamark,1247,1253,273,295
201807011333_011,9,22,Seamark,776,785,252,274
201807011333_012,13,31,Seamark,898,911,252,283
201807011333_013,17,45,Seamark,898,915,254,299
201807011333_014,32,104,Seamark,1032,1064,254,358
201807011333_016,4,13,Seamark,367,371,257,270
201807011333_017,36,85,Sailboat,264,300,180,265
201807011333_018,14,26,Seamark,142,156,252,278
201807011333_016,11,55,Sailboat,445,456,213,268
201807011333_017,4,9,Seamark,683,687,252,261
201807011333_018,3,11,Seamark,701,704,253,264
201807011333_019,3,10,Seamark,640,643,255,265
201807011333_020,3,9,Seamark,602,605,256,265
201807011333_021,6,13,Seamark,582,588,253,266
201807011333_022,5,12,Seamark,607,612,255,267
201807011333_023,11,22,Seamark,587,598,249,271
201807011333_024,10,20,Seamark,514,524,251,271
201807011333_025,7,20,Seamark,514,521,253,273
201807011333_026,7,23,Seamark,488,495,254,277
201807011333_027,17,30,Seamark,432,449,252,282
201807011333_028,13,46,Seamark,406,419,247,293
201807011333_029,23,70,Seamark,284,307,243,313
201807011333_016,4,12,Seamark,800,804,263,275
201807011333_017,7,19,Seamark,827,834,258,277
201807011333_018,15,26,Seamark,906,921,262,288
201807011333_019,15,41,Seamark,951,966,260,301
201807011333_020,27,73,Seamark,1155,1182,270,343
201807011333_017,4,11,Seamark,669,673,252,263
201807011333_018,4,12,Seamark,685,689,253,265
201807011333_019,11,21,Seamark,618,629,252,273
201807011333_020,6,15,Seamark,577,583,257,272
201807011333_021,12,24,Seamark,546,558,250,274
201807011333_022,8,28,Seamark,555,563,253,281
201807011333_023,13,38,Seamark,502,515,253,291
201807011333_024,24,60,Seamark,349,373,251,311
201807011333_025,36,118,Seamark,123,159,248,366
201807011333_028,3,12,Seamark,556,559,260,272
201807011333_029,9,23,Seamark,539,548,255,278
201807011333_030,7,28,Seamark,524,531,258,286
201807011333_031,6,30,Seamark,454,460,266,296
201807011333_032,15,46,Seamark,254,269,267,313
201807011333_033,96,31,Cargoship,520,616,224,255
201807011333_034,95,33,Cargoship,423,518,215,248
201807011333_035,86,39,Cargoship,274,360,213,252
201807011333_036,72,53,Cargoship,298,370,198,251
201807011333_037,82,64,Cargoship,288,370,190,254
201807011333_038,91,72,Cargoship,298,389,177,249
201807011333_039,119,95,Cargoship,153,272,163,258
201807011333_040,166,110,Cargoship,130,296,144,254
201807011333_041,56,99,Cargoship,4,60,163,262
201807011333_049,17,52,Sailboat,665,682,202,254
201807011333_050,34,68,Sailboat,657,691,186,254
201807011333_051,27,68,Sailboat,582,609,186,254
201807011333_052,33,75,Sailboat,417,450,184,259
201807011333_053,41,97,Sailboat,270,311,168,265
201807011333_054,37,117,Sailboat,283,320,151,268
201807011333_055,67,142,Sailboat,125,192,129,271
201807011333_056,49,165,Sailboat,0,49,120,285
201807011333_051,25,80,Sailboat,681,706,190,270
201807011333_052,13,59,Sailboat,721,734,208,267
201807011333_053,11,46,Sailboat,641,652,218,264
201807011333_054,13,42,Sailboat,743,756,225,267
201807011333_055,8,34,Sailboat,693,701,225,259
201807011333_052,5,4,Boat,458,463,254,258
201807011333_053,7,6,Boat,325,332,255,261
201807011333_054,12,7,Boat,340,352,258,265
201807011333_055,11,6,Boat,209,220,259,265
201807011333_056,15,11,Boat,76,91,267,278
201807011333_006,162,297,Sailboat,3,165,32,329
201807011333_007,42,179,Sailboat,1193,1235,142,321
201807011333_044,8,30,Sailboat,487,495,223,253
201807011333_049,65,138,Sailboat,153,218,158,296
201807011333_050,40,104,Sailboat,566,606,172,276
201807011333_007,84,36,Miscboat,940,1024,260,296
201807011333_007,37,22,Miscboat,1119,1156,280,302
201807011333_000,15,26,Seamark,109,124,253,279
201807011333_005,19,49,Seamark,992,1011,276,325
201807011333_016,2,7,Seamark,426,428,256,263
201807011333_016,3,10,Seamark,681,684,257,267
201807011333_020,6,12,Seamark,133,139,258,270
201807011333_001,22,15,Miscboat,77,99,257,272
201807011333_002,24,22,Miscboat,45,69,253,275
201807011333_002,54,22,Miscboat,74,128,251,273
201807011333_002,32,15,Miscboat,183,215,253,268
201807011403_007,4,14,Seamark,684,688,259,273
201807011403_008,5,17,Seamark,326,331,259,276
201807011403_009,10,23,Seamark,289,299,260,283
201807011403_010,9,30,Seamark,137,146,265,295
201807011403_007,7,18,Seamark,986,993,264,282
201807011403_008,10,24,Seamark,684,694,255,279
201807011403_009,13,38,Seamark,760,773,254,292
201807011403_010,22,64,Seamark,852,874,254,318
201807011403_011,37,174,Seamark,1103,1140,245,419
201807011403_010,4,17,Seamark,763,767,254,271
201807011403_011,4,16,Seamark,725,729,254,270
201807011403_012,9,22,Seamark,389,398,258,280
201807011403_013,8,28,Seamark,194,202,263,291
201807011403_009,32,36,Sailboat,908,940,237,273
201807011403_010,23,43,Sailboat,817,840,232,275
201807011403_011,42,79,Sailboat,604,646,207,286
201807011403_009,5,15,Seamark,1076,1081,260,275
201807011403_010,5,17,Seamark,1134,1139,261,278
201807011403_011,6,19,Seamark,1159,1165,257,276
201807011403_012,9,24,Seamark,940,949,256,280
201807011403_013,10,32,Seamark,985,995,257,289
201807011403_014,18,61,Seamark,1108,1126,257,318
201807011403_012,32,35,Sailboat,962,994,232,267
201807011403_013,20,38,Sailboat,965,985,229,267
201807011403_014,25,48,Sailboat,940,965,226,274
201807011403_015,28,43,Sailboat,791,819,224,267
201807011403_016,36,46,Sailboat,753,789,224,270
201807011403_017,32,41,Sailboat,733,765,226,267
201807011403_018,23,42,Sailboat,772,795,228,270
201807011403_019,22,40,Sailboat,748,770,232,272
201807011403_020,29,62,Sailboat,859,888,216,278
201807011403_021,27,57,Sailboat,913,940,221,278
201807011403_022,23,47,Sailboat,928,951,224,271
201807011403_023,18,62,Sailboat,939,957,209,271
201807011403_024,26,16,Passengership,885,911,256,272
201807011403_015,6,13,Seamark,828,834,257,270
201807011403_016,7,14,Seamark,776,783,258,272
201807011403_017,5,19,Seamark,723,728,256,275
201807011403_018,11,27,Seamark,735,746,257,284
201807011403_019,13,38,Seamark,705,718,261,299
201807011403_020,24,76,Seamark,836,860,256,332
201807011403_021,53,187,Seamark,1072,1125,259,446
201807011403_016,10,6,Sailboat,732,742,260,266
201807011403_017,17,23,Sailboat,597,614,244,267
201807011403_018,13,19,Sailboat,516,529,253,272
201807011403_019,19,36,Sailboat,341,360,246,282
201807011403_020,20,53,Sailboat,251,271,233,286
201807011403_021,35,72,Sailboat,77,112,234,306
201807011403_012,127,39,Cargoship,986,1113,224,263
201807011403_013,164,36,Cargoship,884,1048,227,263
201807011403_014,169,35,Cargoship,781,950,224,259
201807011403_015,184,40,Cargoship,550,734,222,262
201807011403_016,189,37,Cargoship,448,637,227,264
201807011403_017,177,37,Cargoship,342,519,225,262
201807011403_018,193,38,Cargoship,273,466,225,263
201807011403_019,173,39,Cargoship,167,340,230,269
201807011403_020,185,44,Cargoship,172,357,217,261
201807011403_021,183,44,Cargoship,147,330,225,269
201807011403_022,161,47,Cargoship,44,205,215,262
201807011403_023,41,50,Cargoship,5,46,210,260
201807011403_019,52,9,Miscboat,417,469,263,272
201807011403_020,57,10,Miscboat,551,608,262,272
201807011403_021,62,10,Miscboat,605,667,262,272
201807011403_022,60,21,Miscboat,625,685,249,270
201807011403_023,65,15,Miscboat,630,695,256,271
201807011403_024,71,16,Miscboat,683,754,258,274
201807011403_025,74,21,Miscboat,644,718,259,280
201807011403_026,80,20,Miscboat,578,658,260,280
201807011403_027,73,18,Miscboat,516,589,264,282
201807011403_028,77,19,Miscboat,681,758,261,280
201807011403_029,88,19,Miscboat,752,840,263,282
201807011403_030,93,25,Miscboat,927,1020,265,290
201807011403_031,90,29,Miscboat,851,941,261,290
201807011403_032,87,35,Miscboat,1017,1104,266,301
201807011403_033,125,45,Miscboat,901,1026,262,307
201807011403_034,187,61,Miscboat,970,1157,271,332
201807011403_035,148,122,Miscboat,1118,1266,247,369
201807011403_026,51,22,Passengership,394,445,258,280
201807011403_027,75,38,Passengership,90,165,257,295
201807011403_016,17,30,Cruiseship,695,712,233,263
201807011403_017,20,31,Cruiseship,616,636,231,262
201807011403_018,20,31,Cruiseship,601,621,230,261
201807011403_019,23,33,Cruiseship,522,545,234,267
201807011403_020,23,36,Cruiseship,586,609,228,264
201807011403_021,24,39,Cruiseship,590,614,227,266
201807011403_022,25,42,Cruiseship,511,536,222,264
201807011403_023,27,43,Cruiseship,404,431,222,265
201807011403_024,30,47,Cruiseship,322,352,220,267
201807011403_025,32,59,Cruiseship,145,177,223,282
201807011403_021,5,13,Seamark,910,915,264,277
201807011403_022,7,16,Seamark,890,897,259,275
201807011403_023,7,26,Seamark,857,864,256,282
201807011403_024,12,35,Seamark,871,883,259,294
201807011403_025,18,68,Seamark,855,873,258,326
201807011403_026,40,183,Seamark,939,979,241,424
201807011403_025,26,14,Passengership,1073,1099,261,275
201807011403_026,24,12,Passengership,931,955,255,267
201807011403_027,48,19,Passengership,765,813,253,272
201807011403_028,65,17,Passengership,792,857,254,271
201807011403_029,89,30,Passengership,672,761,244,274
201807011403_030,161,54,Passengership,396,557,241,295
201807011403_026,4,15,Seamark,769,773,260,275
201807011403_027,7,19,Seamark,668,675,260,279
201807011403_028,8,32,Seamark,806,814,253,285
201807011403_029,7,29,Seamark,850,857,256,285
201807011403_022,65,22,Militaryship,1177,1242,252,274
201807011403_023,90,34,Militaryship,1140,1230,243,277
201807011403_024,105,39,Militaryship,1146,1251,241,280
201807011403_025,70,58,Militaryship,1109,1179,221,279
201807011403_026,101,58,Militaryship,1004,1105,215,273
201807011403_027,98,56,Militaryship,938,1036,219,275
201807011403_028,126,80,Militaryship,1100,1226,200,280
201807011403_029,89,69,Militaryship,1184,1273,220,289
201807011403_027,6,16,Seamark,629,635,267,283
201807011403_028,7,18,Seamark,762,769,268,286
201807011403_029,8,20,Seamark,803,811,276,296
201807011403_030,21,53,Seamark,964,985,282,335
201807011403_031,14,55,Seamark,868,882,259,314
201807011403_030,33,13,Passengership,601,634,267,280
201807011403_031,44,20,Passengership,284,328,267,287
201807011403_032,68,27,Passengership,33,101,276,303
201807011403_037,29,23,Cargoship,371,400,255,278
201807011403_038,42,59,Cargoship,261,303,234,293
201807011403_039,94,87,Cargoship,36,130,229,316
201807011403_040,80,63,Militaryship,81,161,232,295
201807011403_041,110,148,Militaryship,137,247,151,299
201807011403_042,169,192,Militaryship,177,346,120,312
201807011403_043,244,208,Militaryship,10,254,159,367
201807011403_043,90,80,Militaryship,301,391,215,295
201807011403_044,201,282,Militaryship,8,209,65,347
201807011403_044,81,150,Militaryship,219,300,155,305
201807011403_042,22,53,Cruiseship,380,402,222,275
201807011403_043,55,73,Cruiseship,423,478,199,272
201807011403_044,94,97,Cruiseship,345,439,181,278
201807011403_045,154,203,Cruiseship,261,415,89,292
201807011403_046,350,215,Cruiseship,46,396,105,320
201807011403_047,233,311,Cruiseship,8,241,38,349
201807011403_045,8,4,Boat,614,622,265,269
201807011403_046,14,7,Boat,671,685,265,272
201807011403_047,13,6,Boat,617,630,268,274
201807011403_048,13,8,Boat,554,567,266,274
201807011403_046,36,45,Militaryship,385,421,237,282
201807011403_047,87,84,Militaryship,230,317,212,296
201807011403_048,82,124,Militaryship,1,83,192,316
201807011403_045,43,59,Militaryship,423,466,218,277
201807011403_046,51,46,Militaryship,428,479,232,278
201807011403_047,72,86,Militaryship,326,398,208,294
201807011403_048,159,144,Militaryship,83,242,171,315
201807011403_049,175,163,Militaryship,4,179,174,337
201807011403_047,18,30,Militaryship,397,415,254,284
201807011403_048,39,28,Militaryship,243,282,263,291
201807011403_049,61,49,Militaryship,198,259,254,303
201807011403_047,31,18,Miscboat,418,449,263,281
201807011403_048,46,26,Miscboat,284,330,262,288
201807011403_049,65,33,Miscboat,278,343,264,297
201807011403_050,146,77,Miscboat,5,151,257,334
201807011403_047,28,9,Ferry,503,531,262,271
201807011403_048,29,15,Ferry,433,462,258,273
201807011403_049,26,14,Ferry,512,538,259,273
201807011403_050,31,23,Miscboat,484,515,258,281
201807011403_051,35,24,Miscboat,415,450,266,290
201807011403_052,94,32,Miscboat,236,330,276,308
201807011403_053,36,51,Miscboat,44,80,264,315
201807011403_048,43,16,Ferry,649,692,262,278
201807011403_049,47,19,Ferry,637,684,256,275
201807011403_050,50,27,Passengership,434,484,260,287
201807011403_051,82,26,Passengership,321,403,272,298
201807011403_051,28,82,Sailboat,453,481,191,273
201807011403_052,30,96,Sailboat,419,449,177,273
201807011403_053,42,127,Sailboat,387,429,152,279
201807011403_054,51,171,Sailboat,301,352,117,288
201807011403_055,133,273,Sailboat,178,311,33,306
201807011403_043,28,104,Sailboat,485,513,161,265
201807011403_044,56,125,Sailboat,447,503,142,267
201807011403_045,56,145,Sailboat,467,523,122,267
201807011403_046,93,185,Sailboat,491,584,88,273
201807011403_047,121,198,Sailboat,394,515,75,273
201807011403_048,96,245,Sailboat,325,421,35,280
201807011403_049,183,276,Sailboat,307,490,10,286
201807011403_050,365,293,Sailboat,82,447,14,307
201807011403_051,320,336,Sailboat,1,321,1,337
201807011403_047,11,21,Miscboat,621,632,250,271
201807011403_048,12,23,Miscboat,563,575,248,271
201807011403_049,13,25,Miscboat,664,677,246,271
201807011403_050,14,19,Miscboat,684,698,252,271
201807011403_051,17,8,Miscboat,662,679,264,272
201807011403_052,22,18,Miscboat,676,698,258,276
201807011403_053,28,31,Miscboat,718,746,252,283
201807011403_054,41,57,Miscboat,753,794,235,292
201807011403_055,57,54,Miscboat,943,1000,259,313
201807011403_053,10,8,Motorboat,476,486,266,274
201807011403_054,25,18,Motorboat,393,418,271,289
201807011403_055,68,59,Motorboat,2,70,302,361
201807011403_056,25,45,Sailboat,474,499,229,274
201807011403_057,42,63,Sailboat,520,562,216,279
201807011403_058,39,59,Sailboat,474,513,219,278
201807011403_059,30,65,Sailboat,421,451,210,275
201807011403_060,35,74,Sailboat,469,504,204,278
201807011403_061,42,88,Sailboat,445,487,192,280
201807011403_062,31,73,Sailboat,404,435,211,284
201807011403_063,40,94,Sailboat,415,455,194,288
201807011403_064,37,87,Sailboat,316,353,203,290
201807011403_065,107,125,Sailboat,251,358,175,300
201807011403_066,52,184,Sailboat,0,52,160,344
201807011403_056,31,76,Sailboat,442,473,200,276
201807011403_057,60,100,Sailboat,473,533,179,279
201807011403_058,68,114,Sailboat,404,472,169,283
201807011403_059,105,148,Sailboat,282,387,144,292
201807011403_060,114,180,Sailboat,290,404,112,292
201807011403_061,159,252,Sailboat,135,294,54,306
201807011403_062,109,248,Sailboat,7,116,78,326
201807011403_061,39,130,Sailboat,296,335,164,294
201807011403_062,87,222,Sailboat,121,208,89,311
201807011403_056,33,76,Sailboat,410,443,204,280
201807011403_057,43,100,Sailboat,433,476,187,287
201807011403_058,59,110,Sailboat,320,379,180,290
201807011403_059,71,133,Sailboat,223,294,166,299
201807011403_060,109,157,Sailboat,185,294,145,302
201807011403_061,93,70,Sailboat,0,93,260,330
201807011403_056,35,77,Sailboat,374,409,205,282
201807011403_057,41,93,Sailboat,394,435,191,284
201807011403_058,89,115,Sailboat,231,320,180,295
201807011403_059,95,163,Sailboat,142,237,143,306
201807011403_060,82,166,Sailboat,151,233,143,309
201807011403_059,94,213,Sailboat,42,136,105,318
201807011403_060,93,230,Sailboat,36,129,95,325
201807011403_064,116,294,Sailboat,64,180,36,330
201807011403_065,124,350,Sailboat,9,133,8,358
201807011403_061,38,138,Sailboat,341,379,154,292
201807011403_062,104,189,Sailboat,208,312,115,304
201807011403_061,35,94,Sailboat,404,439,192,286
201807011403_062,100,120,Sailboat,314,414,172,292
201807011403_063,84,169,Sailboat,231,315,136,305
201807011403_052,25,6,Ferry,533,558,258,264
201807011403_053,22,9,Ferry,565,587,256,265
201807011403_054,24,10,Ferry,566,590,257,267
201807011403_055,34,9,Ferry,619,653,257,266
201807011403_056,40,12,Ferry,530,570,258,270
201807011403_053,17,26,Miscboat,627,644,242,268
201807011403_054,20,32,Miscboat,631,651,239,271
201807011403_055,28,27,Miscboat,719,747,248,275
201807011403_056,34,33,Miscboat,703,737,246,279
201807011403_057,50,46,Miscboat,801,851,244,290
201807011403_058,79,61,Miscboat,827,906,243,304
201807011403_059,147,122,Miscboat,885,1032,209,331
201807011403_060,115,123,Miscboat,1166,1281,283,406
201807011403_055,26,40,Sailboat,682,708,234,274
201807011403_056,20,58,Sailboat,660,680,218,276
201807011403_057,14,119,Sailboat,746,760,178,297
201807011403_058,14,113,Sailboat,734,748,183,296
201807011403_059,14,109,Sailboat,719,733,181,290
201807011403_060,32,150,Sailboat,821,853,149,299
201807011403_058,18,16,Motorboat,745,763,268,284
201807011403_059,24,26,Motorboat,736,760,270,296
201807011403_060,36,30,Motorboat,855,891,274,304
201807011403_061,77,53,Motorboat,945,1022,279,332
201807011403_056,15,74,Sailboat,644,659,199,273
201807011403_057,21,100,Sailboat,717,738,175,275
201807011403_058,20,93,Sailboat,697,717,179,272
201807011403_059,22,123,Sailboat,667,689,156,279
201807011403_060,29,144,Sailboat,754,783,139,283
201807011403_061,30,177,Sailboat,784,814,111,288
201807011403_059,18,108,Sailboat,695,713,177,285
201807011403_060,23,136,Sailboat,792,815,153,289
201807011403_061,48,185,Sailboat,836,884,113,298
201807011403_062,68,48,Passengership,776,844,237,285
201807011403_063,88,128,Passengership,868,956,173,301
201807011403_064,168,92,Passengership,928,1096,229,321
201807011403_061,46,202,Sailboat,889,935,112,314
201807011403_062,104,345,Sailboat,974,1078,6,351
201807011403_063,86,330,Sailboat,955,1041,1,331
201807011403_058,13,7,Miscboat,541,554,260,267
201807011403_059,14,8,Miscboat,497,511,257,265
201807011403_060,15,9,Miscboat,565,580,259,268
201807011403_061,16,12,Miscboat,567,583,253,265
201807011403_062,28,39,Passengership,750,778,241,280
201807011403_063,42,40,Passengership,817,859,245,285
201807011403_064,58,53,Passengership,829,887,237,290
201807011403_065,259,89,Ferry,893,1152,238,327
201807011403_066,62,48,Miscboat,982,1044,252,300
201807011403_063,124,34,Ferry,527,651,253,287
201807011403_064,75,75,Ferry,642,717,224,299
201807011403_066,121,121,Passengership,1159,1280,221,342
201807011403_062,101,25,Ferry,442,543,254,279
201807011403_064,171,38,Ferry,591,762,258,296
201807011403_063,42,24,Miscboat,469,511,253,277
201807011403_064,52,29,Miscboat,391,443,253,282
201807011403_065,76,38,Miscboat,411,487,251,289
201807011403_066,125,62,Miscboat,221,346,245,307
201807011403_067,154,118,Miscboat,11,165,243,361
201807011403_066,39,39,Miscboat,940,979,255,294
201807011403_067,66,53,Miscboat,1141,1207,261,314
201807011403_067,19,16,Miscboat,661,680,255,271
201807011403_068,25,16,Miscboat,482,507,260,276
201807011403_066,26,20,Miscboat,865,891,260,280
201807011403_067,41,28,Miscboat,990,1031,259,287
201807011403_068,67,32,Miscboat,962,1029,267,299
201807011403_066,25,24,Miscboat,892,917,258,282
201807011403_067,28,24,Miscboat,1043,1071,267,291
201807011403_068,62,57,Miscboat,1072,1134,261,318
201807011403_064,21,19,Passengership,544,565,251,270
201807011403_065,23,21,Passengership,619,642,249,270
201807011403_066,25,23,Passengership,548,573,246,269
201807011403_067,35,30,Passengership,595,630,247,277
201807011403_068,60,52,Passengership,376,436,232,284
201807011403_058,17,23,Passengership,522,539,245,268
201807011403_059,19,25,Passengership,476,495,241,266
201807011403_060,22,30,Passengership,542,564,239,269
201807011403_061,21,16,Passengership,539,560,251,267
201807011403_062,22,17,Passengership,506,528,249,266
201807011403_063,23,18,Passengership,542,565,246,264
201807011403_064,31,26,Passengership,494,525,247,273
201807011403_065,34,41,Passengership,557,591,231,272
201807011403_066,54,60,Passengership,463,517,222,282
201807011403_067,86,49,Passengership,452,538,240,289
201807011403_068,155,138,Passengership,104,259,179,317
201807011403_050,16,10,Boat,648,664,263,273
201807011403_051,11,5,Boat,619,630,269,274
201807011403_052,9,6,Boat,587,596,268,274
201807011403_053,11,8,Boat,607,618,270,278
201807011403_054,14,8,Boat,585,599,270,278
201807011403_055,14,9,Boat,659,673,270,279
201807011403_056,15,10,Boat,623,638,274,284
201807011403_057,16,11,Boat,667,683,273,284
201807011403_058,17,12,Boat,649,666,276,288
201807011403_059,13,10,Boat,594,607,279,289
201807011403_060,21,15,Boat,683,704,276,291
201807011403_061,20,16,Boat,698,718,276,292
201807011403_062,25,19,Boat,640,665,279,298
201807011403_063,31,23,Boat,682,713,286,309
201807011403_064,35,26,Boat,611,646,295,321
201807011403_065,44,31,Boat,659,703,298,329
201807011403_066,51,35,Boat,682,733,302,337
201807011403_067,53,41,Boat,958,1011,314,355
201807011403_068,77,54,Boat,1023,1100,326,380
201807011403_013,19,7,Boat,767,786,255,262
201807011403_023,31,31,Militaryship,16,47,247,278
201807011403_023,32,25,Miscboat,52,84,254,279
201807011403_029,28,13,Miscboat,559,587,261,274
201807011403_040,54,70,Miscboat,1,55,254,324
201807011403_049,25,17,Boat,485,510,259,276
201807011403_052,124,66,Ferry,121,245,273,339
201807011403_052,144,65,Passengership,7,151,271,336
201807011403_058,87,27,Motorboat,192,279,273,300
201807011403_062,98,81,Motorboat,1110,1208,298,379
201807011403_068,36,17,Passengership,520,556,256,273
201807011403_023,21,28,Sailboat,999,1020,242,270
201807011403_025,26,56,Sailboat,1023,1049,220,276
201807011403_044,21,59,Sailboat,526,547,206,265
201807011403_063,100,256,Sailboat,130,230,62,318
201807011403_064,66,303,Sailboat,1,67,34,337
201807011403_062,53,269,Sailboat,830,883,30,299
201807011403_066,97,81,Passengership,1061,1158,238,319
201807011403_006,27,12,Boat,1109,1136,276,288
201807011403_007,35,11,Boat,89,124,274,285
201807011403_022,11,11,Boat,409,420,262,273
201807011403_058,24,75,Sailboat,729,753,208,283
201807011403_061,50,45,Boat,1059,1109,313,358
201807011403_042,35,59,Militaryship,347,382,231,290
201807011403_006,8,19,Seamark,753,761,259,278
201807011403_015,7,13,Seamark,428,435,257,270
201807011403_018,8,23,Seamark,29,37,266,289
201807011403_021,7,20,Seamark,219,226,262,282
201807011403_054,28,12,Boat,277,305,279,291
201807011403_060,19,8,Boat,800,819,290,298
201807011403_027,12,17,Seamark,843,855,265,282
201807011403_032,8,25,Seamark,1223,1231,282,307
201807011403_039,5,8,Miscellaneous,823,828,365,373
201807011403_039,5,7,Miscellaneous,624,629,347,354
201807011403_039,7,5,Miscellaneous,403,410,337,342
201807011403_039,6,4,Miscellaneous,568,574,350,354
201807011433_000,139,63,Passengership,141,280,247,310
201807011433_001,74,170,Passengership,-5,69,170,340
201807011433_000,26,19,Miscboat,431,457,261,280
201807011433_001,39,23,Miscboat,365,404,264,287
201807011433_002,72,31,Miscboat,68,140,275,306
201807011433_000,53,24,Passengership,479,532,253,277
201807011433_001,68,48,Passengership,434,502,235,283
201807011433_002,106,57,Passengership,213,319,236,293
201807011433_002,32,46,Motorboat,926,958,257,303
201807011433_003,160,83,Motorboat,1084,1244,279,362
201807011433_001,31,25,Miscboat,502,533,252,277
201807011433_002,50,32,Miscboat,324,374,251,283
201807011433_003,91,37,Miscboat,29,120,266,303
201807011433_001,23,17,Miscboat,532,555,258,275
201807011433_002,29,24,Miscboat,379,408,259,283
201807011433_003,51,29,Miscboat,137,188,268,297
201807011433_000,33,15,Miscboat,633,666,256,271
201807011433_001,36,16,Miscboat,622,658,255,271
201807011433_002,41,20,Miscboat,503,544,255,275
201807011433_003,35,21,Miscboat,346,381,258,279
201807011433_005,100,48,Miscboat,888,988,269,317
201807011433_006,76,69,Miscboat,1205,1281,297,366
201807011433_005,86,31,Miscboat,221,307,254,285
201807011433_006,173,63,Miscboat,151,324,255,318
201807011433_007,22,25,Miscboat,169,191,256,281
201807011433_008,42,27,Miscboat,247,289,258,285
201807011433_007,16,17,Miscboat,218,234,258,275
201807011433_008,37,20,Miscboat,327,364,255,275
201807011433_009,48,20,Miscboat,288,336,265,285
201807011433_005,71,35,Passengership,483,554,243,278
201807011433_006,77,37,Passengership,593,670,252,289
201807011433_007,115,119,Passengership,665,780,188,307
201807011433_008,280,147,Passengership,968,1248,214,361
201807011433_007,31,23,Miscboat,128,159,263,286
201807011433_008,47,29,Miscboat,180,227,262,291
201807011433_005,38,26,Passengership,394,432,244,270
201807011433_006,29,26,Passengership,499,528,249,275
201807011433_007,39,39,Passengership,565,604,239,278
201807011433_008,57,36,Passengership,780,837,252,288
201807011433_009,84,56,Passengership,955,1039,254,310
201807011433_007,30,25,Miscboat,234,264,248,273
201807011433_008,43,23,Miscboat,367,410,253,276
201807011433_009,49,26,Miscboat,351,400,257,283
201807011433_010,116,63,Miscboat,117,233,246,309
201807011433_008,34,15,Miscboat,727,761,258,273
201807011433_009,44,21,Miscboat,834,878,258,279
201807011433_010,75,59,Miscboat,899,974,239,298
201807011433_007,12,22,Passengership,264,276,248,270
201807011433_008,29,25,Passengership,401,430,243,268
201807011433_009,43,28,Passengership,402,445,248,276
201807011433_010,92,50,Passengership,234,326,245,295
201807011433_011,106,103,Passengership,9,115,228,331
201807011433_009,30,57,Sailboat,804,834,217,274
201807011433_010,44,90,Sailboat,832,876,195,285
201807011433_011,107,144,Sailboat,981,1088,162,306
201807011433_007,45,15,Ferry,297,342,252,267
201807011433_008,40,23,Passengership,454,494,245,268
201807011433_009,42,24,Passengership,494,536,245,269
201807011433_010,67,37,Passengership,409,476,241,278
201807011433_011,94,50,Passengership,358,452,234,284
201807011433_012,189,65,Passengership,77,266,241,306
201807011433_009,67,20,Ferry,605,672,250,270
201807011433_010,98,26,Ferry,648,746,252,278
201807011433_011,56,107,Sailboat,778,834,169,276
201807011433_012,117,160,Sailboat,770,887,129,289
201807011433_013,181,259,Sailboat,772,953,51,310
201807011433_014,134,43,Motorboat,1011,1145,277,320
201807011433_012,107,35,Motorboat,856,963,271,306
201807011433_013,200,64,Motorboat,953,1153,283,347
201807011433_012,57,124,Sailboat,753,810,160,284
201807011433_013,88,136,Sailboat,697,785,150,286
201807011433_014,122,203,Sailboat,906,1028,100,303
201807011433_015,139,319,Sailboat,1109,1248,26,345
201807011433_011,34,132,Sailboat,484,518,144,276
201807011433_012,49,195,Sailboat,358,407,94,289
201807011433_013,75,253,Sailboat,183,258,49,302
201807011433_014,147,317,Sailboat,77,224,8,325
201807011433_013,30,135,Sailboat,315,345,151,286
201807011433_014,47,185,Sailboat,364,411,109,294
201807011433_015,101,315,Sailboat,110,211,10,325
201807011433_014,26,20,Motorboat,408,434,267,287
201807011433_015,56,28,Motorboat,210,266,283,311
201807011433_012,12,9,Boat,457,469,261,270
201807011433_013,22,16,Boat,360,382,263,279
201807011433_014,32,19,Boat,441,473,262,281
201807011433_015,54,27,Boat,281,335,275,302
201807011433_016,62,35,Boat,57,119,296,331
201807011433_015,156,235,Sailboat,921,1077,75,310
201807011433_016,105,372,Sailboat,1175,1280,0,372
201807011433_014,69,110,Sailboat,827,896,175,285
201807011433_015,142,235,Sailboat,864,1006,72,307
201807011433_008,37,51,Sailboat,644,681,209,260
201807011433_009,43,59,Sailboat,715,758,204,263
201807011433_016,206,352,Sailboat,1034,1240,1,353
201807011433_017,90,312,Sailboat,1164,1254,25,337
201807011433_011,48,119,Sailboat,801,849,165,284
201807011433_013,7,5,Boat,502,509,265,270
201807011433_014,11,10,Boat,625,636,263,273
201807011433_015,21,18,Boat,525,546,274,292
201807011433_012,14,7,Motorboat,468,482,262,269
201807011433_013,15,18,Motorboat,383,398,260,278
201807011433_014,20,31,Motorboat,477,497,249,280
201807011433_015,34,26,Motorboat,344,378,268,294
201807011433_016,62,44,Motorboat,118,180,277,321
201807011433_014,78,160,Sailboat,833,911,121,281
201807011433_015,113,186,Sailboat,830,943,125,311
201807011433_016,109,180,Sailboat,847,956,120,300
201807011433_017,116,193,Sailboat,978,1094,112,305
201807011433_013,21,28,Miscboat,411,432,245,273
201807011433_014,26,30,Miscboat,528,554,242,272
201807011433_015,38,22,Miscboat,434,472,257,279
201807011433_016,53,68,Miscboat,323,376,221,289
201807011433_017,85,65,Miscboat,272,357,236,301
201807011433_018,87,113,Miscboat,-1,86,228,341
201807011433_013,11,7,Boat,575,586,259,266
201807011433_014,12,8,Boat,722,734,257,265
201807011433_015,9,6,Boat,685,694,260,266
201807011433_016,10,7,Boat,662,672,258,265
201807011433_017,11,8,Boat,716,727,257,265
201807011433_018,9,10,Boat,664,673,258,268
201807011433_012,56,69,Sailboat,654,710,190,259
201807011433_013,22,65,Sailboat,622,644,200,265
201807011433_014,49,74,Sailboat,773,822,182,256
201807011433_015,38,89,Sailboat,723,761,178,267
201807011433_016,64,102,Sailboat,691,755,166,268
201807011433_017,30,116,Sailboat,798,828,155,271
201807011433_018,56,155,Sailboat,782,838,127,282
201807011433_019,70,203,Sailboat,735,805,87,290
201807011433_020,88,275,Sailboat,857,945,21,296
201807011433_021,86,332,Sailboat,1179,1265,7,339
201807011433_018,64,107,Sailboat,731,795,153,260
201807011433_019,50,124,Sailboat,661,711,132,256
201807011433_020,78,139,Sailboat,725,803,116,255
201807011433_021,96,172,Sailboat,823,919,88,260
201807011433_022,56,189,Sailboat,873,929,66,255
201807011433_023,137,215,Sailboat,657,794,37,252
201807011433_024,165,258,Sailboat,809,974,3,261
201807011433_025,339,290,Sailboat,791,1130,0,290
201807011433_026,249,342,Sailboat,1024,1273,9,351
201807011433_025,55,73,Militaryship,808,863,203,276
201807011433_026,76,107,Militaryship,921,997,178,285
201807011433_025,85,77,Cruiseship,761,846,190,267
201807011433_026,99,87,Cruiseship,853,952,182,269
201807011433_027,147,113,Cruiseship,759,906,163,276
201807011433_028,256,173,Cruiseship,738,994,115,288
201807011433_029,425,290,Cruiseship,839,1264,46,336
201807011433_030,337,330,Cruiseship,944,1281,49,379
201807011433_027,210,106,Militaryship,884,1094,191,297
201807011433_028,289,280,Militaryship,993,1282,73,353
201807011433_018,23,19,Miscboat,485,508,254,273
201807011433_019,35,29,Miscboat,325,360,253,282
201807011433_020,41,35,Miscboat,298,339,252,287
201807011433_021,91,44,Miscboat,157,248,276,320
201807011433_020,8,6,Motorboat,564,572,261,267
201807011433_021,12,13,Motorboat,612,624,264,277
201807011433_022,26,17,Motorboat,563,589,273,290
201807011433_023,33,24,Miscboat,712,745,261,285
201807011433_024,55,39,Miscboat,834,889,261,300
201807011433_025,126,69,Ferry,986,1112,270,339
201807011433_021,32,20,Miscboat,819,851,252,272
201807011433_022,36,24,Miscboat,849,885,252,276
201807011433_023,41,32,Miscboat,665,706,254,286
201807011433_026,64,46,Miscboat,1032,1096,256,302
201807011433_027,97,83,Miscboat,1184,1281,257,340
201807011433_025,11,7,Boat,721,732,259,266
201807011433_026,7,7,Boat,778,785,257,264
201807011433_027,8,8,Boat,641,649,257,265
201807011433_028,8,8,Boat,603,611,256,264
201807011433_029,8,10,Boat,641,649,254,264
201807011433_026,22,38,Militaryship,834,856,225,263
201807011433_027,62,39,Militaryship,711,773,227,266
201807011433_028,80,50,Militaryship,688,768,225,275
201807011433_029,69,44,Militaryship,741,810,229,273
201807011433_030,62,40,Militaryship,778,840,246,286
201807011433_031,101,131,Militaryship,768,869,164,295
201807011433_032,242,259,Militaryship,919,1161,80,339
201807011433_026,25,25,Militaryship,821,846,236,261
201807011433_027,26,28,Militaryship,701,727,232,260
201807011433_028,34,44,Militaryship,676,710,218,262
201807011433_029,24,41,Militaryship,715,739,226,267
201807011433_030,38,41,Militaryship,706,744,232,273
201807011433_031,40,43,Militaryship,682,722,226,269
201807011433_032,62,123,Militaryship,726,788,160,283
201807011433_033,143,175,Militaryship,828,971,124,299
201807011433_034,271,294,Militaryship,891,1162,37,331
201807011433_035,79,128,Militaryship,1079,1158,176,304
201807011433_036,195,100,Cargoship,854,1049,222,322
201807011433_036,239,180,Militaryship,1017,1256,182,362
201807011433_037,300,346,Cargoship,980,1280,119,465
201807011433_039,77,62,Militaryship,627,704,206,268
201807011433_040,77,73,Militaryship,420,497,197,270
201807011433_041,81,77,Militaryship,273,354,198,275
201807011433_042,90,93,Militaryship,102,192,190,283
201807011433_030,55,72,Militaryship,736,791,207,279
201807011433_031,56,121,Militaryship,714,770,161,282
201807011433_032,115,196,Militaryship,793,908,111,307
201807011433_033,284,240,Militaryship,997,1281,126,366
201807011433_038,84,22,Militaryship,718,802,249,271
201807011433_039,103,27,Militaryship,430,533,245,272
201807011433_040,110,29,Militaryship,187,297,244,273
201807011433_041,119,52,Militaryship,4,123,232,284
201807011433_038,62,44,Militaryship,951,1013,225,269
201807011433_039,92,40,Militaryship,678,770,228,268
201807011433_040,76,54,Militaryship,497,573,211,265
201807011433_041,113,80,Militaryship,325,438,189,269
201807011433_042,135,48,Militaryship,157,292,224,272
201807011433_043,167,110,Militaryship,1,168,172,282
201807011433_044,194,87,Militaryship,3,197,196,283
201807011433_043,9,12,Seamark,265,274,259,271
201807011433_044,10,13,Seamark,328,338,261,274
201807011433_045,5,25,Seamark,125,130,269,294
201807011433_043,5,8,Seamark,236,241,257,265
201807011433_044,6,13,Seamark,316,322,252,265
201807011433_045,5,12,Seamark,154,159,257,269
201807011433_046,5,10,Seamark,77,82,260,270
201807011433_039,5,14,Seamark,925,930,258,272
201807011433_040,6,10,Seamark,743,749,255,265
201807011433_041,10,20,Seamark,624,634,254,274
201807011433_042,9,18,Seamark,502,511,255,273
201807011433_043,8,16,Seamark,418,426,255,271
201807011433_044,7,17,Seamark,503,510,253,270
201807011433_045,10,25,Seamark,326,336,254,279
201807011433_046,10,28,Seamark,215,225,253,281
201807011433_047,15,37,Seamark,2,17,261,298
201807011433_044,13,13,Miscboat,640,653,247,260
201807011433_045,11,11,Miscboat,520,531,248,259
201807011433_046,15,12,Miscboat,469,484,247,259
201807011433_047,19,12,Miscboat,454,473,250,262
201807011433_044,20,12,Miscboat,597,617,248,260
201807011433_045,17,13,Miscboat,467,484,246,259
201807011433_046,22,11,Miscboat,413,435,248,259
201807011433_047,16,13,Miscboat,400,416,249,262
201807011433_044,14,12,Miscboat,621,635,248,260
201807011433_045,15,13,Miscboat,495,510,246,259
201807011433_046,16,14,Miscboat,445,461,244,258
201807011433_047,19,10,Miscboat,431,450,252,262
201807011433_014,111,368,Sailboat,1166,1277,12,380
201807011433_014,104,266,Sailboat,964,1068,49,315
201807011433_017,109,242,Sailboat,1054,1163,79,321
201807011433_014,52,174,Sailboat,911,963,126,300
201807011433_024,57,67,Cruiseship,804,861,194,261
201807011433_030,40,168,Sailboat,273,313,134,302
201807011433_031,89,334,Cruiseship,1191,1280,39,373
201807011433_012,32,98,Sailboat,418,450,181,279
201807011433_015,38,19,Boat,1018,1056,305,324
201807011433_026,38,44,Miscboat,1099,1137,257,301
201807011433_026,22,25,Militaryship,1008,1030,262,287
201807011433_004,62,15,Boat,842,904,284,299
201807011433_016,31,23,Miscboat,181,212,289,312
201807011433_016,133,71,Miscboat,3,136,335,406
201807011433_006,56,13,Boat,687,743,283,296
201807011433_027,111,65,Militaryship,1071,1182,253,318
201807011433_023,54,30,Militaryship,756,810,260,290
201807011433_038,55,54,Militaryship,895,950,215,269
201807011433_025,165,122,Militaryship,1092,1257,291,413
201807011433_005,105,162,Miscboat,1169,1274,211,373
201807011433_023,133,46,Miscboat,937,1070,256,302
201807011433_038,68,28,Miscboat,235,303,242,270
201807011433_038,63,26,Miscboat,363,426,250,276
201807011433_044,26,14,Passengership,650,676,246,260
201807011433_047,9,10,Miscboat,418,427,253,263
201807011433_008,50,13,Ferry,498,548,255,268
201807011433_043,3,13,Seamark,332,335,263,276
201807011433_046,5,13,Seamark,184,189,261,274
201807011433_046,4,7,Seamark,393,397,255,262
201807011433_027,11,5,Boat,562,573,259,264
201807011433_012,6,6,Boat,574,580,262,268
201807011433_024,7,7,Miscellaneous,767,774,257,264
201807011433_030,8,7,Miscellaneous,636,644,261,268
201807011433_033,21,13,Passengership,409,430,255,268
201807011503_006,91,66,Militaryship,1012,1103,238,304
201807011503_007,78,175,Militaryship,1195,1273,164,339
201807011503_002,27,15,Miscboat,243,270,252,267
201807011503_003,28,19,Miscboat,123,151,254,273
201807011503_004,30,16,Miscboat,556,586,250,266
201807011503_005,41,21,Miscboat,396,437,256,277
201807011503_006,45,23,Miscboat,192,237,254,277
201807011503_007,49,21,Miscboat,87,136,262,283
201807011503_002,22,14,Miscboat,269,291,255,269
201807011503_003,24,15,Miscboat,153,177,259,274
201807011503_004,26,16,Miscboat,588,614,254,270
201807011503_005,32,20,Miscboat,437,469,255,275
201807011503_006,38,24,Miscboat,240,278,252,276
201807011503_007,35,16,Miscboat,164,199,264,280
201807011503_001,34,21,Passengership,319,353,247,268
201807011503_002,46,23,Passengership,288,334,243,266
201807011503_003,60,28,Passengership,170,230,243,271
201807011503_004,60,27,Passengership,612,672,240,267
201807011503_005,73,27,Passengership,471,544,247,274
201807011503_006,81,34,Passengership,279,360,238,272
201807011503_007,85,35,Passengership,212,297,242,277
201807011503_008,80,67,Passengership,1,81,218,285
201807011503_002,15,10,Motorboat,524,539,255,265
201807011503_005,21,27,Motorboat,923,944,256,283
201807011503_006,24,31,Motorboat,807,831,248,279
201807011503_007,16,17,Motorboat,823,839,262,279
201807011503_008,32,40,Motorboat,727,759,245,285
201807011503_009,33,30,Motorboat,441,474,255,285
201807011503_008,14,36,Seamark,1051,1065,275,311
201807011503_009,13,47,Seamark,1037,1050,283,330
201807011503_007,50,104,Sailboat,910,960,181,285
201807011503_008,66,99,Sailboat,842,908,189,288
201807011503_009,87,151,Sailboat,608,695,139,290
201807011503_010,128,245,Sailboat,128,256,79,324
201807011503_013,38,21,Motorboat,53,91,271,292
201807011503_014,42,26,Motorboat,645,687,247,273
201807011503_015,36,19,Motorboat,944,980,250,269
201807011503_016,36,16,Motorboat,1137,1173,256,272
201807011503_017,21,14,Motorboat,887,908,253,267
201807011503_018,16,13,Motorboat,956,972,251,264
201807011503_019,12,14,Motorboat,930,942,250,264
201807011503_020,14,11,Motorboat,791,805,250,261
201807011503_021,11,13,Motorboat,637,648,248,261
201807011503_022,10,12,Motorboat,626,636,246,258
201807011503_023,9,11,Motorboat,586,595,247,258
201807011503_024,13,11,Motorboat,439,452,248,259
201807011503_025,12,10,Motorboat,475,487,247,257
201807011503_026,11,9,Motorboat,516,527,249,258
201807011503_014,19,38,Seamark,243,262,253,291
201807011503_015,11,37,Seamark,130,141,257,294
201807011503_017,9,22,Seamark,408,417,248,270
201807011503_018,15,28,Seamark,245,260,248,276
201807011503_019,7,26,Seamark,15,22,264,290
201807011503_017,8,16,Seamark,1070,1078,250,266
201807011503_018,11,21,Seamark,1043,1054,242,263
201807011503_019,10,19,Seamark,958,968,245,264
201807011503_020,9,17,Seamark,831,840,244,261
201807011503_021,13,34,Seamark,737,750,239,273
201807011503_022,12,31,Seamark,790,802,239,270
201807011503_023,11,28,Seamark,776,787,242,270
201807011503_024,6,24,Seamark,662,668,247,271
201807011503_025,10,28,Seamark,728,738,250,278
201807011503_026,33,71,Seamark,814,847,236,307
201807011503_027,38,128,Seamark,1165,1203,238,366
201807011503_017,7,14,Seamark,861,868,246,260
201807011503_018,11,19,Seamark,805,816,240,259
201807011503_019,11,18,Seamark,692,703,243,261
201807011503_020,10,16,Seamark,531,541,244,260
201807011503_021,12,29,Seamark,396,408,245,274
201807011503_022,11,26,Seamark,373,384,245,271
201807011503_023,10,24,Seamark,267,277,250,274
201807011503_024,5,19,Seamark,44,49,264,283
201807011503_017,14,29,Seamark,946,960,247,276
201807011503_018,9,35,Seamark,981,990,247,282
201807011503_019,18,44,Seamark,1041,1059,257,301
201807011503_020,42,137,Seamark,1239,1281,236,373
201807011503_023,8,14,Seamark,347,355,248,262
201807011503_024,9,15,Seamark,180,189,252,267
201807011503_025,13,21,Seamark,179,192,249,270
201807011503_026,7,21,Seamark,160,167,254,275
201807011503_020,6,15,Seamark,752,758,242,257
201807011503_021,6,15,Seamark,652,658,245,260
201807011503_022,7,16,Seamark,682,689,241,257
201807011503_023,4,13,Seamark,638,642,245,258
201807011503_024,4,14,Seamark,499,503,245,259
201807011503_025,4,15,Seamark,548,552,241,256
201807011503_026,9,15,Seamark,584,593,245,260
201807011503_027,10,16,Seamark,636,646,243,259
201807011503_028,11,18,Seamark,583,594,244,262
201807011503_029,11,24,Seamark,605,616,242,266
201807011503_030,6,20,Seamark,555,561,249,269
201807011503_031,8,21,Seamark,494,502,255,276
201807011503_032,21,37,Seamark,424,445,247,284
201807011503_033,13,42,Seamark,351,364,252,294
201807011503_023,8,17,Seamark,625,633,244,261
201807011503_024,9,19,Seamark,483,492,243,262
201807011503_025,4,9,Seamark,523,527,253,262
201807011503_026,11,21,Seamark,545,556,247,268
201807011503_027,5,18,Seamark,591,596,249,267
201807011503_028,7,21,Seamark,527,534,251,272
201807011503_029,24,47,Seamark,488,512,247,294
201807011503_030,17,67,Seamark,316,333,251,318
201807011503_032,12,21,Seamark,524,536,250,271
201807011503_033,13,23,Seamark,533,546,249,272
201807011503_034,14,25,Seamark,450,464,255,280
201807011503_035,17,36,Seamark,416,433,264,300
201807011503_035,13,17,Boat,513,526,249,266
201807011503_036,17,12,Boat,193,210,262,274
201807011503_037,32,20,Boat,23,55,270,290
201807011503_040,72,41,Motorboat,249,321,256,297
201807011503_041,37,33,Motorboat,594,631,241,274
201807011503_042,15,14,Motorboat,687,702,255,269
201807011503_043,16,15,Motorboat,697,713,252,267
201807011503_044,15,16,Motorboat,712,727,256,272
201807011503_055,55,26,Miscboat,73,128,278,304
201807011503_056,28,22,Miscboat,435,463,260,282
201807011503_057,29,16,Miscboat,608,637,258,274
201807011503_058,23,12,Miscboat,740,763,255,267
201807011503_059,11,9,Miscboat,783,794,258,267
201807011503_001,24,25,Miscboat,199,223,248,273
201807011503_001,18,12,Miscboat,226,244,260,272
201807011503_001,23,16,Miscboat,241,264,255,271
201807011503_013,77,30,Miscboat,904,981,251,281
201807011503_032,15,10,Boat,601,616,244,254
201807011503_040,36,19,Motorboat,46,82,275,294
201807011503_012,188,349,Sailboat,983,1171,12,361
201807011503_012,101,51,Passengership,590,691,228,279
201807011503_066,28,29,Passengership,0,28,247,276
201807011503_000,33,28,Passengership,75,108,255,283
201807011503_013,45,27,Boat,1168,1213,271,298
201807011503_013,82,30,Miscboat,1048,1130,255,285
201807011503_066,30,14,Motorboat,832,862,268,282
201807011503_007,29,21,Miscboat,55,84,262,283
201807011503_002,7,19,Seamark,40,47,259,278
201807011503_009,5,24,Seamark,645,650,272,296
201807011503_010,16,141,Seamark,1238,1254,333,474
201807011503_011,8,20,Seamark,999,1007,268,288
201807011503_018,30,34,Seamark,968,998,244,278
201807011503_012,16,90,Seamark,624,640,304,394
201807011503_014,8,16,Seamark,92,100,266,282
201807011503_017,7,12,Seamark,1035,1042,250,262
201807011503_017,6,13,Seamark,1060,1066,247,260
201807011503_020,7,14,Seamark,763,770,241,255
201807011503_032,8,14,Seamark,556,564,244,258
201807011503_018,8,18,Miscellaneous,251,259,257,275
201807011503_027,13,8,Miscellaneous,178,191,272,280
201807011533_007,13,19,Seamark,1032,1045,260,279
201807011533_008,6,11,Seamark,1116,1122,268,279
201807011533_006,13,22,Seamark,943,956,263,285
201807011533_007,9,29,Seamark,785,794,258,287
201807011533_008,21,57,Seamark,926,947,258,315
201807011533_007,5,19,Seamark,335,340,258,277
201807011533_008,16,33,Seamark,264,280,261,294
201807011533_009,16,40,Seamark,83,99,265,305
201807011533_007,9,18,Seamark,744,753,254,272
201807011533_008,10,19,Seamark,785,795,259,278
201807011533_009,11,21,Seamark,823,834,257,278
201807011533_010,9,23,Seamark,428,437,253,276
201807011533_011,10,28,Seamark,207,217,255,283
201807011533_012,13,28,Seamark,171,184,263,291
201807011533_013,9,37,Seamark,55,64,264,301
201807011533_008,8,18,Seamark,1130,1138,268,286
201807011533_009,9,20,Seamark,1238,1247,273,293
201807011533_010,6,18,Seamark,959,965,266,284
201807011533_011,12,30,Seamark,821,833,256,286
201807011533_012,10,29,Seamark,918,928,262,291
201807011533_013,14,44,Seamark,1116,1130,268,312
201807011533_010,47,23,Cruiseship,778,825,241,264
201807011533_011,59,28,Cruiseship,593,652,234,262
201807011533_012,66,31,Cruiseship,636,702,233,264
201807011533_013,79,23,Cruiseship,656,735,238,261
201807011533_014,7,13,Seamark,495,502,260,273
201807011533_015,8,14,Seamark,441,449,260,274
201807011533_016,9,15,Seamark,304,313,261,276
201807011533_017,9,16,Seamark,285,294,262,278
201807011533_018,73,35,Cruiseship,272,345,235,270
201807011533_019,73,49,Cruiseship,198,271,225,274
201807011533_020,64,43,Cruiseship,142,206,228,271
201807011533_021,73,35,Cruiseship,1,74,230,265
201807011533_011,7,13,Seamark,889,896,257,270
201807011533_012,8,14,Seamark,953,961,257,271
201807011533_013,11,18,Seamark,1032,1043,261,279
201807011533_014,9,17,Seamark,870,879,262,279
201807011533_015,10,19,Seamark,857,867,260,279
201807011533_016,6,17,Seamark,764,770,261,278
201807011533_017,8,22,Seamark,791,799,260,282
201807011533_018,7,19,Seamark,804,811,263,282
201807011533_019,8,24,Seamark,782,790,260,284
201807011533_020,17,42,Seamark,786,803,253,295
201807011533_021,19,46,Seamark,753,772,261,307
201807011533_022,34,121,Seamark,935,969,256,377
201807011533_017,6,10,Seamark,871,877,264,274
201807011533_018,7,12,Seamark,874,881,262,274
201807011533_019,9,15,Seamark,842,851,258,273
201807011533_020,7,14,Seamark,832,839,257,271
201807011533_021,12,23,Seamark,733,745,258,281
201807011533_022,11,21,Seamark,784,795,254,275
201807011533_023,10,19,Seamark,789,799,262,281
201807011533_024,8,23,Seamark,765,773,260,283
201807011533_025,8,27,Seamark,793,801,262,289
201807011533_026,17,44,Seamark,828,845,258,302
201807011533_027,27,78,Seamark,953,980,253,331
201807011533_023,14,9,Motorboat,702,716,267,276
201807011533_024,25,14,Motorboat,531,556,266,280
201807011533_025,32,12,Motorboat,89,121,280,292
201807011533_022,55,35,Militaryship,1088,1143,233,268
201807011533_023,62,39,Militaryship,1102,1164,238,277
201807011533_024,73,46,Militaryship,1083,1156,235,281
201807011533_025,87,46,Militaryship,1114,1201,232,278
201807011533_013,15,26,Cruiseship,1003,1018,245,271
201807011533_014,16,29,Cruiseship,804,820,242,271
201807011533_015,18,32,Cruiseship,771,789,238,270
201807011533_016,17,26,Cruiseship,660,677,241,267
201807011533_017,18,28,Cruiseship,673,691,243,271
201807011533_018,22,34,Cruiseship,666,688,237,271
201807011533_019,23,33,Cruiseship,608,631,233,266
201807011533_020,26,38,Cruiseship,572,598,230,268
201807011533_021,21,19,Cruiseship,448,469,244,263
201807011533_022,24,37,Cruiseship,467,491,228,265
201807011533_023,28,44,Cruiseship,423,451,226,270
201807011533_024,24,40,Cruiseship,361,385,229,269
201807011533_025,27,48,Cruiseship,329,356,223,271
201807011533_026,35,63,Cruiseship,299,334,223,286
201807011533_027,33,56,Cruiseship,255,288,215,271
201807011533_028,29,68,Cruiseship,64,93,209,277
201807011533_025,24,13,Passengership,965,989,262,275
201807011533_026,34,17,Passengership,912,946,258,275
201807011533_027,40,15,Passengership,817,857,257,272
201807011533_028,63,33,Passengership,479,542,246,279
201807011533_027,30,50,Militaryship,1249,1279,227,277
201807011533_028,103,64,Militaryship,1165,1268,215,279
201807011533_029,122,76,Militaryship,1158,1280,208,284
201807011533_030,91,53,Militaryship,1187,1278,239,292
201807011533_028,10,19,Seamark,913,923,255,274
201807011533_029,11,30,Seamark,893,904,252,282
201807011533_030,13,32,Seamark,850,863,259,291
201807011533_031,15,44,Seamark,937,952,257,301
201807011533_032,38,117,Seamark,960,998,240,357
201807011533_033,9,34,Seamark,1195,1204,269,303
201807011533_034,10,22,Seamark,1114,1124,260,282
201807011533_035,9,20,Seamark,1039,1048,259,279
201807011533_028,27,12,Miscboat,691,718,256,268
201807011533_029,28,17,Miscboat,603,631,255,272
201807011533_030,36,16,Miscboat,465,501,264,280
201807011533_031,40,18,Miscboat,411,451,263,281
201807011533_034,44,14,Miscboat,1179,1223,262,276
201807011533_035,48,15,Miscboat,1093,1141,258,273
201807011533_036,53,16,Miscboat,1116,1169,263,279
201807011533_037,68,26,Miscboat,1211,1279,268,294
201807011533_035,6,15,Seamark,997,1003,258,273
201807011533_036,7,16,Seamark,973,980,261,277
201807011533_037,8,18,Seamark,1014,1022,263,281
201807011533_038,10,24,Seamark,1195,1205,267,291
201807011533_038,7,9,Seamark,671,678,262,271
201807011533_039,13,21,Seamark,689,702,261,282
201807011533_040,12,19,Seamark,792,804,266,285
201807011533_041,11,17,Seamark,1002,1013,270,287
201807011533_040,24,12,Motorboat,1034,1058,258,270
201807011533_041,30,15,Motorboat,1236,1266,262,277
201807011533_040,40,61,Sailboat,901,941,209,270
201807011533_041,36,67,Sailboat,1107,1143,211,278
201807011533_039,32,30,Cargoship,100,132,261,291
201807011533_040,38,43,Cargoship,51,89,253,296
201807011533_041,58,61,Cargoship,61,119,243,304
201807011533_042,123,74,Cargoship,0,123,242,316
201807011533_043,81,67,Militaryship,96,177,228,295
201807011533_044,68,127,Militaryship,278,346,174,301
201807011533_045,59,109,Militaryship,329,388,181,290
201807011533_046,132,185,Militaryship,198,330,122,307
201807011533_039,18,79,Sailboat,282,300,210,289
201807011533_040,47,183,Sailboat,182,229,133,316
201807011533_044,113,156,Militaryship,223,336,146,302
201807011533_045,238,257,Militaryship,83,321,75,332
201807011533_045,31,76,Cruiseship,393,424,202,278
201807011533_046,67,80,Cruiseship,376,443,194,274
201807011533_047,120,116,Cruiseship,255,375,167,283
201807011533_048,147,134,Cruiseship,190,337,159,293
201807011533_049,267,178,Cruiseship,31,298,131,309
201807011533_050,237,335,Cruiseship,2,239,1,336
201807011533_051,21,27,Passengership,522,543,247,274
201807011533_052,31,11,Passengership,558,589,263,274
201807011533_053,44,22,Passengership,476,520,262,284
201807011533_054,63,27,Passengership,332,395,271,298
201807011533_055,159,55,Passengership,136,295,271,326
201807011533_050,19,12,Motorboat,520,539,255,267
201807011533_051,21,13,Motorboat,535,556,259,272
201807011533_052,30,17,Motorboat,580,610,255,272
201807011533_053,42,17,Motorboat,507,549,261,278
201807011533_054,47,19,Motorboat,404,451,268,287
201807011533_055,79,29,Motorboat,339,418,270,299
201807011533_056,166,80,Motorboat,177,343,256,336
201807011533_047,35,47,Militaryship,371,406,228,275
201807011533_048,43,53,Militaryship,344,387,222,275
201807011533_049,43,55,Militaryship,337,380,220,275
201807011533_050,71,101,Militaryship,324,395,195,296
201807011533_051,156,110,Militaryship,167,323,194,304
201807011533_049,52,46,Militaryship,285,337,232,278
201807011533_050,98,92,Militaryship,220,318,198,290
201807011533_051,156,99,Militaryship,1,157,207,306
201807011533_046,46,119,Sailboat,442,488,158,277
201807011533_047,90,137,Sailboat,375,465,132,269
201807011533_048,56,142,Sailboat,389,445,127,269
201807011533_049,103,169,Sailboat,369,472,100,269
201807011533_050,121,200,Sailboat,402,523,76,276
201807011533_051,118,240,Sailboat,399,517,33,273
201807011533_052,198,263,Sailboat,367,565,13,276
201807011533_053,316,297,Sailboat,183,499,6,303
201807011533_054,337,340,Sailboat,2,339,3,343
201807011533_055,172,340,Sailboat,2,174,12,352
201807011533_051,45,32,Militaryship,328,373,257,289
201807011533_052,72,44,Militaryship,268,340,251,295
201807011533_053,100,105,Militaryship,1,101,227,332
201807011533_052,77,35,Miscboat,350,427,255,290
201807011533_053,153,117,Miscboat,113,266,198,315
201807011533_055,50,80,Miscboat,290,340,221,301
201807011533_056,128,127,Miscboat,103,231,207,334
201807011533_055,21,20,Miscboat,703,724,252,272
201807011533_056,24,38,Miscboat,726,750,242,280
201807011533_057,27,35,Miscboat,774,801,252,287
201807011533_058,46,31,Miscboat,808,854,260,291
201807011533_059,89,115,Miscboat,946,1035,213,328
201807011533_058,21,50,Sailboat,416,437,223,273
201807011533_059,32,92,Sailboat,349,381,192,284
201807011533_060,32,89,Sailboat,347,379,195,284
201807011533_061,36,101,Sailboat,328,364,182,283
201807011533_058,22,51,Sailboat,439,461,217,268
201807011533_059,35,66,Sailboat,410,445,206,272
201807011533_060,38,72,Sailboat,415,453,205,277
201807011533_061,41,77,Sailboat,415,456,197,274
201807011533_062,50,100,Sailboat,415,465,187,287
201807011533_063,54,107,Sailboat,389,443,178,285
201807011533_064,52,102,Sailboat,381,433,181,283
201807011533_065,78,120,Sailboat,332,410,170,290
201807011533_066,96,148,Sailboat,293,389,154,302
201807011533_067,126,194,Sailboat,177,303,125,319
201807011533_068,87,141,Sailboat,1,88,174,315
201807011533_061,24,77,Sailboat,392,416,199,276
201807011533_062,35,90,Sailboat,365,400,191,281
201807011533_063,38,98,Sailboat,351,389,185,283
201807011533_064,51,131,Sailboat,290,341,163,294
201807011533_065,102,164,Sailboat,231,333,136,300
201807011533_058,41,10,Miscboat,489,530,260,270
201807011533_059,65,30,Miscboat,427,492,252,282
201807011533_060,116,32,Miscboat,334,450,260,292
201807011533_061,48,24,Motorboat,241,289,266,290
201807011533_062,74,29,Motorboat,166,240,269,298
201807011533_063,102,124,Sailboat,273,375,160,284
201807011533_064,112,160,Sailboat,291,403,135,295
201807011533_065,113,161,Sailboat,271,384,132,293
201807011533_059,12,38,Sailboat,495,507,232,270
201807011533_060,19,51,Sailboat,503,522,222,273
201807011533_061,30,62,Sailboat,460,490,217,279
201807011533_062,47,84,Sailboat,388,435,216,300
201807011533_064,144,227,Sailboat,142,286,77,304
201807011533_065,101,228,Sailboat,1,102,99,327
201807011533_061,49,111,Sailboat,279,328,175,286
201807011533_062,87,134,Sailboat,195,282,164,298
201807011533_063,90,223,Sailboat,68,158,100,323
201807011533_064,95,234,Sailboat,10,105,87,321
201807011533_055,27,84,Sailboat,448,475,185,269
201807011533_056,37,110,Sailboat,438,475,171,281
201807011533_057,44,136,Sailboat,406,450,144,280
201807011533_058,69,195,Sailboat,287,356,94,289
201807011533_059,151,314,Sailboat,56,207,2,316
201807011533_059,29,39,Miscboat,638,667,237,276
201807011533_060,36,34,Miscboat,685,721,243,277
201807011533_061,48,48,Miscboat,734,782,238,286
201807011533_062,73,112,Miscboat,762,835,188,300
201807011533_063,139,115,Miscboat,844,983,218,333
201807011533_061,14,13,Passengership,500,514,250,263
201807011533_058,16,42,Sailboat,607,623,225,267
201807011533_059,22,47,Sailboat,596,618,224,271
201807011533_060,26,56,Sailboat,631,657,217,273
201807011533_061,20,63,Sailboat,678,698,215,278
201807011533_062,31,69,Sailboat,685,716,217,286
201807011533_063,39,40,Motorboat,712,751,250,290
201807011533_064,53,43,Motorboat,865,918,279,322
201807011533_065,67,101,Boat,1213,1280,332,433
201807011533_062,15,84,Sailboat,677,692,192,276
201807011533_063,22,156,Sailboat,698,720,140,296
201807011533_064,24,166,Sailboat,778,802,129,295
201807011533_065,75,305,Sailboat,885,960,27,332
201807011533_066,80,319,Sailboat,898,978,1,320
201807011533_065,13,10,Boat,613,626,268,278
201807011533_066,25,17,Boat,543,568,272,289
201807011533_058,23,8,Ferry,569,592,256,264
201807011533_059,25,9,Ferry,560,585,254,263
201807011533_060,28,10,Ferry,592,620,257,267
201807011533_061,31,13,Ferry,622,653,254,267
201807011533_062,34,14,Ferry,619,653,257,271
201807011533_063,37,15,Ferry,586,623,253,268
201807011533_064,70,21,Ferry,557,627,255,276
201807011533_065,99,29,Ferry,470,569,254,283
201807011533_066,108,31,Ferry,358,466,256,287
201807011533_067,172,48,Ferry,78,250,252,300
201807011533_060,51,26,Ferry,575,626,246,272
201807011533_061,49,25,Ferry,613,662,244,269
201807011533_062,46,24,Ferry,616,662,249,273
201807011533_064,116,39,Ferry,530,646,242,281
201807011533_067,58,26,Miscboat,327,385,252,278
201807011533_068,93,49,Miscboat,180,273,251,300
201807011533_069,144,60,Miscboat,33,177,249,309
201807011533_065,51,44,Passengership,769,820,237,281
201807011533_066,74,60,Passengership,825,899,231,291
201807011533_067,205,123,Passengership,895,1100,200,323
201807011533_064,19,21,Passengership,711,730,251,272
201807011533_065,34,29,Passengership,740,774,245,274
201807011533_066,38,38,Passengership,782,820,240,278
201807011533_067,61,57,Passengership,792,853,233,290
201807011533_068,125,113,Passengership,814,939,208,321
201807011533_069,205,144,Passengership,1012,1217,212,356
201807011533_069,71,71,Passengership,935,1006,246,317
201807011533_070,211,131,Passengership,1062,1273,238,369
201807011533_065,9,7,Boat,625,634,262,269
201807011533_066,10,8,Boat,625,635,259,267
201807011533_067,10,7,Boat,576,586,268,275
201807011533_068,18,18,Boat,495,513,274,292
201807011533_069,32,31,Boat,418,450,288,319
201807011533_067,20,27,Miscboat,765,785,255,282
201807011533_068,45,72,Miscboat,766,811,218,290
201807011533_069,58,50,Miscboat,872,930,253,303
201807011533_070,101,61,Miscboat,923,1024,258,319
201807011533_071,47,93,Miscboat,929,976,209,302
201807011533_072,89,83,Miscboat,1090,1179,256,339
201807011533_069,28,36,Miscboat,840,868,255,291
201807011533_070,53,42,Miscboat,870,923,255,297
201807011533_071,88,73,Miscboat,1062,1150,258,331
201807011533_070,27,24,Miscboat,777,804,258,282
201807011533_071,46,37,Miscboat,881,927,256,293
201807011533_072,75,40,Miscboat,982,1057,268,308
201807011533_067,11,10,Ferry,544,555,254,264
201807011533_068,12,11,Ferry,510,522,253,264
201807011533_069,13,12,Ferry,534,547,252,264
201807011533_070,12,10,Ferry,504,516,258,268
201807011533_071,21,16,Ferry,548,569,254,270
201807011533_067,22,19,Passengership,499,521,249,268
201807011533_068,27,24,Passengership,451,478,247,271
201807011533_069,28,20,Passengership,464,492,255,275
201807011533_070,43,27,Passengership,416,459,247,274
201807011533_071,53,36,Passengership,437,490,242,278
201807011533_072,66,43,Passengership,367,433,242,285
201807011533_067,20,17,Passengership,522,542,248,265
201807011533_068,27,25,Passengership,480,507,245,270
201807011533_069,28,16,Passengership,497,525,254,270
201807011533_070,34,28,Passengership,460,494,244,272
201807011533_071,52,35,Passengership,492,544,240,275
201807011533_072,53,24,Passengership,445,498,253,277
201807011533_066,26,26,Passengership,507,533,242,268
201807011533_067,36,41,Passengership,436,472,231,272
201807011533_068,64,50,Passengership,359,423,228,278
201807011533_069,60,60,Passengership,353,413,220,280
201807011533_070,76,45,Passengership,266,342,241,286
201807011533_071,132,101,Passengership,197,329,205,306
201807011533_072,134,111,Passengership,2,136,213,324
201807011533_022,60,18,Miscboat,202,262,256,274
201807011533_037,30,18,Passengership,1047,1077,259,277
201807011533_040,23,13,Motorboat,1066,1089,257,270
201807011533_065,65,42,Boat,990,1055,343,385
201807011533_070,38,70,Sailboat,804,842,218,288
201807011533_041,29,14,Boat,1057,1086,263,277
201807011533_059,22,20,Miscboat,617,639,252,272
201807011533_064,68,44,Boat,917,985,301,345
201807011533_068,15,14,Motorboat,565,580,253,267
201807011533_041,35,66,Sailboat,1162,1197,212,278
201807011533_040,27,55,Sailboat,873,900,215,270
201807011533_047,17,62,Sailboat,472,489,214,276
201807011533_047,25,41,Sailboat,549,574,227,268
201807011533_048,19,78,Sailboat,446,465,199,277
201807011533_049,38,162,Sailboat,383,421,137,299
201807011533_066,136,253,Sailboat,64,200,63,316
201807011533_063,68,275,Sailboat,115,183,63,338
201807011533_061,27,79,Sailboat,365,392,200,279
201807011533_064,31,135,Sailboat,824,855,172,307
201807011533_065,148,217,Sailboat,57,205,101,318
201807011533_065,129,387,Sailboat,1044,1173,1,388
201807011533_028,22,63,Cruiseship,95,117,213,276
201807011533_000,173,30,Passengership,958,1131,257,287
201807011533_022,30,22,Miscboat,196,226,251,273
201807011533_068,26,22,Passengership,533,559,246,268
201807011533_047,174,217,Militaryship,1,175,117,334
201807011533_046,34,64,Militaryship,335,369,227,291
201807011533_043,67,100,Militaryship,43,110,207,307
201807011533_052,249,186,Militaryship,8,257,154,340
201807011533_002,14,9,Boat,416,430,256,265
201807011533_005,12,24,Seamark,848,860,260,284
201807011533_026,6,14,Seamark,955,961,262,276
201807011533_020,7,12,Seamark,336,343,262,274
201807011533_029,10,20,Seamark,1122,1132,266,286
201807011533_029,4,13,Seamark,1042,1046,262,275
201807011533_022,22,11,Passengership,231,253,262,273
201807011603_000,117,53,Passengership,262,379,239,292
201807011603_001,179,109,Passengership,93,272,203,312
201807011603_000,31,17,Miscboat,420,451,260,277
201807011603_001,43,25,Miscboat,339,382,262,287
201807011603_002,60,40,Miscboat,162,222,259,299
201807011603_000,64,31,Passengership,484,548,247,278
201807011603_001,77,44,Passengership,420,497,236,280
201807011603_002,93,84,Passengership,271,364,211,295
201807011603_003,156,78,Passengership,111,267,222,300
201807011603_003,63,65,Motorboat,968,1031,249,314
201807011603_004,138,102,Motorboat,1146,1284,277,379
201807011603_001,35,21,Miscboat,498,533,255,276
201807011603_002,50,43,Miscboat,366,416,243,286
201807011603_003,60,30,Miscboat,274,334,256,286
201807011603_004,98,47,Miscboat,54,152,261,308
201807011603_001,27,18,Miscboat,532,559,256,274
201807011603_002,31,21,Miscboat,416,447,256,277
201807011603_003,37,22,Miscboat,340,377,258,280
201807011603_004,57,32,Miscboat,164,221,265,297
201807011603_005,83,52,Miscboat,1,84,261,313
201807011603_008,98,55,Miscboat,419,517,239,294
201807011603_009,185,58,Miscboat,78,263,269,327
201807011603_010,38,27,Miscboat,143,181,263,290
201807011603_011,56,44,Miscboat,93,149,261,305
201807011603_008,134,92,Passengership,857,991,202,294
201807011603_009,195,96,Passengership,741,936,205,301
201807011603_010,298,292,Passengership,982,1280,97,389
201807011603_008,76,63,Passengership,764,840,215,278
201807011603_009,91,46,Passengership,610,701,237,283
201807011603_010,149,89,Passengership,743,892,221,310
201807011603_010,31,22,Miscboat,185,216,263,285
201807011603_011,52,36,Miscboat,180,232,259,295
201807011603_008,27,36,Passengership,674,701,232,268
201807011603_009,33,44,Passengership,503,536,228,272
201807011603_010,36,40,Passengership,612,648,239,279
201807011603_011,66,97,Passengership,839,905,196,293
201807011603_012,201,130,Passengership,1036,1237,214,344
201807011603_010,31,15,Miscboat,230,261,262,277
201807011603_011,40,24,Miscboat,293,333,256,280
201807011603_012,63,24,Miscboat,101,164,277,301
201807011603_010,33,21,Miscboat,261,294,252,273
201807011603_011,50,28,Miscboat,338,388,250,278
201807011603_012,73,29,Miscboat,201,274,261,290
201807011603_011,34,31,Passengership,381,415,241,272
201807011603_012,55,32,Passengership,274,329,251,283
201807011603_013,116,70,Passengership,45,161,239,309
201807011603_011,39,82,Sailboat,749,788,191,273
201807011603_012,89,126,Sailboat,787,876,172,298
201807011603_013,75,190,Sailboat,861,936,116,306
201807011603_014,135,190,Miscboat,1008,1143,134,324
201807011603_010,22,22,Passengership,300,322,249,271
201807011603_011,30,32,Passengership,415,445,238,270
201807011603_012,55,37,Passengership,328,383,239,276
201807011603_013,87,58,Passengership,171,258,237,295
201807011603_014,65,97,Passengership,1,66,231,328
201807011603_010,22,19,Passengership,322,344,249,268
201807011603_011,39,27,Passengership,443,482,241,268
201807011603_012,53,37,Passengership,389,442,238,275
201807011603_013,68,43,Passengership,294,362,238,281
201807011603_014,103,51,Passengership,246,349,233,284
201807011603_011,56,18,Ferry,604,660,248,266
201807011603_012,79,23,Ferry,518,597,247,270
201807011603_013,105,37,Ferry,362,467,247,284
201807011603_011,36,75,Sailboat,479,515,188,263
201807011603_012,41,92,Sailboat,443,484,174,266
201807011603_014,42,156,Sailboat,407,449,121,277
201807011603_015,69,223,Sailboat,349,418,61,284
201807011603_016,49,180,Sailboat,302,351,114,294
201807011603_014,191,61,Ferry,143,334,244,305
201807011603_015,38,22,Motorboat,423,461,260,282
201807011603_016,61,35,Motorboat,229,290,269,304
201807011603_014,14,11,Motorboat,485,499,263,274
201807011603_015,25,17,Motorboat,480,505,255,272
201807011603_016,25,23,Motorboat,349,374,266,289
201807011603_015,147,208,Sailboat,851,998,88,296
201807011603_016,188,379,Sailboat,1092,1280,0,379
201807011603_017,73,383,Sailboat,1207,1280,1,384
201807011603_016,30,129,Sailboat,377,407,154,283
201807011603_017,46,31,Motorboat,302,348,265,296
201807011603_014,113,147,Sailboat,735,848,139,286
201807011603_015,93,275,Sailboat,847,940,58,333
201807011603_016,88,261,Sailboat,892,980,52,313
201807011603_017,138,272,Sailboat,985,1123,50,322
201807011603_014,52,102,Sailboat,620,672,174,276
201807011603_015,58,173,Sailboat,586,644,129,302
201807011603_016,69,279,Sailboat,408,477,57,336
201807011603_017,216,487,Sailboat,37,253,1,488
201807011603_016,9,8,Boat,572,581,261,269
201807011603_017,23,19,Boat,520,543,260,279
201807011603_018,110,48,Boat,20,130,319,367
201807011603_017,45,42,Miscboat,409,454,238,280
201807011603_018,70,65,Miscboat,230,300,236,301
201807011603_017,49,113,Sailboat,827,876,168,281
201807011603_018,117,174,Sailboat,857,974,121,295
201807011603_016,130,329,Sailboat,35,165,1,330
201807011603_017,133,340,Sailboat,1,134,1,341
201807011603_019,27,27,Miscboat,448,475,247,274
201807011603_020,34,35,Miscboat,398,432,245,280
201807011603_021,57,35,Miscboat,271,328,254,289
201807011603_022,91,74,Miscboat,163,254,240,314
201807011603_017,38,74,Sailboat,731,769,193,267
201807011603_018,42,82,Sailboat,709,751,187,269
201807011603_019,34,143,Sailboat,757,791,129,272
201807011603_020,67,192,Sailboat,779,846,88,280
201807011603_021,97,276,Sailboat,817,914,19,295
201807011603_022,213,317,Sailboat,979,1192,1,318
201807011603_020,36,17,Ferry,646,682,247,264
201807011603_021,34,11,Ferry,688,722,252,263
201807011603_022,37,12,Ferry,752,789,251,263
201807011603_023,32,20,Ferry,761,793,252,272
201807011603_024,70,21,Ferry,642,712,259,280
201807011603_025,90,38,Ferry,226,316,261,299
201807011603_026,100,203,Miscboat,1180,1280,289,492
201807011603_017,50,80,Sailboat,723,773,171,251
201807011603_018,64,111,Sailboat,688,752,145,256
201807011603_019,66,115,Sailboat,710,776,139,254
201807011603_020,68,118,Sailboat,720,788,133,251
201807011603_021,89,138,Sailboat,693,782,114,252
201807011603_022,92,169,Sailboat,766,858,92,261
201807011603_023,109,199,Sailboat,771,880,61,260
201807011603_024,142,257,Sailboat,760,902,1,258
201807011603_025,207,263,Sailboat,725,932,2,265
201807011603_026,361,322,Sailboat,833,1194,4,326
201807011603_027,244,357,Sailboat,1036,1280,1,358
201807011603_026,35,35,Militaryship,881,916,249,284
201807011603_027,66,56,Militaryship,1040,1106,252,308
201807011603_028,119,74,Militaryship,981,1100,254,328
201807011603_026,10,11,Boat,662,672,252,263
201807011603_027,25,18,Boat,668,693,256,274
201807011603_028,38,29,Boat,371,409,261,290
201807011603_026,53,68,Militaryship,876,929,195,263
201807011603_027,78,116,Militaryship,955,1033,167,283
201807011603_028,203,155,Militaryship,768,971,146,301
201807011603_029,366,315,Militaryship,915,1281,50,365
201807011603_026,98,75,Cruiseship,785,883,187,262
201807011603_027,108,89,Cruiseship,841,949,180,269
201807011603_028,171,135,Cruiseship,635,806,141,276
201807011603_029,239,177,Cruiseship,716,955,105,282
201807011603_030,443,338,Cruiseship,773,1216,2,340
201807011603_031,457,411,Cruiseship,825,1282,1,412
201807011603_029,41,61,Militaryship,677,718,203,264
201807011603_030,47,77,Militaryship,693,740,191,268
201807011603_031,58,95,Militaryship,660,718,176,271
201807011603_032,81,132,Militaryship,782,863,150,282
201807011603_033,161,240,Militaryship,882,1043,73,313
201807011603_036,134,197,Militaryship,1054,1188,126,323
201807011603_037,315,205,Cargoship,959,1274,193,398
201807011603_038,52,55,Militaryship,736,788,208,263
201807011603_039,79,61,Militaryship,744,823,205,266
201807011603_040,66,69,Militaryship,673,739,197,266
201807011603_041,82,85,Militaryship,409,491,190,275
201807011603_034,147,200,Miscboat,805,952,99,299
201807011603_035,80,111,Militaryship,974,1054,184,295
201807011603_032,50,70,Militaryship,750,800,202,272
201807011603_033,80,129,Militaryship,800,880,149,278
201807011603_029,40,61,Militaryship,703,743,209,270
201807011603_030,35,70,Militaryship,725,760,200,270
201807011603_031,63,98,Miscboat,699,762,179,277
201807011603_032,123,170,Militaryship,839,962,133,303
201807011603_029,14,12,Boat,584,598,254,266
201807011603_030,25,15,Boat,557,582,259,274
201807011603_031,24,15,Boat,416,440,268,283
201807011603_032,83,54,Boat,17,100,302,356
201807011603_035,31,18,Motorboat,896,927,246,264
201807011603_036,34,20,Motorboat,750,784,243,263
201807011603_037,44,19,Motorboat,460,504,249,268
201807011603_038,59,29,Motorboat,170,229,250,279
201807011603_039,54,32,Motorboat,60,114,253,285
201807011603_038,80,53,Militaryship,769,849,200,253
201807011603_039,101,66,Militaryship,772,873,196,262
201807011603_040,67,65,Militaryship,706,773,187,252
201807011603_041,74,71,Militaryship,454,528,184,255
201807011603_042,155,108,Militaryship,1,156,180,288
201807011603_041,8,14,Seamark,204,212,279,293
201807011603_042,9,15,Seamark,127,136,272,287
201807011603_043,3,7,Seamark,191,194,263,270
201807011603_043,6,13,Seamark,200,206,264,277
201807011603_044,5,8,Seamark,103,108,265,273
201807011603_040,5,10,Seamark,975,980,251,261
201807011603_041,7,17,Seamark,758,765,247,264
201807011603_042,8,19,Seamark,376,384,252,271
201807011603_043,6,15,Seamark,372,378,258,273
201807011603_044,10,24,Seamark,216,226,261,285
201807011603_045,10,33,Seamark,39,49,267,300
201807011603_044,4,12,Seamark,365,369,254,266
201807011603_045,9,14,Seamark,335,344,253,267
201807011603_046,32,30,Motorboat,164,196,243,273
201807011603_047,7,12,Seamark,248,255,257,269
201807011603_006,73,26,Boat,750,823,282,308
201807011603_006,108,42,Miscboat,0,108,257,299
201807011603_017,37,19,Boat,349,386,272,291
201807011603_024,150,59,Miscboat,1094,1244,254,313
201807011603_027,60,55,Miscboat,1109,1169,258,313
201807011603_015,136,279,Sailboat,930,1066,40,319
201807011603_018,198,330,Sailboat,1075,1273,20,350
201807011603_017,96,191,Sailboat,881,977,114,305
201807011603_000,195,140,Passengership,1,196,181,321
201807011603_015,209,115,Passengership,0,209,206,321
201807011603_026,291,82,Passengership,936,1227,264,346
201807011603_007,153,57,Motorboat,765,918,258,315
201807011603_008,69,70,Miscboat,1211,1280,261,331
201807011603_010,37,20,Boat,116,153,294,314
201807011603_016,127,44,Motorboat,956,1083,278,322
201807011603_017,68,36,Motorboat,220,288,271,307
201807011603_025,19,13,Boat,480,499,265,278
201807011603_041,67,34,Motorboat,155,222,253,287
201807011603_026,44,73,Militaryship,832,876,197,270
201807011603_035,270,406,Militaryship,1011,1281,1,407
201807011603_033,234,342,Militaryship,1046,1280,7,349
201807011603_028,170,99,Militaryship,1110,1280,256,355
201807011603_041,5,11,Seamark,631,636,253,264
201807011603_041,6,14,Seamark,700,706,254,268
201807011603_040,3,6,Seamark,826,829,250,256
201807011603_043,4,16,Seamark,248,252,266,282
201807011603_044,6,15,Seamark,182,188,264,279
201807011603_046,4,9,Seamark,151,155,257,266
201807011633_000,121,32,Militaryship,632,753,229,261
201807011633_001,118,83,Militaryship,884,1002,190,273
201807011633_002,81,51,Militaryship,977,1058,236,287
201807011633_003,87,55,Militaryship,960,1047,240,295
201807011633_004,105,206,Militaryship,1166,1271,126,332
201807011633_001,54,21,Passengership,528,582,241,262
201807011633_002,73,28,Passengership,511,584,231,259
201807011633_003,105,40,Passengership,261,366,228,268
201807011633_004,97,35,Passengership,89,186,243,278
201807011633_005,13,23,Seamark,885,898,269,292
201807011633_006,8,36,Seamark,953,961,272,308
201807011633_007,16,85,Seamark,1071,1087,279,364
201807011633_003,22,16,Motorboat,779,801,254,270
201807011633_004,22,18,Motorboat,748,770,250,268
201807011633_005,25,37,Motorboat,566,591,239,276
201807011633_006,31,26,Motorboat,513,544,254,280
201807011633_007,42,34,Motorboat,288,330,260,294
201807011633_005,96,72,Sailboat,667,763,207,279
201807011633_006,102,82,Sailboat,640,742,198,280
201807011633_007,116,120,Sailboat,477,593,180,300
201807011633_009,78,28,Miscboat,805,883,249,277
201807011633_010,117,36,Miscboat,1156,1273,249,285
201807011633_010,4,25,Seamark,277,281,256,281
201807011633_011,15,35,Seamark,96,111,259,294
201807011633_014,8,15,Seamark,796,804,244,259
201807011633_015,11,24,Seamark,538,549,243,267
201807011633_016,10,22,Seamark,523,533,230,252
201807011633_017,10,21,Seamark,531,541,239,260
201807011633_018,10,22,Seamark,294,304,247,269
201807011633_019,4,13,Seamark,237,241,260,273
201807011633_020,13,24,Seamark,169,182,256,280
201807011633_021,10,28,Seamark,89,99,259,287
201807011633_014,14,34,Seamark,905,919,245,279
201807011633_015,14,30,Seamark,689,703,250,280
201807011633_016,23,63,Seamark,789,812,248,311
201807011633_017,9,18,Seamark,847,856,238,256
201807011633_018,6,19,Seamark,655,661,243,262
201807011633_019,5,17,Seamark,655,660,248,265
201807011633_020,12,25,Seamark,681,693,245,270
201807011633_021,12,26,Seamark,721,733,247,273
201807011633_022,12,28,Seamark,724,736,252,280
201807011633_023,29,82,Seamark,681,710,236,318
201807011633_017,7,11,Seamark,566,573,244,255
201807011633_018,9,20,Seamark,336,345,246,266
201807011633_019,8,18,Seamark,303,311,250,268
201807011633_020,8,17,Seamark,291,299,250,267
201807011633_021,10,22,Seamark,281,291,252,274
201807011633_022,9,20,Seamark,207,216,256,276
201807011633_023,8,18,Seamark,50,58,263,281
201807011633_017,7,14,Seamark,773,780,239,253
201807011633_018,8,15,Seamark,583,591,243,258
201807011633_019,2,8,Seamark,576,578,250,258
201807011633_011,31,15,Boat,442,473,255,270
201807011633_012,25,13,Boat,727,752,254,267
201807011633_013,25,11,Motorboat,872,897,255,266
201807011633_014,27,21,Motorboat,603,630,250,271
201807011633_015,29,22,Boat,473,502,254,276
201807011633_016,31,23,Boat,569,600,236,259
201807011633_017,8,11,Boat,646,654,244,255
201807011633_018,9,12,Boat,451,460,249,261
201807011633_019,10,13,Boat,457,467,249,262
201807011633_020,8,10,Boat,497,505,249,259
201807011633_019,3,9,Seamark,556,559,251,260
201807011633_020,6,17,Seamark,568,574,245,262
201807011633_021,7,19,Seamark,590,597,245,264
201807011633_022,8,21,Seamark,552,560,246,267
201807011633_023,11,20,Seamark,450,461,249,269
201807011633_024,12,22,Seamark,533,545,248,270
201807011633_025,8,26,Seamark,492,500,250,276
201807011633_026,18,42,Seamark,272,290,254,296
201807011633_023,7,15,Seamark,508,515,247,262
201807011633_024,8,16,Seamark,618,626,246,262
201807011633_025,9,18,Seamark,595,604,245,263
201807011633_026,8,22,Seamark,459,467,249,271
201807011633_027,9,24,Seamark,435,444,253,277
201807011633_028,8,24,Seamark,280,288,256,280
201807011633_029,20,44,Seamark,262,282,253,297
201807011633_030,15,43,Seamark,231,246,260,303
201807011633_032,20,14,Motorboat,254,274,255,269
201807011633_033,22,15,Motorboat,497,519,246,261
201807011633_034,15,6,Motorboat,626,641,254,260
201807011633_035,33,20,Motorboat,440,473,254,274
201807011633_032,16,12,Boat,319,335,253,265
201807011633_033,18,13,Boat,579,597,244,257
201807011633_034,20,14,Boat,723,743,246,260
201807011633_035,17,11,Boat,593,610,252,263
201807011633_032,9,26,Seamark,223,232,263,289
201807011633_033,10,29,Seamark,480,490,254,283
201807011633_034,6,25,Seamark,661,667,260,285
201807011633_035,10,36,Seamark,598,608,261,297
201807011633_036,9,42,Seamark,211,220,269,311
201807011633_049,113,199,Cargoship,4,117,83,282
201807011633_050,91,166,Cargoship,1,92,135,301
201807011633_051,139,122,Cargoship,0,139,157,279
201807011633_052,182,51,Cargoship,789,971,199,250
201807011633_053,184,54,Cargoship,741,925,206,260
201807011633_054,182,53,Cargoship,792,974,213,266
201807011633_055,43,48,Cargoship,866,909,220,268
201807011633_064,25,11,Motorboat,125,150,275,286
201807011633_065,37,19,Motorboat,386,423,263,282
201807011633_001,45,14,Boat,388,433,252,266
201807011633_001,29,10,Boat,435,464,253,263
201807011633_001,29,9,Boat,477,506,254,263
201807011633_004,33,13,Boat,641,674,258,271
201807011633_009,102,57,Boat,1157,1259,227,284
201807011633_009,55,23,Boat,968,1023,254,277
201807011633_010,93,62,Boat,1057,1150,222,284
201807011633_035,10,11,Boat,751,761,248,259
201807011633_038,16,13,Boat,78,94,266,279
201807011633_056,9,10,Boat,565,574,263,273
201807011633_009,29,15,Motorboat,1037,1066,272,287
201807011633_040,29,12,Motorboat,44,73,275,287
201807011633_002,11,29,Seamark,124,135,254,283
201807011633_009,14,126,Seamark,1223,1237,320,446
201807011633_014,11,25,Seamark,331,342,248,273
201807011633_014,5,13,Seamark,997,1002,246,259
201807011633_014,3,14,Seamark,976,979,246,260
201807011633_014,5,13,Seamark,1014,1019,248,261
201807011633_017,5,11,Seamark,794,799,240,251
201807011633_029,8,17,Seamark,464,472,255,272
201807011633_000,245,77,Cargoship,1036,1281,198,275
201807011703_000,33,14,Motorboat,921,954,274,288
201807011703_001,30,10,Motorboat,1183,1213,292,302
201807011703_007,9,21,Seamark,1204,1213,276,297
201807011703_008,14,28,Seamark,597,611,254,282
201807011703_009,16,30,Seamark,686,702,257,287
201807011703_010,16,45,Seamark,822,838,257,302
201807011703_011,30,78,Seamark,943,973,253,331
201807011703_012,33,128,Seamark,1192,1225,271,399
201807011703_008,8,14,Seamark,894,902,264,278
201807011703_009,9,15,Seamark,1020,1029,269,284
201807011703_010,7,16,Seamark,1166,1173,272,288
201807011703_011,7,19,Seamark,1267,1274,276,295
201807011703_008,8,14,Seamark,639,647,257,271
201807011703_009,8,15,Seamark,730,738,256,271
201807011703_010,7,14,Seamark,845,852,260,274
201807011703_011,7,19,Seamark,917,924,261,280
201807011703_012,4,16,Seamark,864,868,265,281
201807011703_013,7,21,Seamark,315,322,256,277
201807011703_014,17,28,Seamark,185,202,255,283
201807011703_015,11,30,Seamark,121,132,257,287
201807011703_008,13,21,Seamark,260,273,254,275
201807011703_009,10,18,Seamark,283,293,256,274
201807011703_010,10,26,Seamark,311,321,254,280
201807011703_011,13,33,Seamark,291,304,254,287
201807011703_012,13,39,Seamark,90,103,255,294
201807011703_008,19,10,Boat,679,698,265,275
201807011703_009,12,10,Boat,868,880,268,278
201807011703_010,11,9,Boat,1062,1073,275,284
201807011703_011,15,11,Boat,1195,1210,280,291
201807011703_012,13,11,Boat,1224,1237,284,295
201807011703_013,12,10,Boat,789,801,270,280
201807011703_014,11,11,Boat,772,783,266,277
201807011703_015,10,7,Boat,860,870,274,281
201807011703_016,12,11,Boat,750,762,268,279
201807011703_017,12,12,Boat,680,692,265,277
201807011703_018,11,10,Boat,660,671,263,273
201807011703_019,10,9,Boat,652,662,264,273
201807011703_020,15,10,Boat,667,682,265,275
201807011703_021,12,10,Boat,696,708,265,275
201807011703_022,11,9,Boat,726,737,265,274
201807011703_023,12,12,Boat,730,742,266,278
201807011703_024,12,11,Boat,687,699,267,278
201807011703_025,11,10,Boat,715,726,267,277
201807011703_026,13,12,Boat,647,660,264,276
201807011703_013,6,10,Seamark,969,975,270,280
201807011703_014,7,11,Seamark,942,949,266,277
201807011703_015,4,11,Seamark,1009,1013,272,283
201807011703_016,6,13,Seamark,883,889,265,278
201807011703_017,9,14,Seamark,811,820,262,276
201807011703_018,8,19,Seamark,787,795,257,276
201807011703_019,7,17,Seamark,759,766,259,276
201807011703_020,13,22,Seamark,754,767,257,279
201807011703_021,8,23,Seamark,766,774,256,279
201807011703_022,10,26,Seamark,795,805,260,286
201807011703_023,17,39,Seamark,795,812,260,299
201807011703_024,16,50,Seamark,774,790,261,311
201807011703_025,37,107,Seamark,886,923,261,368
201807011703_025,6,15,Seamark,757,763,260,275
201807011703_026,10,20,Seamark,660,670,258,278
201807011703_027,12,31,Seamark,765,777,256,287
201807011703_028,11,28,Seamark,743,754,258,286
201807011703_029,14,36,Seamark,742,756,258,294
201807011703_030,15,40,Seamark,770,785,263,303
201807011703_031,32,99,Seamark,971,1003,257,356
201807011703_032,83,82,Cruiseship,81,164,202,284
201807011703_034,15,39,Seamark,802,817,270,309
201807011703_035,50,116,Seamark,1016,1066,293,409
201807011703_013,9,24,Seamark,850,859,265,289
201807011703_014,16,29,Seamark,836,852,262,291
201807011703_015,12,37,Seamark,965,977,268,305
201807011703_016,18,51,Seamark,921,939,265,316
201807011703_017,46,122,Seamark,1116,1162,260,382
201807011703_015,36,52,Seamark,953,989,254,306
201807011703_018,9,18,Seamark,370,379,253,271
201807011703_019,5,13,Seamark,304,309,256,269
201807011703_020,10,20,Seamark,249,259,253,273
201807011703_021,8,23,Seamark,196,204,253,276
201807011703_022,8,19,Seamark,103,111,260,279
201807011703_023,6,11,Seamark,982,988,266,277
201807011703_024,8,16,Seamark,912,920,262,278
201807011703_025,7,15,Seamark,892,899,261,276
201807011703_026,6,14,Seamark,811,817,260,274
201807011703_027,6,12,Seamark,924,930,266,278
201807011703_028,5,11,Seamark,908,913,265,276
201807011703_029,10,16,Seamark,906,916,260,276
201807011703_030,9,15,Seamark,917,926,262,277
201807011703_031,8,14,Seamark,1038,1046,267,281
201807011703_032,10,21,Seamark,978,988,266,287
201807011703_033,9,26,Seamark,861,870,264,290
201807011703_034,10,30,Seamark,767,777,257,287
201807011703_035,26,53,Seamark,809,835,254,307
201807011703_036,31,98,Seamark,968,999,260,358
201807011703_037,6,46,Seamark,1096,1102,286,332
201807011703_035,9,19,Seamark,997,1006,272,291
201807011703_036,11,16,Seamark,1120,1131,275,291
201807011703_037,10,15,Seamark,1001,1011,266,281
201807011703_038,9,14,Seamark,872,881,265,279
201807011703_039,9,20,Seamark,908,917,264,284
201807011703_040,8,18,Seamark,861,869,266,284
201807011703_041,10,26,Seamark,956,966,266,292
201807011703_017,5,8,Seamark,919,924,265,273
201807011703_018,6,9,Seamark,889,895,263,272
201807011703_019,7,10,Seamark,857,864,262,272
201807011703_020,7,14,Seamark,858,865,258,272
201807011703_021,8,15,Seamark,863,871,258,273
201807011703_022,6,10,Seamark,875,881,263,273
201807011703_023,7,14,Seamark,851,858,262,276
201807011703_014,17,25,Cruiseship,954,971,247,272
201807011703_015,19,28,Cruiseship,997,1016,248,276
201807011703_016,21,31,Cruiseship,853,874,242,273
201807011703_017,17,28,Cruiseship,767,784,240,268
201807011703_018,17,29,Cruiseship,722,739,235,264
201807011703_019,18,31,Cruiseship,679,697,232,263
201807011703_020,25,34,Cruiseship,663,688,233,267
201807011703_021,18,30,Cruiseship,660,678,233,263
201807011703_022,20,34,Cruiseship,649,669,229,263
201807011703_023,22,39,Cruiseship,591,613,227,266
201807011703_024,21,35,Cruiseship,497,518,231,266
201807011703_025,23,39,Cruiseship,445,468,226,265
201807011703_026,26,43,Cruiseship,320,346,226,269
201807011703_027,23,42,Cruiseship,398,421,225,267
201807011703_028,34,63,Cruiseship,339,373,210,273
201807011703_029,32,55,Cruiseship,301,333,216,271
201807011703_030,18,51,Cruiseship,255,273,216,267
201807011703_031,24,68,Cruiseship,288,312,206,274
201807011703_026,47,15,Passengership,754,801,255,270
201807011703_027,40,17,Passengership,752,792,256,273
201807011703_028,50,21,Passengership,642,692,250,271
201807011703_029,72,25,Passengership,520,592,252,277
201807011703_030,104,30,Passengership,262,366,252,282
201807011703_026,76,38,Militaryship,980,1056,234,272
201807011703_027,85,33,Militaryship,1097,1182,247,280
201807011703_028,97,37,Militaryship,1084,1181,242,279
201807011703_029,88,46,Militaryship,1102,1190,237,283
201807011703_030,93,43,Militaryship,1124,1217,240,283
201807011703_028,10,12,Motorboat,776,786,266,278
201807011703_029,11,11,Motorboat,779,790,269,280
201807011703_014,67,17,Cruiseship,944,1011,251,268
201807011703_015,73,18,Cruiseship,981,1054,253,271
201807011703_016,79,19,Cruiseship,835,914,250,269
201807011703_017,65,20,Cruiseship,747,812,243,263
201807011703_018,71,21,Cruiseship,699,770,241,262
201807011703_019,82,24,Cruiseship,652,734,242,266
201807011703_020,75,20,Cruiseship,646,721,239,259
201807011703_021,85,22,Cruiseship,633,718,242,264
201807011703_022,93,23,Cruiseship,618,711,241,264
201807011703_023,86,24,Cruiseship,562,648,234,258
201807011703_024,102,28,Cruiseship,457,559,235,263
201807011703_025,126,34,Cruiseship,396,522,232,266
201807011703_026,91,26,Cruiseship,309,400,234,260
201807011703_027,126,36,Cruiseship,369,495,231,267
201807011703_028,166,47,Cruiseship,300,466,224,271
201807011703_029,76,28,Cruiseship,336,412,231,259
201807011703_030,87,32,Cruiseship,298,385,228,260
201807011703_031,101,37,Cruiseship,354,455,224,261
201807011703_032,134,35,Cruiseship,162,296,226,261
201807011703_031,24,17,Passengership,1138,1162,265,282
201807011703_032,32,21,Passengership,960,992,260,281
201807011703_033,34,22,Passengership,718,752,255,277
201807011703_034,73,38,Passengership,394,467,245,283
201807011703_035,40,25,Passengership,331,371,258,283
201807011703_036,51,25,Passengership,192,243,260,285
201807011703_026,5,11,Seamark,769,774,261,272
201807011703_027,6,12,Seamark,881,887,265,277
201807011703_028,7,13,Seamark,862,869,261,274
201807011703_029,6,12,Seamark,865,871,266,278
201807011703_030,7,13,Seamark,878,885,265,278
201807011703_031,7,16,Seamark,1000,1007,267,283
201807011703_032,10,19,Seamark,956,966,272,291
201807011703_032,60,47,Militaryship,1221,1281,245,292
201807011703_033,121,67,Militaryship,1138,1259,225,292
201807011703_034,179,99,Militaryship,1079,1258,204,303
201807011703_035,73,88,Militaryship,1208,1281,210,298
201807011703_034,10,42,Sailboat,945,955,233,275
201807011703_035,18,59,Sailboat,951,969,224,283
201807011703_036,19,68,Sailboat,944,963,216,284
201807011703_037,42,138,Sailboat,540,582,156,294
201807011703_037,6,17,Seamark,1010,1016,266,283
201807011703_038,10,23,Seamark,908,918,263,286
201807011703_039,10,24,Seamark,1010,1020,273,297
201807011703_040,14,36,Seamark,1086,1100,282,318
201807011703_038,54,18,Motorboat,958,1012,259,277
201807011703_039,66,12,Motorboat,1020,1086,271,283
201807011703_040,85,21,Motorboat,997,1082,264,285
201807011703_041,102,32,Motorboat,1124,1226,263,295
201807011703_038,60,20,Passengership,976,1036,263,283
201807011703_039,60,21,Passengership,1057,1117,270,291
201807011703_032,12,11,Motorboat,1014,1026,274,285
201807011703_033,13,12,Motorboat,983,996,272,284
201807011703_034,10,8,Motorboat,974,984,272,280
201807011703_035,12,13,Motorboat,1077,1089,274,287
201807011703_036,13,14,Motorboat,1169,1182,277,291
201807011703_037,10,11,Motorboat,936,946,270,281
201807011703_038,14,14,Motorboat,807,821,266,280
201807011703_039,15,15,Motorboat,838,853,263,278
201807011703_040,11,10,Motorboat,763,774,266,276
201807011703_041,15,17,Motorboat,833,848,264,281
201807011703_043,36,13,Motorboat,621,657,267,280
201807011703_044,24,24,Motorboat,1256,1280,284,308
201807011703_041,7,10,Seamark,514,521,262,272
201807011703_042,8,11,Seamark,717,725,266,277
201807011703_043,13,17,Seamark,991,1004,266,283
201807011703_044,24,29,Seamark,1114,1138,268,297
201807011703_042,25,31,Cargoship,201,226,248,279
201807011703_043,34,41,Cargoship,343,377,239,280
201807011703_044,61,85,Cargoship,204,265,207,292
201807011703_045,130,90,Cargoship,0,130,229,319
201807011703_046,90,130,Militaryship,263,353,158,288
201807011703_047,184,221,Militaryship,66,250,99,320
201807011703_048,124,188,Militaryship,150,274,115,303
201807011703_049,181,305,Militaryship,0,181,32,337
201807011703_044,18,14,Motorboat,292,310,262,276
201807011703_045,27,15,Motorboat,474,501,276,291
201807011703_048,45,112,Militaryship,279,324,179,291
201807011703_049,136,160,Militaryship,161,297,149,309
201807011703_047,35,69,Cruiseship,252,287,205,274
201807011703_048,73,85,Cruiseship,332,405,193,278
201807011703_049,98,150,Cruiseship,364,462,133,283
201807011703_050,141,129,Cruiseship,320,461,159,288
201807011703_051,278,189,Cruiseship,61,339,116,305
201807011703_052,185,331,Cruiseship,-4,181,1,332
201807011703_052,8,34,Motorboat,505,513,235,269
201807011703_053,11,15,Motorboat,512,523,258,273
201807011703_054,18,19,Motorboat,544,562,259,278
201807011703_055,32,26,Motorboat,476,508,266,292
201807011703_056,63,23,Motorboat,366,429,262,285
201807011703_057,78,33,Motorboat,256,334,265,298
201807011703_058,136,57,Motorboat,31,167,272,329
201807011703_049,27,41,Militaryship,462,489,230,271
201807011703_050,36,59,Militaryship,461,497,217,276
201807011703_051,47,67,Militaryship,370,417,213,280
201807011703_052,84,100,Militaryship,267,351,190,290
201807011703_053,123,137,Militaryship,137,260,171,308
201807011703_054,163,204,Militaryship,1,164,116,320
201807011703_052,15,11,Boat,459,474,268,279
201807011703_053,27,18,Boat,380,407,274,292
201807011703_051,36,50,Militaryship,332,368,229,279
201807011703_052,90,108,Militaryship,173,263,187,295
201807011703_053,31,17,Motorboat,441,472,258,275
201807011703_054,37,19,Motorboat,462,499,261,280
201807011703_056,24,36,Sailboat,454,478,232,268
201807011703_057,38,49,Sailboat,414,452,226,275
201807011703_058,33,43,Sailboat,406,439,227,270
201807011703_059,33,42,Sailboat,532,565,228,270
201807011703_060,45,66,Sailboat,501,546,208,274
201807011703_061,45,66,Sailboat,472,517,206,272
201807011703_062,47,69,Sailboat,492,539,203,272
201807011703_063,69,103,Sailboat,445,514,179,282
201807011703_064,78,117,Sailboat,481,559,165,282
201807011703_065,100,150,Sailboat,348,448,136,286
201807011703_066,123,184,Sailboat,283,406,109,293
201807011703_067,163,270,Sailboat,148,311,41,311
201807011703_068,105,234,Sailboat,55,160,89,323
201807011703_069,115,256,Sailboat,86,201,84,340
201807011703_070,126,321,Sailboat,99,225,11,332
201807011703_055,47,13,Boat,890,937,276,289
201807011703_056,83,46,Boat,988,1071,268,314
201807011703_057,92,53,Boat,1185,1277,289,342
201807011703_056,75,29,Miscboat,289,364,266,295
201807011703_057,132,54,Miscboat,83,215,257,311
201807011703_053,19,8,Ferry,487,506,255,263
201807011703_054,20,8,Ferry,526,546,256,264
201807011703_055,22,9,Ferry,530,552,254,263
201807011703_056,25,9,Ferry,505,530,256,265
201807011703_047,45,98,Sailboat,253,298,165,263
201807011703_048,51,106,Sailboat,407,458,157,263
201807011703_049,42,130,Sailboat,488,530,137,267
201807011703_050,89,145,Sailboat,470,559,124,269
201807011703_051,87,164,Sailboat,409,496,103,267
201807011703_052,90,180,Sailboat,376,466,93,273
201807011703_053,143,243,Sailboat,312,455,36,279
201807011703_054,179,281,Sailboat,272,451,1,282
201807011703_055,242,291,Sailboat,181,423,1,292
201807011703_056,317,321,Sailboat,1,318,1,322
201807011703_057,116,320,Sailboat,5,121,6,326
201807011703_053,12,9,Boat,595,607,264,273
201807011703_054,13,9,Boat,613,626,265,274
201807011703_055,12,8,Boat,613,625,264,272
201807011703_056,11,7,Boat,592,603,266,273
201807011703_057,12,8,Boat,576,588,267,275
201807011703_058,11,7,Boat,548,559,266,273
201807011703_059,14,9,Boat,698,712,269,278
201807011703_060,12,6,Boat,674,686,273,279
201807011703_061,12,12,Boat,642,654,266,278
201807011703_062,17,13,Boat,681,698,267,280
201807011703_063,16,12,Boat,678,694,279,291
201807011703_064,16,13,Boat,752,768,273,286
201807011703_065,18,11,Boat,700,718,275,286
201807011703_066,23,16,Boat,699,722,274,290
201807011703_067,21,15,Boat,721,742,276,291
201807011703_068,28,18,Boat,648,676,276,294
201807011703_069,29,19,Boat,616,645,277,296
201807011703_070,25,20,Boat,714,739,280,300
201807011703_071,30,23,Boat,717,747,284,307
201807011703_072,33,26,Boat,835,868,286,312
201807011703_073,36,30,Boat,853,889,290,320
201807011703_074,49,36,Boat,881,930,297,333
201807011703_075,59,26,Boat,951,1010,317,343
201807011703_076,167,56,Boat,544,711,325,381
201807011703_056,16,23,Motorboat,642,658,251,274
201807011703_057,20,28,Motorboat,634,654,249,277
201807011703_058,22,28,Motorboat,646,668,251,279
201807011703_059,30,40,Motorboat,803,833,246,286
201807011703_060,47,33,Motorboat,839,886,262,295
201807011703_061,65,60,Motorboat,914,979,254,314
201807011703_059,45,125,Sailboat,464,509,152,277
201807011703_060,66,186,Sailboat,356,422,103,289
201807011703_061,106,257,Sailboat,220,326,41,298
201807011703_062,157,336,Sailboat,1,158,1,337
201807011703_062,41,67,Sailboat,428,469,211,278
201807011703_063,45,75,Sailboat,377,422,209,284
201807011703_064,48,27,Sailboat,349,397,265,292
201807011703_065,121,61,Sailboat,1,122,270,331
201807011703_058,18,27,Miscboat,575,593,242,269
201807011703_059,24,33,Miscboat,714,738,240,273
201807011703_060,23,32,Miscboat,702,725,240,272
201807011703_061,27,36,Miscboat,694,721,239,275
201807011703_062,40,37,Miscboat,753,793,245,282
201807011703_063,45,45,Miscboat,779,824,251,296
201807011703_064,71,73,Miscboat,900,971,232,305
201807011703_065,165,143,Miscboat,992,1157,207,350
201807011703_062,18,16,Motorboat,713,731,261,277
201807011703_063,20,18,Motorboat,722,742,265,283
201807011703_064,21,19,Motorboat,820,841,267,286
201807011703_065,31,28,Motorboat,809,840,268,296
201807011703_066,44,32,Motorboat,869,913,274,306
201807011703_067,83,57,Motorboat,1023,1106,288,345
201807011703_065,130,225,Sailboat,71,201,88,313
201807011703_066,107,241,Sailboat,81,188,72,313
201807011703_065,58,133,Sailboat,190,248,176,309
201807011703_066,73,177,Sailboat,1,74,147,324
201807011703_056,11,34,Sailboat,551,562,232,266
201807011703_057,12,37,Sailboat,537,549,230,267
201807011703_058,13,41,Sailboat,540,553,225,266
201807011703_059,16,56,Sailboat,679,695,212,268
201807011703_060,18,62,Sailboat,657,675,208,270
201807011703_061,20,68,Sailboat,643,663,202,270
201807011703_062,17,70,Sailboat,688,705,200,270
201807011703_063,17,69,Sailboat,688,705,202,271
201807011703_064,14,91,Sailboat,770,784,187,278
201807011703_065,21,123,Sailboat,724,745,158,281
201807011703_066,27,143,Sailboat,748,775,138,281
201807011703_067,35,178,Sailboat,792,827,112,290
201807011703_065,68,23,Ferry,614,682,253,276
201807011703_066,51,23,Ferry,663,714,249,272
201807011703_067,69,31,Ferry,701,770,249,280
201807011703_068,81,31,Ferry,682,763,246,277
201807011703_069,84,45,Ferry,718,802,243,288
201807011703_062,18,46,Sailboat,706,724,224,270
201807011703_064,14,66,Sailboat,806,820,217,283
201807011703_065,26,86,Sailboat,785,811,205,291
201807011703_066,24,130,Sailboat,838,862,165,295
201807011703_068,72,53,Motorboat,1034,1106,293,346
201807011703_065,19,120,Sailboat,761,780,165,285
201807011703_066,34,172,Sailboat,797,831,133,305
201807011703_067,37,187,Sailboat,867,904,117,304
201807011703_068,80,290,Sailboat,938,1018,48,338
201807011703_068,54,240,Sailboat,801,855,62,302
201807011703_069,82,315,Sailboat,888,970,1,316
201807011703_070,203,216,Passengership,998,1201,129,345
201807011703_071,114,83,Passengership,960,1074,222,305
201807011703_065,15,11,Boat,769,784,280,291
201807011703_066,16,12,Boat,813,829,287,299
201807011703_067,25,15,Boat,916,941,305,320
201807011703_068,56,28,Boat,1106,1162,350,378
201807011703_065,23,27,Motorboat,513,536,238,265
201807011703_066,44,17,Motorboat,511,555,259,276
201807011703_067,21,19,Motorboat,516,537,264,283
201807011703_068,37,33,Motorboat,421,458,268,301
201807011703_069,142,72,Motorboat,95,237,302,374
201807011703_065,21,26,Motorboat,743,764,256,282
201807011703_066,26,33,Motorboat,772,798,257,290
201807011703_067,27,27,Motorboat,839,866,269,296
201807011703_068,45,41,Motorboat,884,929,273,314
201807011703_069,103,62,Motorboat,1048,1151,294,356
201807011703_069,57,26,Motorboat,977,1034,306,332
201807011703_065,38,74,Sailboat,471,509,204,278
201807011703_066,25,91,Sailboat,471,496,189,280
201807011703_067,27,99,Sailboat,457,484,181,280
201807011703_068,29,104,Sailboat,393,422,177,281
201807011703_071,121,89,Miscboat,61,182,234,323
201807011703_068,100,162,Sailboat,263,363,132,294
201807011703_069,106,153,Sailboat,236,342,143,296
201807011703_070,151,305,Sailboat,1,152,33,338
201807011703_063,44,14,Ferry,545,589,261,275
201807011703_064,53,14,Ferry,640,693,258,272
201807011703_070,159,44,Ferry,842,1001,259,303
201807011703_071,309,106,Ferry,960,1269,253,359
201807011703_072,176,154,Passengership,1091,1267,190,344
201807011703_073,84,238,Passengership,1198,1282,126,364
201807011703_071,43,62,Passengership,924,967,243,305
201807011703_072,93,50,Passengership,971,1064,261,311
201807011703_070,25,17,Passengership,584,609,254,271
201807011703_071,28,21,Passengership,523,551,250,271
201807011703_072,45,19,Passengership,468,513,254,273
201807011703_073,43,36,Passengership,413,456,242,278
201807011703_074,62,69,Passengership,320,382,221,290
201807011703_075,121,100,Passengership,112,233,200,300
201807011703_071,21,16,Motorboat,560,581,272,288
201807011703_072,42,37,Motorboat,307,349,296,333
201807011703_071,95,49,Passengership,274,369,246,295
201807011703_072,175,76,Passengership,1,176,240,316
201807011703_071,22,45,Miscboat,855,877,244,289
201807011703_072,40,27,Miscboat,923,963,271,298
201807011703_073,74,74,Miscboat,1047,1121,255,329
201807011703_071,22,17,Miscboat,802,824,262,279
201807011703_072,33,21,Miscboat,818,851,262,283
201807011703_073,48,27,Miscboat,851,899,264,291
201807011703_074,74,47,Miscboat,905,979,266,313
201807011703_071,53,87,Miscboat,877,930,211,298
201807011703_072,59,97,Miscboat,906,965,203,300
201807011703_073,74,122,Miscboat,939,1013,186,308
201807011703_074,81,138,Miscboat,1007,1088,190,328
201807011703_070,35,40,Passengership,534,569,233,273
201807011703_071,59,50,Passengership,434,493,227,277
201807011703_072,67,61,Passengership,356,423,218,279
201807011703_073,95,94,Passengership,233,328,201,295
201807011703_074,145,150,Passengership,1,146,181,331
201807011703_071,34,13,Motorboat,688,722,259,272
201807011703_072,61,23,Motorboat,636,697,251,274
201807011703_073,61,23,Motorboat,593,654,251,274
201807011703_074,72,28,Motorboat,520,592,251,279
201807011703_075,130,41,Motorboat,363,493,256,297
201807011703_076,42,26,Motorboat,310,352,259,285
201807011703_071,23,50,Miscboat,822,845,238,288
201807011703_072,31,61,Miscboat,855,886,225,286
201807011703_073,46,83,Miscboat,899,945,217,300
201807011703_071,30,29,Passengership,596,626,241,270
201807011703_072,37,36,Passengership,562,599,238,274
201807011703_073,41,23,Passengership,532,573,245,268
201807011703_074,35,29,Passengership,488,523,246,275
201807011703_075,45,38,Passengership,438,483,240,278
201807011703_076,79,55,Passengership,386,465,225,280
201807011703_015,31,11,Motorboat,570,601,257,268
201807011703_042,53,22,Miscboat,1226,1279,275,297
201807011703_050,10,6,Boat,643,653,264,270
201807011703_054,70,31,Militaryship,245,315,260,291
201807011703_057,43,56,Miscboat,207,250,242,298
201807011703_066,35,48,Miscboat,1248,1283,332,380
201807011703_013,38,85,Sailboat,1243,1281,227,312
201807011703_044,50,78,Sailboat,1200,1250,216,294
201807011703_050,11,17,Sailboat,624,635,250,267
201807011703_068,84,206,Sailboat,151,235,104,310
201807011703_065,56,166,Sailboat,231,287,136,302
201807011703_065,27,54,Sailboat,490,517,217,271
201807011703_068,128,392,Sailboat,1144,1272,1,393
201807011703_067,52,236,Sailboat,946,998,88,324
201807011703_068,46,136,Sailboat,358,404,154,290
201807011703_070,83,214,Sailboat,273,356,92,306
201807011703_032,22,10,Passengership,750,772,265,275
201807011703_065,18,21,Passengership,537,555,247,268
201807011703_007,16,7,Boat,1214,1230,286,293
201807011703_054,33,48,Motorboat,1,34,315,363
201807011703_056,12,10,Boat,564,576,259,269
201807011703_064,55,17,Motorboat,299,354,279,296
201807011703_065,90,59,Motorboat,83,173,265,324
201807011703_038,149,65,Miscboat,1075,1224,243,308
201807011703_054,63,41,Militaryship,172,235,257,298
201807011703_046,175,196,Passengership,28,203,131,327
201807011703_055,129,103,Passengership,48,177,214,317
201807011703_052,36,15,Boat,642,678,258,273
201807011703_007,5,12,Seamark,1271,1276,280,292
201807011703_007,8,18,Seamark,249,257,257,275
201807011703_007,7,15,Seamark,945,952,266,281
201807011703_011,4,10,Seamark,1264,1268,276,286
201807011703_034,12,21,Seamark,1078,1090,276,297
201807011703_034,3,16,Seamark,926,929,265,281
201807011703_038,5,10,Seamark,899,904,264,274
201807011703_041,11,13,Seamark,912,923,264,277
201807011703_039,173,22,Miscboat,45,218,265,287
201807011703_032,17,46,Seamark,972,989,259,305
201807011703_033,16,43,Seamark,855,871,261,304
201807011703_014,7,13,Seamark,668,675,257,270
201807011703_015,8,14,Seamark,708,716,259,273
201807011703_016,6,12,Seamark,557,563,259,271
201807011703_017,8,16,Seamark,442,450,254,270
201807011703_065,22,25,Passengership,694,716,247,272
201807011703_066,51,34,Passengership,720,771,242,276
201807011703_067,61,41,Passengership,754,815,240,281
201807011703_068,62,42,Passengership,751,813,242,284
201807011703_069,79,56,Passengership,804,883,235,291
201807011703_067,34,26,Motorboat,910,944,280,306
201807011703_068,32,96,Sailboat,850,882,209,305
201807011703_069,78,58,Miscboat,349,427,235,293
201807011703_070,101,54,Miscboat,315,416,241,295
201807011703_055,25,39,Sailboat,467,492,229,268
201807011733_000,59,32,Miscboat,341,400,251,283
201807011733_001,109,66,Miscboat,-2,107,242,308
201807011733_000,65,53,Motorboat,1027,1092,268,321
201807011733_001,122,114,Motorboat,1162,1284,282,396
201807011733_000,38,19,Miscboat,407,445,260,279
201807011733_001,55,34,Miscboat,112,167,259,293
201807011733_003,73,39,Passengership,1177,1250,242,281
201807011733_004,103,49,Passengership,618,721,238,287
201807011733_005,156,88,Passengership,722,878,213,301
201807011733_004,15,12,Boat,282,297,276,288
201807011733_005,26,21,Boat,232,258,284,305
201807011733_005,35,38,Miscboat,106,141,265,303
201807011733_006,66,27,Miscboat,198,264,277,304
201807011733_005,21,21,Miscboat,139,160,273,294
201807011733_006,43,33,Miscboat,276,319,265,298
201807011733_007,56,48,Miscboat,106,162,275,323
201807011733_005,45,43,Miscboat,539,584,238,281
201807011733_006,60,47,Miscboat,869,929,236,283
201807011733_007,115,81,Miscboat,978,1093,223,304
201807011733_005,20,27,Miscboat,169,189,266,293
201807011733_006,47,20,Miscboat,347,394,268,288
201807011733_007,46,27,Miscboat,261,307,273,300
201807011733_007,28,34,Miscboat,374,402,252,286
201807011733_008,97,59,Miscboat,146,243,250,309
201807011733_005,28,24,Passengership,211,239,258,282
201807011733_006,31,27,Passengership,444,475,249,276
201807011733_007,38,33,Passengership,405,443,247,280
201807011733_008,81,65,Passengership,232,313,231,296
201807011733_009,43,71,Passengership,0,43,253,324
201807011733_005,29,24,Miscboat,189,218,265,289
201807011733_006,32,18,Miscboat,403,435,261,279
201807011733_007,52,30,Miscboat,323,375,260,290
201807011733_008,132,66,Miscboat,19,151,258,324
201807011733_005,34,16,Ferry,233,267,266,282
201807011733_006,36,17,Ferry,466,502,257,274
201807011733_007,64,22,Ferry,441,505,255,277
201807011733_008,67,50,Passengership,326,393,239,289
201807011733_009,107,39,Passengership,131,238,253,292
201807011733_008,109,35,Ferry,407,516,251,286
201807011733_009,147,43,Ferry,357,504,252,295
201807011733_008,49,39,Miscboat,781,830,244,283
201807011733_009,99,65,Miscboat,793,892,234,299
201807011733_008,97,66,Miscboat,861,958,233,299
201807011733_009,263,111,Miscboat,1018,1281,243,354
201807011733_005,20,49,Sailboat,394,414,225,274
201807011733_006,24,60,Sailboat,678,702,210,270
201807011733_007,27,70,Sailboat,684,711,203,273
201807011733_008,49,88,Sailboat,650,699,187,275
201807011733_009,77,126,Sailboat,589,666,159,285
201807011733_005,27,45,Sailboat,376,403,228,273
201807011733_006,31,52,Sailboat,655,686,214,266
201807011733_007,36,61,Sailboat,661,697,207,268
201807011733_008,46,88,Sailboat,635,681,188,276
201807011733_005,24,48,Sailboat,361,385,225,273
201807011733_006,21,44,Sailboat,641,662,217,261
201807011733_007,23,49,Sailboat,645,668,211,260
201807011733_008,24,71,Sailboat,612,636,199,270
201807011733_000,41,14,Motorboat,674,715,260,274
201807011733_003,134,63,Motorboat,499,633,265,328
201807011733_000,164,74,Passengership,178,342,221,295
201807011733_002,70,25,Motorboat,805,875,279,304
201807011733_000,77,43,Motorboat,0,77,270,313
201807021012_000,135,67,Passengership,64,199,243,310
201807021012_000,82,41,Passengership,283,365,243,284
201807021015_001,41,43,Passengership,863,904,235,278
201807021015_002,49,59,Passengership,216,265,232,291
201807021015_003,49,58,Passengership,612,661,228,286
201807021015_004,57,67,Passengership,841,898,223,290
201807021015_005,92,100,Passengership,888,980,197,297
201807021015_006,221,173,Passengership,1003,1224,153,326
201807021015_007,87,119,Miscboat,1070,1157,183,302
201807021015_001,25,28,Passengership,904,929,255,283
201807021015_002,35,31,Passengership,264,299,253,284
201807021015_003,29,37,Passengership,659,688,255,292
201807021015_004,58,55,Passengership,898,956,244,299
201807021015_005,89,102,Passengership,985,1074,209,311
201807021015_001,139,95,Passengership,1103,1242,221,316
201807021015_002,225,126,Passengership,535,760,192,318
201807021015_003,201,204,Passengership,1079,1280,205,409
201807021015_001,72,41,Passengership,1004,1076,256,297
201807021015_002,95,74,Passengership,386,481,223,297
201807021015_003,162,96,Passengership,781,943,227,323
201807021015_004,62,118,Passengership,1218,1280,258,376
201807021015_000,136,85,Motorboat,723,859,248,333
201807021015_001,165,97,Motorboat,114,279,249,346
201807021015_003,66,48,Motorboat,81,147,260,308
201807021015_004,128,86,Motorboat,46,174,241,327
201807021015_004,60,43,Miscboat,212,272,266,309
201807021015_005,99,53,Miscboat,33,132,275,328
201807021015_001,37,32,Passengership,933,970,256,288
201807021015_002,40,38,Passengership,298,338,249,287
201807021015_003,49,49,Passengership,691,740,249,298
201807021015_004,90,73,Passengership,956,1046,244,317
201807021015_005,151,140,Passengership,1100,1251,201,341
201807021015_004,40,23,Miscboat,398,438,266,289
201807021015_005,46,34,Miscboat,350,396,259,293
201807021015_006,81,56,Miscboat,99,180,270,326
201807021015_004,44,23,Miscboat,442,486,260,283
201807021015_005,56,31,Miscboat,403,459,258,289
201807021015_006,95,42,Miscboat,223,318,267,309
201807021015_004,28,27,Miscboat,486,514,252,279
201807021015_005,35,34,Miscboat,463,498,249,283
201807021015_006,62,38,Miscboat,317,379,258,296
201807021015_007,183,99,Miscboat,129,312,234,333
201807021015_004,28,28,Passengership,513,541,248,276
201807021015_005,41,35,Passengership,487,528,245,280
201807021015_006,55,47,Passengership,379,434,239,286
201807021015_007,114,80,Passengership,328,442,229,309
201807021015_004,64,18,Ferry,562,626,257,275
201807021015_005,72,20,Ferry,594,666,257,277
201807021015_006,93,29,Ferry,619,712,252,281
201807021015_007,134,47,Ferry,866,1000,247,294
201807021015_008,206,71,Ferry,999,1205,248,319
201807021015_005,41,28,Passengership,529,570,249,277
201807021015_006,54,37,Passengership,444,498,244,281
201807021015_007,84,59,Passengership,483,567,229,288
201807021015_008,158,192,Passengership,203,361,122,314
201807021015_009,160,174,Passengership,4,164,179,353
201807021015_008,84,31,Motorboat,864,948,266,297
201807021015_009,107,208,Sailboat,933,1040,111,319
201807021015_010,193,313,Sailboat,1057,1250,30,343
201807021015_007,27,126,Sailboat,591,618,151,277
201807021015_008,42,178,Sailboat,418,460,110,288
201807021015_009,78,271,Sailboat,309,387,38,309
201807021015_010,124,328,Sailboat,131,255,1,329
201807021015_011,79,269,Sailboat,125,204,55,324
201807021015_012,64,273,Sailboat,8,72,55,328
201807021015_013,79,76,Miscboat,264,343,226,302
201807021015_014,123,107,Miscboat,118,241,216,323
201807021015_010,115,40,Motorboat,950,1065,277,317
201807021015_011,153,56,Motorboat,1102,1255,293,349
201807021015_010,23,21,Motorboat,375,398,266,287
201807021015_011,46,30,Motorboat,203,249,278,308
201807021015_009,55,164,Sailboat,866,921,135,299
201807021015_010,67,202,Sailboat,901,968,109,311
201807021015_011,109,310,Sailboat,966,1075,20,330
201807021015_012,208,391,Sailboat,1072,1280,10,401
201807021015_010,23,25,Motorboat,421,444,258,283
201807021015_011,38,28,Motorboat,303,341,265,293
201807021015_012,57,38,Motorboat,101,158,273,311
201807021015_013,83,202,Sailboat,933,1016,106,308
201807021015_014,100,244,Sailboat,982,1082,75,319
201807021015_013,219,339,Sailboat,1062,1281,8,347
201807021015_014,149,320,Sailboat,1132,1281,27,347
201807021015_014,117,286,Sailboat,1068,1185,48,334
201807021015_014,13,7,Boat,836,849,271,278
201807021015_015,14,8,Boat,840,854,275,283
201807021015_016,29,21,Motorboat,975,1004,290,311
201807021015_017,55,32,Motorboat,1212,1267,321,353
201807021015_013,20,19,Motorboat,521,541,251,270
201807021015_014,22,25,Motorboat,507,529,247,272
201807021015_015,23,27,Motorboat,440,463,247,274
201807021015_016,40,49,Motorboat,334,374,237,286
201807021015_017,51,58,Motorboat,265,316,236,294
201807021015_018,52,68,Motorboat,3,55,261,329
201807021015_014,39,122,Sailboat,769,808,151,273
201807021015_015,52,163,Sailboat,743,795,123,286
201807021015_016,83,219,Sailboat,767,850,71,290
201807021015_017,101,285,Sailboat,824,925,18,303
201807021015_018,374,359,Sailboat,897,1271,1,360
201807021015_018,28,23,Militaryship,662,690,254,277
201807021015_019,39,24,Militaryship,635,674,255,279
201807021015_020,52,33,Militaryship,728,780,260,293
201807021015_021,58,41,Motorboat,904,962,276,317
201807021015_022,126,79,Militaryship,874,1000,189,268
201807021015_024,105,110,Militaryship,1176,1281,248,358
201807021015_018,68,154,Sailboat,687,755,101,255
201807021015_019,70,194,Sailboat,677,747,63,257
201807021015_020,88,260,Sailboat,781,869,1,261
201807021015_021,176,257,Sailboat,939,1115,3,260
201807021015_022,268,356,Sailboat,1012,1280,1,357
201807021015_023,160,117,Militaryship,746,906,168,285
201807021015_022,66,87,Militaryship,879,945,191,278
201807021015_024,304,206,Militaryship,865,1169,113,319
201807021015_021,61,71,Cruiseship,870,931,196,267
201807021015_022,49,107,Cruiseship,829,878,165,272
201807021015_023,92,170,Cruiseship,657,749,103,273
201807021015_024,178,146,Cruiseship,694,872,138,284
201807021015_025,371,325,Cruiseship,857,1228,1,326
201807021015_026,260,376,Cruiseship,1021,1281,1,377
201807021015_026,72,100,Militaryship,843,915,188,288
201807021015_027,114,70,Militaryship,904,1018,228,298
201807021015_028,238,272,Militaryship,1043,1281,74,346
201807021015_027,96,109,Militaryship,823,919,181,290
201807021015_028,159,209,Militaryship,884,1043,108,317
201807021015_029,300,315,Militaryship,956,1256,37,352
201807021015_031,78,126,Militaryship,850,928,176,302
201807021015_032,213,280,Militaryship,940,1153,95,375
201807021015_033,370,273,Cargoship,910,1280,182,455
201807021015_026,31,41,Sailboat,576,607,219,260
201807021015_027,33,44,Sailboat,550,583,216,260
201807021015_028,38,50,Sailboat,502,540,209,259
201807021015_029,39,54,Sailboat,462,501,207,261
201807021015_030,45,62,Sailboat,400,445,201,263
201807021015_031,51,73,Sailboat,255,306,193,266
201807021015_032,55,81,Sailboat,71,126,187,268
201807021015_031,23,48,Sailboat,610,633,222,270
201807021015_032,27,59,Sailboat,483,510,216,275
201807021015_033,34,74,Sailboat,362,396,209,283
201807021015_034,33,84,Sailboat,244,277,194,278
201807021015_031,38,18,Motorboat,647,685,252,270
201807021015_032,47,22,Motorboat,526,573,253,275
201807021015_033,64,29,Motorboat,409,473,253,282
201807021015_034,53,24,Motorboat,305,358,251,275
201807021015_035,62,31,Motorboat,72,134,261,292
201807021015_031,27,11,Motorboat,703,730,258,269
201807021015_032,31,12,Motorboat,595,626,261,273
201807021015_033,34,13,Motorboat,493,527,262,275
201807021015_034,37,17,Motorboat,391,428,258,275
201807021015_035,50,20,Motorboat,187,237,265,285
201807021015_035,60,62,Militaryship,794,854,201,263
201807021015_036,147,65,Militaryship,645,792,203,268
201807021015_037,81,78,Militaryship,341,422,194,272
201807021015_038,81,110,Militaryship,49,130,183,293
201807021015_037,5,12,Seamark,686,691,251,263
201807021015_038,6,16,Seamark,497,503,253,269
201807021015_039,22,27,Seamark,341,363,253,280
201807021015_040,8,23,Seamark,176,184,260,283
201807021015_041,9,32,Seamark,133,142,261,293
201807021015_041,4,10,Seamark,412,416,253,263
201807021015_042,6,8,Seamark,454,460,256,264
201807021015_043,5,7,Seamark,425,430,257,264
201807021015_044,5,9,Seamark,363,368,260,269
201807021015_045,15,13,Seamark,319,334,254,267
201807021015_046,6,11,Seamark,330,336,262,273
201807021015_047,8,14,Seamark,219,227,265,279
201807021015_048,16,31,Seamark,154,170,262,293
201807021015_049,8,20,Seamark,32,40,277,297
201807021015_045,157,43,Militaryship,768,925,227,270
201807021015_046,228,62,Militaryship,857,1085,220,282
201807021015_047,294,79,Militaryship,848,1142,211,290
201807021015_048,243,104,Militaryship,966,1209,174,278
201807021015_049,47,72,Militaryship,955,1002,199,271
201807021015_050,64,90,Militaryship,891,955,189,279
201807021015_051,91,145,Militaryship,903,994,166,311
201807021015_048,53,25,Passengership,461,514,240,265
201807021015_049,72,34,Passengership,392,464,238,272
201807021015_050,88,41,Passengership,218,306,237,278
201807021015_051,84,71,Passengership,59,143,219,290
201807021015_049,12,13,Motorboat,826,838,246,259
201807021015_050,13,14,Motorboat,703,716,249,263
201807021015_051,14,15,Motorboat,624,638,249,264
201807021015_052,22,22,Motorboat,786,808,249,271
201807021015_053,33,36,Motorboat,509,542,250,286
201807021015_053,83,156,Sailboat,694,777,138,294
201807021015_054,124,64,Sailboat,1,125,280,344
201807021015_056,5,15,Seamark,205,210,265,280
201807021015_057,19,23,Seamark,153,172,268,291
201807021015_056,9,30,Seamark,346,355,258,288
201807021015_057,14,51,Seamark,243,257,259,310
201807021015_058,7,15,Seamark,744,751,255,270
201807021015_059,6,20,Seamark,295,301,258,278
201807021015_058,8,21,Seamark,1234,1242,257,278
201807021015_059,11,29,Seamark,980,991,250,279
201807021015_012,190,64,Motorboat,982,1172,281,345
201807021015_021,79,83,Militaryship,962,1041,267,350
201807021015_030,57,108,Boat,1223,1280,284,392
201807021015_048,37,30,Miscboat,411,448,238,268
201807021015_010,39,166,Sailboat,337,376,129,295
201807021015_011,41,176,Sailboat,261,302,125,301
201807021015_011,105,223,Sailboat,779,884,77,300
201807021015_012,167,296,Sailboat,810,977,4,300
201807021015_018,51,166,Sailboat,365,416,143,309
201807021015_031,30,63,Sailboat,95,125,222,285
201807021015_031,27,42,Sailboat,177,204,231,273
201807021015_052,50,102,Sailboat,369,419,181,283
201807021015_055,49,218,Sailboat,1195,1244,80,298
201807021015_055,36,182,Sailboat,1119,1155,117,299
201807021015_001,28,27,Motorboat,594,622,258,285
201807021015_010,9,7,Boat,625,634,256,263
201807021015_031,16,8,Boat,360,376,268,276
201807021015_038,137,101,Militaryship,128,265,180,281
201807021015_005,56,104,Miscboat,200,256,204,308
201807021015_020,204,142,Miscboat,1066,1270,203,345
201807021015_031,78,15,Miscboat,394,472,259,274
201807021015_055,88,34,Miscboat,1031,1119,249,283
201807021015_055,100,46,Miscboat,876,976,237,283
201807021015_053,5,56,Seamark,1165,1170,284,340
201807021015_054,21,57,Seamark,182,203,290,347
201807021015_055,7,22,Seamark,96,103,272,294
201807021015_056,5,11,Seamark,1178,1183,253,264
201807021015_022,47,41,Miscboat,956,1003,252,293
201807021015_023,112,71,Miscboat,945,1057,249,320
201807021015_021,70,77,Miscboat,1065,1135,272,349
201807021015_008,14,60,Sailboat,501,515,215,275
201807021015_017,22,84,Sailboat,525,547,193,277
201807021045_001,5,15,Seamark,381,386,258,273
201807021045_002,6,16,Seamark,321,327,260,276
201807021045_003,12,24,Seamark,228,240,260,284
201807021045_004,7,24,Seamark,140,147,268,292
201807021045_005,8,26,Seamark,53,61,271,297
201807021045_001,6,13,Seamark,771,777,254,267
201807021045_002,4,16,Seamark,795,799,254,270
201807021045_003,9,22,Seamark,768,777,254,276
201807021045_004,10,23,Seamark,764,774,252,275
201807021045_005,11,26,Seamark,798,809,251,277
201807021045_006,14,42,Seamark,909,923,243,285
201807021045_007,21,71,Seamark,1160,1181,247,318
201807021045_001,4,7,Seamark,416,420,258,265
201807021045_002,11,23,Seamark,317,328,256,279
201807021045_003,4,9,Seamark,321,325,260,269
201807021045_004,4,11,Seamark,273,277,264,275
201807021045_007,6,16,Seamark,224,230,266,282
201807021045_008,6,18,Seamark,49,55,274,292
201807021045_009,11,33,Seamark,25,36,271,304
201807021045_002,7,8,Motorboat,607,614,251,259
201807021045_003,8,9,Motorboat,554,562,251,260
201807021045_004,10,11,Motorboat,514,524,252,263
201807021045_005,10,11,Motorboat,507,517,251,262
201807021045_006,15,19,Motorboat,553,568,244,263
201807021045_007,19,20,Motorboat,513,532,249,269
201807021045_008,35,33,Motorboat,317,352,249,282
201807021045_001,4,9,Seamark,652,656,255,264
201807021045_002,4,9,Seamark,649,653,255,264
201807021045_003,3,9,Seamark,605,608,255,264
201807021045_004,6,10,Seamark,574,580,256,266
201807021045_005,4,12,Seamark,577,581,254,266
201807021045_006,11,12,Seamark,638,649,254,266
201807021045_007,7,18,Seamark,655,662,253,271
201807021045_008,7,20,Seamark,589,596,256,276
201807021045_009,11,37,Seamark,773,784,250,287
201807021045_010,22,74,Seamark,1157,1179,250,324
201807021045_001,11,18,Seamark,650,661,247,265
201807021045_002,13,17,Seamark,646,659,248,265
201807021045_003,21,16,Seamark,599,620,249,265
201807021045_004,4,8,Seamark,590,594,255,263
201807021045_005,21,18,Seamark,567,588,249,267
201807021045_006,24,20,Seamark,633,657,248,268
201807021045_007,17,19,Seamark,648,665,252,271
201807021045_008,19,19,Seamark,582,601,255,274
201807021045_009,7,21,Seamark,806,813,250,271
201807021045_010,8,20,Seamark,1049,1057,251,271
201807021045_011,27,72,Sailboat,47,74,213,285
201807021045_012,31,79,Sailboat,101,132,204,283
201807021045_013,33,86,Sailboat,152,185,196,282
201807021045_014,37,100,Sailboat,142,179,186,286
201807021045_015,42,112,Sailboat,145,187,176,288
201807021045_016,46,125,Sailboat,147,193,165,290
201807021045_017,61,157,Sailboat,86,147,144,301
201807021045_018,64,130,Sailboat,40,104,180,310
201807021045_019,33,133,Sailboat,52,85,171,304
201807021045_020,35,136,Sailboat,614,649,155,291
201807021045_018,91,199,Sailboat,2,93,113,312
201807021045_019,68,32,Motorboat,40,108,284,316
201807021045_020,65,335,Sailboat,157,222,2,337
201807021045_011,32,72,Sailboat,21,53,216,288
201807021045_012,35,93,Sailboat,61,96,200,293
201807021045_013,42,101,Sailboat,117,159,189,290
201807021045_014,41,98,Sailboat,98,139,190,288
201807021045_015,46,115,Sailboat,88,134,178,293
201807021045_016,83,130,Sailboat,68,151,172,302
201807021045_017,79,124,Sailboat,8,87,181,305
201807021045_012,34,66,Sailboat,16,50,226,292
201807021045_013,42,76,Sailboat,37,79,215,291
201807021045_014,46,83,Sailboat,9,55,211,294
201807021045_013,11,12,Motorboat,773,784,252,264
201807021045_014,12,13,Motorboat,829,841,251,264
201807021045_015,13,14,Motorboat,924,937,251,265
201807021045_016,13,15,Motorboat,1036,1049,250,265
201807021045_017,16,16,Motorboat,1114,1130,254,270
201807021045_014,20,8,Motorboat,607,627,256,264
201807021045_015,20,8,Motorboat,684,704,257,265
201807021045_016,22,9,Motorboat,775,797,254,263
201807021045_017,24,9,Motorboat,829,853,258,267
201807021045_011,16,7,Motorboat,229,245,268,275
201807021045_012,18,8,Motorboat,315,333,264,272
201807021045_013,14,8,Motorboat,405,419,264,272
201807021045_014,14,8,Motorboat,430,444,263,271
201807021045_015,19,14,Motorboat,486,505,262,276
201807021045_016,29,12,Motorboat,544,573,261,273
201807021045_017,32,13,Motorboat,568,600,265,278
201807021045_018,41,19,Motorboat,585,626,263,282
201807021045_019,32,18,Motorboat,679,711,262,280
201807021045_011,21,7,Motorboat,75,96,277,284
201807021045_012,23,8,Motorboat,139,162,274,282
201807021045_013,24,8,Motorboat,195,219,271,279
201807021045_014,32,10,Motorboat,179,211,274,284
201807021045_015,35,11,Motorboat,185,220,276,287
201807021045_016,38,12,Motorboat,194,232,274,286
201807021045_017,44,91,Sailboat,147,191,210,301
201807021045_018,23,137,Sailboat,80,103,178,315
201807021045_020,40,232,Sailboat,395,435,88,320
201807021045_011,28,8,Motorboat,100,128,274,282
201807021045_012,31,9,Motorboat,166,197,270,279
201807021045_013,34,10,Motorboat,225,259,267,277
201807021045_014,41,12,Motorboat,213,254,271,283
201807021045_015,45,13,Motorboat,225,270,271,284
201807021045_016,50,14,Motorboat,241,291,268,282
201807021045_017,55,12,Motorboat,202,257,279,291
201807021045_018,67,21,Motorboat,118,185,279,300
201807021045_020,135,37,Motorboat,444,579,283,320
201807021045_022,6,12,Seamark,491,497,261,273
201807021045_023,7,13,Seamark,455,462,258,271
201807021045_024,8,14,Seamark,543,551,258,272
201807021045_025,7,17,Seamark,582,589,257,274
201807021045_026,5,21,Seamark,392,397,257,278
201807021045_027,15,29,Seamark,294,309,258,287
201807021045_028,10,27,Seamark,274,284,262,289
201807021045_029,12,34,Seamark,169,181,262,296
201807021045_022,6,9,Seamark,814,820,259,268
201807021045_023,6,21,Seamark,744,750,255,276
201807021045_024,14,31,Seamark,860,874,253,284
201807021045_025,9,26,Seamark,941,950,256,282
201807021045_026,9,32,Seamark,836,845,254,286
201807021045_027,16,45,Seamark,822,838,251,296
201807021045_028,18,55,Seamark,920,938,253,308
201807021045_029,22,79,Seamark,1028,1050,254,333
201807021045_030,25,152,Seamark,1255,1280,253,405
201807021045_026,3,11,Seamark,819,822,257,268
201807021045_027,3,12,Seamark,780,783,256,268
201807021045_028,5,12,Seamark,825,830,259,271
201807021045_029,4,10,Seamark,813,817,262,272
201807021045_030,9,23,Seamark,736,745,254,277
201807021045_031,8,20,Seamark,593,601,256,276
201807021045_032,4,22,Seamark,414,418,257,279
201807021045_033,13,33,Seamark,260,273,256,289
201807021045_031,8,21,Seamark,1088,1096,260,281
201807021045_032,5,18,Seamark,988,993,263,281
201807021045_033,12,34,Seamark,984,996,255,289
201807021045_034,16,47,Seamark,1024,1040,256,303
201807021045_035,32,97,Seamark,1114,1146,254,351
201807021045_032,18,8,Boat,832,850,255,263
201807021045_033,20,9,Boat,757,777,254,263
201807021045_034,22,10,Boat,631,653,254,264
201807021045_035,36,10,Boat,357,393,257,267
201807021045_037,8,19,Seamark,717,725,254,273
201807021045_038,5,21,Seamark,716,721,258,279
201807021045_039,14,42,Seamark,692,706,254,296
201807021045_040,21,60,Seamark,740,761,255,315
201807021045_041,57,186,Seamark,1030,1087,259,445
201807021045_026,41,35,Passengership,1165,1206,233,268
201807021045_027,51,43,Passengership,1122,1173,226,269
201807021045_028,60,50,Passengership,1158,1218,222,272
201807021045_029,39,27,Passengership,1158,1197,242,269
201807021045_030,42,29,Passengership,1081,1123,238,267
201807021045_031,45,31,Passengership,942,987,232,263
201807021045_032,35,38,Passengership,795,830,224,262
201807021045_033,40,33,Passengership,715,755,230,263
201807021045_034,48,39,Passengership,583,631,228,267
201807021045_035,41,42,Passengership,313,354,223,265
201807021045_036,49,40,Passengership,254,303,229,269
201807021045_037,58,47,Passengership,243,301,225,272
201807021045_038,70,50,Passengership,175,245,221,271
201807021045_039,50,38,Passengership,127,177,234,272
201807021045_038,130,35,Cargoship,394,524,230,265
201807021045_039,117,45,Cargoship,354,471,233,278
201807021045_040,95,36,Cargoship,381,476,233,269
201807021045_041,60,27,Cargoship,446,506,241,268
201807021045_042,78,57,Cargoship,379,457,219,276
201807021045_043,85,63,Cargoship,289,374,216,279
201807021045_044,140,85,Cargoship,127,267,200,285
201807021045_045,59,157,Cargoship,3,62,153,310
201807021045_043,9,22,Seamark,787,796,257,279
201807021045_044,8,21,Seamark,756,764,258,279
201807021045_045,13,34,Seamark,788,801,253,287
201807021045_046,15,44,Seamark,873,888,253,297
201807021045_040,30,17,Passengership,861,891,250,267
201807021045_041,30,19,Passengership,859,889,250,269
201807021045_042,45,22,Passengership,762,807,248,270
201807021045_043,56,32,Passengership,688,744,241,273
201807021045_044,70,32,Passengership,599,669,244,276
201807021045_045,103,50,Passengership,476,579,235,285
201807021045_046,236,117,Passengership,104,340,201,318
201807021045_038,18,31,Passengership,602,620,231,262
201807021045_039,20,34,Passengership,552,572,229,263
201807021045_040,21,36,Passengership,524,545,226,262
201807021045_041,26,40,Passengership,533,559,225,265
201807021045_042,27,42,Passengership,450,477,226,268
201807021045_043,32,49,Passengership,393,425,222,271
201807021045_044,29,46,Passengership,327,356,222,268
201807021045_015,68,102,Sailboat,10,78,196,298
201807021045_014,35,84,Sailboat,55,90,208,292
201807021045_020,65,159,Sailboat,324,389,152,311
201807021045_020,31,269,Sailboat,31,62,69,338
201807021045_020,49,297,Sailboat,88,137,41,338
201807021045_020,85,327,Sailboat,237,322,2,329
201807021045_021,63,350,Sailboat,1207,1270,4,354
201807021045_021,133,322,Sailboat,1058,1191,23,345
201807021045_021,200,242,Sailboat,663,863,81,323
201807021045_021,136,274,Sailboat,888,1024,68,342
201807021045_021,110,231,Sailboat,541,651,88,319
201807021045_044,96,45,Militaryship,1053,1149,226,271
201807021045_021,13,22,Seamark,138,151,309,331
201807021045_022,9,20,Seamark,748,757,257,277
201807021045_023,4,14,Seamark,461,465,258,272
201807021045_025,4,10,Seamark,964,968,259,269
201807021045_037,6,18,Seamark,192,198,262,280
201807021045_042,12,24,Seamark,15,27,268,292
201807021045_040,6,14,Seamark,802,808,257,271
201807021045_042,37,34,Cargoship,393,430,239,273
201807021045_007,5,11,Seamark,677,682,253,264
201807021045_008,5,9,Seamark,621,626,256,265
201807021116_001,68,41,Passengership,501,569,247,288
201807021116_002,34,18,Passengership,252,286,267,285
201807021116_001,13,34,Seamark,802,815,256,290
201807021116_002,18,54,Seamark,775,793,254,308
201807021116_003,55,177,Seamark,148,203,259,436
201807021116_000,119,88,Militaryship,1134,1253,194,282
201807021116_002,106,86,Militaryship,1168,1274,192,278
201807021116_003,222,116,Militaryship,879,1101,161,277
201807021116_004,222,119,Militaryship,1058,1280,182,301
201807021116_001,42,19,Miscboat,997,1039,254,273
201807021116_002,66,16,Miscboat,913,979,257,273
201807021116_003,72,17,Miscboat,458,530,263,280
201807021116_004,181,123,Miscboat,274,455,186,309
201807021116_005,83,27,Motorboat,1107,1190,252,279
201807021116_006,68,30,Motorboat,1173,1241,255,285
201807021116_007,90,31,Motorboat,1162,1252,259,290
201807021116_008,81,32,Motorboat,1181,1262,253,285
201807021116_007,10,9,Boat,461,471,273,282
201807021116_008,32,21,Boat,275,307,291,312
201807021116_008,37,52,Sailboat,719,756,215,267
201807021116_009,41,58,Sailboat,759,800,207,265
201807021116_010,52,74,Sailboat,1047,1099,198,272
201807021116_011,31,70,Sailboat,1198,1229,208,278
201807021116_012,92,55,Cargoship,146,238,255,310
201807021116_013,173,131,Cargoship,63,236,206,337
201807021116_014,104,142,Cargoship,15,119,220,362
201807021116_015,62,112,Militaryship,213,275,181,293
201807021116_016,95,162,Militaryship,125,220,150,312
201807021116_017,126,269,Militaryship,9,135,82,351
201807021116_014,129,177,Militaryship,115,244,152,329
201807021116_017,88,144,Militaryship,143,231,169,313
201807021116_016,65,114,Cruiseship,240,305,166,280
201807021116_017,92,100,Cruiseship,297,389,186,286
201807021116_018,155,132,Cruiseship,310,465,161,293
201807021116_019,280,301,Cruiseship,89,369,30,331
201807021116_020,285,253,Cruiseship,14,299,83,336
201807021116_021,215,307,Cruiseship,0,215,39,346
201807021116_017,25,45,Militaryship,391,416,230,275
201807021116_018,49,53,Militaryship,470,519,222,275
201807021116_019,52,79,Militaryship,388,440,206,285
201807021116_020,63,93,Militaryship,360,423,196,289
201807021116_021,179,98,Militaryship,215,394,197,295
201807021116_022,190,165,Militaryship,148,338,165,330
201807021116_023,122,131,Militaryship,13,135,203,334
201807021116_023,82,42,Miscboat,230,312,259,301
201807021116_024,129,73,Miscboat,1,130,268,341
201807021116_017,44,122,Sailboat,416,460,147,269
201807021116_018,58,133,Sailboat,521,579,131,264
201807021116_019,66,167,Sailboat,453,519,107,274
201807021116_020,96,178,Sailboat,425,521,93,271
201807021116_021,83,199,Sailboat,430,513,72,271
201807021116_022,123,253,Sailboat,394,517,31,284
201807021116_023,191,268,Sailboat,261,452,12,280
201807021116_024,370,310,Sailboat,57,427,1,311
201807021116_025,354,355,Sailboat,-4,350,1,356
201807021116_026,196,347,Sailboat,11,207,7,354
201807021116_026,81,48,Militaryship,339,420,265,313
201807021116_027,145,83,Motorboat,100,245,273,356
201807021116_023,25,19,Motorboat,473,498,257,276
201807021116_024,34,21,Motorboat,483,517,261,282
201807021116_025,40,24,Motorboat,424,464,264,288
201807021116_026,68,28,Motorboat,342,410,272,300
201807021116_026,19,26,Motorboat,681,700,246,272
201807021116_027,21,29,Motorboat,729,750,244,273
201807021116_028,34,35,Motorboat,779,813,245,280
201807021116_029,41,48,Motorboat,826,867,237,285
201807021116_030,69,50,Motorboat,925,994,257,307
201807021116_031,110,136,Motorboat,1172,1282,223,359
201807021116_026,29,97,Sailboat,438,467,178,275
201807021116_027,39,108,Sailboat,434,473,169,277
201807021116_028,52,154,Sailboat,400,452,128,282
201807021116_029,73,187,Sailboat,331,404,101,288
201807021116_030,112,273,Sailboat,188,300,33,306
201807021116_031,188,344,Sailboat,0,188,1,345
201807021116_026,17,9,Ferry,553,570,255,264
201807021116_027,19,10,Ferry,583,602,253,263
201807021116_028,21,11,Ferry,605,626,251,262
201807021116_029,29,10,Ferry,595,624,251,261
201807021116_030,32,11,Ferry,568,600,252,263
201807021116_031,35,12,Ferry,568,603,251,263
201807021116_032,45,11,Ferry,465,510,254,265
201807021116_029,22,16,Motorboat,453,475,253,269
201807021116_030,24,18,Motorboat,427,451,254,272
201807021116_031,26,20,Motorboat,428,454,254,274
201807021116_032,52,11,Motorboat,306,358,270,281
201807021116_033,52,23,Motorboat,250,302,269,292
201807021116_034,78,30,Motorboat,154,232,272,302
201807021116_035,102,38,Motorboat,50,152,294,332
201807021116_029,20,27,Miscboat,674,694,240,267
201807021116_030,22,30,Miscboat,688,710,238,268
201807021116_031,28,38,Miscboat,729,757,232,270
201807021116_032,46,48,Miscboat,693,739,231,279
201807021116_033,59,62,Miscboat,709,768,227,289
201807021116_034,73,119,Miscboat,748,821,178,297
201807021116_035,149,127,Miscboat,956,1105,188,315
201807021116_036,147,119,Miscboat,1131,1278,255,374
201807021116_035,90,147,Sailboat,214,304,155,302
201807021116_036,80,131,Sailboat,178,258,177,308
201807021116_035,99,167,Sailboat,157,256,146,313
201807021116_036,84,118,Sailboat,65,149,211,329
201807021116_032,38,86,Sailboat,335,373,195,281
201807021116_033,46,104,Sailboat,306,352,184,288
201807021116_034,55,123,Sailboat,269,324,172,295
201807021116_035,57,147,Sailboat,303,360,152,299
201807021116_035,80,104,Sailboat,691,771,172,276
201807021116_036,54,176,Sailboat,814,868,110,286
201807021116_037,58,36,Motorboat,782,840,243,279
201807021116_038,42,42,Passengership,711,753,236,278
201807021116_039,42,44,Passengership,710,752,233,277
201807021116_040,99,77,Passengership,784,883,218,295
201807021116_041,124,97,Passengership,880,1004,210,307
201807021116_042,209,129,Passengership,991,1200,184,313
201807021116_029,35,52,Sailboat,459,494,214,266
201807021116_030,60,79,Sailboat,442,502,194,273
201807021116_031,59,78,Sailboat,458,517,192,270
201807021116_032,62,82,Sailboat,386,448,189,271
201807021116_033,50,102,Sailboat,375,425,175,277
201807021116_034,56,114,Sailboat,352,408,165,279
201807021116_035,55,93,Sailboat,475,530,183,276
201807021116_036,60,149,Sailboat,426,486,147,296
201807021116_037,59,147,Sailboat,397,456,147,294
201807021116_038,57,143,Sailboat,298,355,152,295
201807021116_035,103,148,Sailboat,370,473,140,288
201807021116_036,74,175,Sailboat,348,422,120,295
201807021116_037,136,234,Sailboat,219,355,80,314
201807021116_038,119,455,Sailboat,9,128,1,456
201807021116_038,87,185,Sailboat,133,220,131,316
201807021116_039,76,224,Sailboat,1,77,107,331
201807021116_039,61,180,Sailboat,198,259,129,309
201807021116_040,109,161,Sailboat,217,326,146,307
201807021116_038,73,174,Sailboat,223,296,128,302
201807021116_039,138,261,Sailboat,95,233,81,342
201807021116_040,131,247,Sailboat,68,199,82,329
201807021116_041,137,217,Sailboat,97,234,105,322
201807021116_041,86,34,Motorboat,200,286,279,313
201807021116_042,101,46,Motorboat,1,102,298,344
201807021116_034,22,23,Motorboat,676,698,257,280
201807021116_035,27,24,Motorboat,822,849,261,285
201807021116_036,40,28,Motorboat,857,897,266,294
201807021116_037,60,46,Motorboat,927,987,267,313
201807021116_038,119,77,Motorboat,1052,1171,279,356
201807021116_035,21,126,Sailboat,799,820,155,281
201807021116_036,29,156,Sailboat,832,861,134,290
201807021116_037,45,199,Sailboat,876,921,100,299
201807021116_038,88,314,Sailboat,917,1005,11,325
201807021116_038,29,38,Motorboat,879,908,272,310
201807021116_039,85,67,Motorboat,993,1078,284,351
201807021116_035,35,87,Sailboat,518,553,185,272
201807021116_036,40,101,Sailboat,502,542,177,278
201807021116_037,52,216,Sailboat,492,544,88,304
201807021116_029,12,16,Motorboat,629,641,246,262
201807021116_030,26,23,Motorboat,627,653,243,266
201807021116_031,25,23,Motorboat,662,687,243,266
201807021116_032,23,21,Motorboat,618,641,244,265
201807021116_033,26,34,Motorboat,631,657,239,273
201807021116_034,25,34,Motorboat,644,669,241,275
201807021116_035,27,37,Motorboat,769,796,238,275
201807021116_036,27,41,Motorboat,782,809,238,279
201807021116_038,55,58,Motorboat,760,815,230,288
201807021116_039,72,70,Motorboat,779,851,230,300
201807021116_040,116,134,Motorboat,910,1026,203,337
201807021116_041,86,156,Motorboat,1189,1275,237,393
201807021116_041,79,27,Motorboat,247,326,278,305
201807021116_042,115,39,Motorboat,78,193,290,329
201807021116_038,30,205,Sailboat,738,768,80,285
201807021116_039,42,271,Sailboat,750,792,28,299
201807021116_040,57,314,Sailboat,854,911,1,315
201807021116_038,21,21,Passengership,688,709,249,270
201807021116_039,29,29,Passengership,675,704,246,275
201807021116_040,32,32,Passengership,752,784,242,274
201807021116_041,55,46,Passengership,818,873,231,277
201807021116_042,67,52,Passengership,880,947,230,282
201807021116_035,29,23,Passengership,558,587,242,265
201807021116_036,35,36,Passengership,546,581,230,266
201807021116_037,35,36,Passengership,535,570,230,266
201807021116_038,35,36,Passengership,451,486,233,269
201807021116_039,38,40,Passengership,417,455,232,272
201807021116_040,117,39,Ferry,403,520,251,290
201807021116_041,162,48,Ferry,482,644,245,293
201807021116_042,191,57,Ferry,595,786,243,300
201807021116_043,332,106,Ferry,853,1185,234,340
201807021116_044,51,71,Passengership,1228,1279,248,319
201807021116_042,71,36,Passengership,469,540,238,274
201807021116_043,100,86,Passengership,455,555,198,284
201807021116_044,131,113,Passengership,384,515,184,297
201807021116_045,230,172,Passengership,75,305,146,318
201807021116_044,55,63,Passengership,505,560,220,283
201807021116_045,107,53,Passengership,300,407,244,297
201807021116_041,53,27,Miscboat,345,398,259,286
201807021116_042,71,34,Miscboat,292,363,258,292
201807021116_043,124,154,Miscboat,145,269,174,328
201807021116_041,53,25,Miscboat,423,476,253,278
201807021116_042,66,27,Miscboat,401,467,253,280
201807021116_043,85,35,Miscboat,359,444,252,287
201807021116_044,181,84,Miscboat,144,325,245,329
201807021116_044,39,37,Motorboat,1059,1098,256,293
201807021116_045,85,49,Motorboat,1188,1273,271,320
201807021116_044,33,21,Motorboat,979,1012,260,281
201807021116_045,52,33,Motorboat,1001,1053,264,297
201807021116_046,80,99,Motorboat,1100,1180,220,319
201807021116_044,37,25,Motorboat,923,960,251,276
201807021116_045,51,34,Motorboat,893,944,251,285
201807021116_046,68,51,Motorboat,923,991,245,296
201807021116_047,111,53,Motorboat,1010,1121,252,305
201807021116_044,35,27,Passengership,600,635,246,273
201807021116_045,39,42,Passengership,478,517,236,278
201807021116_046,56,42,Passengership,413,469,247,289
201807021116_047,77,75,Passengership,326,403,218,293
201807021116_048,158,83,Passengership,50,208,240,323
201807021116_050,42,40,Motorboat,1029,1071,254,294
201807021116_051,61,52,Motorboat,1148,1209,259,311
201807021116_049,45,24,Motorboat,364,409,265,289
201807021116_050,64,33,Motorboat,276,340,267,300
201807021116_051,86,38,Motorboat,158,244,278,316
201807021116_044,15,13,Motorboat,664,679,255,268
201807021116_045,16,14,Motorboat,557,573,257,271
201807021116_046,18,15,Motorboat,523,541,254,269
201807021116_047,22,12,Motorboat,485,507,262,274
201807021116_048,24,13,Motorboat,381,405,264,277
201807021116_049,26,14,Motorboat,368,394,263,277
201807021116_044,33,17,Passengership,686,719,250,267
201807021116_045,36,19,Passengership,583,619,251,270
201807021116_046,40,21,Passengership,553,593,247,268
201807021116_047,44,30,Passengership,524,568,242,272
201807021116_048,55,37,Passengership,438,493,242,279
201807021116_049,74,39,Passengership,433,507,245,284
201807021116_050,98,52,Passengership,394,492,238,290
201807021116_051,142,71,Passengership,326,468,231,302
201807021116_052,198,131,Passengership,119,317,193,324
201807021116_050,39,23,Miscboat,492,531,257,280
201807021116_051,56,32,Miscboat,460,516,253,285
201807021116_052,81,46,Miscboat,314,395,251,297
201807021116_053,109,51,Miscboat,11,120,272,323
201807021116_044,11,15,Motorboat,729,740,251,266
201807021116_045,12,16,Motorboat,630,642,252,268
201807021116_046,13,18,Motorboat,604,617,249,267
201807021116_047,16,13,Motorboat,586,602,257,270
201807021116_048,18,14,Motorboat,516,534,258,272
201807021116_049,20,15,Motorboat,535,555,256,271
201807021116_050,32,20,Motorboat,531,563,259,279
201807021116_051,35,22,Motorboat,514,549,258,280
201807021116_052,38,24,Motorboat,394,432,259,283
201807021116_053,66,38,Motorboat,130,196,271,309
201807021116_053,57,37,Motorboat,949,1006,261,298
201807021116_054,91,47,Motorboat,921,1012,265,312
201807021116_026,130,51,Motorboat,178,308,271,322
201807021116_044,88,43,Motorboat,1114,1202,260,303
201807021116_011,35,80,Sailboat,1234,1269,199,279
201807021116_011,35,68,Sailboat,1153,1188,209,277
201807021116_029,34,55,Sailboat,487,521,209,264
201807021116_037,97,225,Sailboat,1,98,115,340
201807021116_035,109,204,Sailboat,87,196,116,320
201807021116_039,167,409,Sailboat,1111,1278,1,410
201807021116_036,43,129,Sailboat,572,615,155,284
201807021116_041,148,347,Sailboat,1035,1183,14,361
201807021116_046,166,155,Passengership,131,297,182,337
201807021116_015,19,21,Motorboat,394,413,266,287
201807021116_032,32,16,Motorboat,33,65,301,317
201807021116_038,58,45,Motorboat,1009,1067,299,344
201807021116_039,75,45,Boat,1085,1160,364,409
201807021116_003,225,207,Militaryship,1053,1278,95,302
201807021116_020,79,95,Militaryship,282,361,196,291
201807021116_023,65,39,Militaryship,149,214,266,305
201807021116_001,10,50,Seamark,832,842,273,323
201807021116_004,11,65,Seamark,798,809,286,351
201807021116_011,64,50,Cargoship,159,223,253,303
201807021116_005,66,11,Motorboat,1113,1179,259,270
201807021116_023,37,14,Motorboat,444,481,264,278
201807021116_024,46,23,Motorboat,435,481,264,287
201807021116_025,52,46,Motorboat,371,423,248,294
201807021116_026,49,43,Miscboat,288,337,260,303
201807021116_027,125,84,Miscboat,2,127,276,360
201807021116_036,43,44,Motorboat,776,819,229,273
201807021116_006,101,53,Boat,1166,1267,243,296
201807021116_036,43,43,Passengership,752,795,232,275
201807021116_037,48,48,Passengership,761,809,230,278
201807021146_000,86,46,Passengership,774,860,239,285
201807021146_001,102,81,Passengership,567,669,207,288
201807021146_002,200,97,Passengership,930,1130,225,322
201807021146_000,27,27,Motorboat,364,391,250,277
201807021146_001,34,36,Motorboat,68,102,258,294
201807021146_002,66,44,Motorboat,146,212,256,300
201807021146_003,142,85,Motorboat,1,143,247,332
201807021146_001,50,16,Ferry,235,285,255,271
201807021146_002,60,31,Ferry,567,627,243,274
201807021146_003,39,58,Sailboat,713,752,205,263
201807021146_004,39,63,Sailboat,775,814,196,259
201807021146_005,37,60,Sailboat,785,822,197,257
201807021146_001,33,51,Passengership,436,469,226,277
201807021146_002,46,43,Passengership,734,780,238,281
201807021146_003,83,55,Passengership,964,1047,247,302
201807021146_004,97,156,Passengership,1183,1280,172,328
201807021146_001,47,47,Passengership,388,435,226,273
201807021146_002,55,63,Passengership,675,730,215,278
201807021146_003,84,84,Passengership,870,954,199,283
201807021146_004,139,128,Passengership,1010,1149,177,305
201807021146_002,39,24,Miscboat,256,295,261,285
201807021146_003,54,32,Miscboat,280,334,259,291
201807021146_004,101,67,Miscboat,165,266,256,323
201807021146_002,29,17,Miscboat,314,343,261,278
201807021146_003,31,18,Miscboat,397,428,261,279
201807021146_004,56,33,Miscboat,372,428,262,295
201807021146_005,133,75,Miscboat,84,217,265,340
201807021146_002,31,12,Miscboat,343,374,262,274
201807021146_003,48,31,Miscboat,438,486,249,280
201807021146_004,66,33,Miscboat,440,506,255,288
201807021146_005,119,37,Miscboat,289,408,268,305
201807021146_004,30,39,Miscboat,505,535,241,280
201807021146_005,76,47,Miscboat,403,479,244,291
201807021146_006,190,84,Miscboat,89,279,243,327
201807021146_005,27,41,Sailboat,811,838,225,266
201807021146_006,37,72,Sailboat,760,797,199,271
201807021146_007,36,70,Sailboat,747,783,194,264
201807021146_008,36,69,Sailboat,776,812,192,261
201807021146_009,52,97,Sailboat,790,842,173,270
201807021146_010,61,113,Sailboat,901,962,163,276
201807021146_011,71,131,Sailboat,844,915,147,278
201807021146_006,123,34,Ferry,944,1067,254,288
201807021146_007,188,54,Ferry,979,1167,240,294
201807021146_002,54,13,Ferry,568,622,252,265
201807021146_003,59,14,Ferry,769,828,252,266
201807021146_004,66,15,Ferry,855,921,254,269
201807021146_005,97,29,Ferry,917,1014,250,279
201807021146_008,123,71,Ferry,1151,1274,237,308
201807021146_002,26,23,Passengership,382,408,248,271
201807021146_003,35,27,Passengership,502,537,243,270
201807021146_004,43,39,Passengership,533,576,238,277
201807021146_005,67,52,Passengership,480,547,232,284
201807021146_006,129,89,Passengership,283,412,218,307
201807021146_007,213,238,Passengership,52,265,112,350
201807021146_005,45,25,Motorboat,868,913,254,279
201807021146_006,68,19,Motorboat,849,917,261,280
201807021146_007,72,24,Motorboat,878,950,256,280
201807021146_008,81,22,Motorboat,975,1056,267,289
201807021146_009,108,47,Motorboat,1172,1280,274,321
201807021146_002,20,19,Passengership,407,427,249,268
201807021146_003,22,21,Passengership,535,557,245,266
201807021146_004,39,34,Passengership,576,615,237,271
201807021146_005,58,28,Passengership,547,605,245,273
201807021146_006,78,70,Passengership,429,507,211,281
201807021146_007,110,77,Passengership,336,446,220,297
201807021146_008,170,93,Passengership,234,404,209,302
201807021146_009,220,152,Passengership,1,221,180,332
201807021146_005,28,68,Sailboat,837,865,200,268
201807021146_006,32,91,Sailboat,814,846,188,279
201807021146_007,50,110,Sailboat,826,876,166,276
201807021146_008,44,105,Sailboat,812,856,162,267
201807021146_009,69,154,Sailboat,797,866,124,278
201807021146_010,88,197,Sailboat,960,1048,88,285
201807021146_008,53,126,Sailboat,853,906,146,272
201807021146_009,80,188,Sailboat,919,999,102,290
201807021146_010,247,366,Sailboat,21,268,7,373
201807021146_011,131,314,Sailboat,1143,1274,8,322
201807021146_008,88,134,Sailboat,893,981,145,279
201807021146_009,106,206,Sailboat,1015,1121,97,303
201807021146_011,96,150,Sailboat,903,999,136,286
201807021146_012,92,233,Sailboat,1043,1135,76,309
201807021146_013,119,325,Sailboat,1162,1281,11,336
201807021146_002,19,56,Sailboat,431,450,210,266
201807021146_003,23,68,Sailboat,573,596,200,268
201807021146_005,24,109,Sailboat,618,642,159,268
201807021146_006,41,31,Motorboat,522,563,245,276
201807021146_007,36,156,Sailboat,476,512,120,276
201807021146_008,46,140,Sailboat,454,500,136,276
201807021146_009,39,268,Sailboat,397,436,29,297
201807021146_008,36,40,Motorboat,483,519,233,273
201807021146_009,39,43,Motorboat,415,454,234,277
201807021146_010,117,133,Motorboat,266,383,195,328
201807021146_008,11,14,Motorboat,520,531,254,268
201807021146_009,12,15,Motorboat,477,489,256,271
201807021146_010,39,27,Motorboat,457,496,263,290
201807021146_010,21,21,Motorboat,528,549,251,272
201807021146_011,61,38,Motorboat,235,296,269,307
201807021146_010,33,41,Miscboat,557,590,226,267
201807021146_011,54,59,Miscboat,354,408,222,281
201807021146_012,79,87,Miscboat,217,296,215,302
201807021146_013,140,174,Miscboat,-2,138,174,348
201807021146_013,15,10,Boat,826,841,262,272
201807021146_014,24,14,Boat,943,967,275,289
201807021146_011,27,93,Sailboat,696,723,166,259
201807021146_012,32,110,Sailboat,689,721,156,266
201807021146_013,49,138,Sailboat,732,781,128,266
201807021146_014,62,194,Sailboat,775,837,82,276
201807021146_015,124,246,Sailboat,815,939,45,291
201807021146_016,153,313,Sailboat,959,1112,1,314
201807021146_010,12,14,Boat,629,641,243,257
201807021146_011,13,15,Boat,479,492,244,259
201807021146_012,14,16,Boat,439,453,246,262
201807021146_013,26,30,Motorboat,440,466,239,269
201807021146_014,39,26,Motorboat,376,415,247,273
201807021146_015,47,45,Motorboat,333,380,236,281
201807021146_016,69,72,Motorboat,294,363,223,295
201807021146_017,52,92,Motorboat,4,56,252,344
201807021146_017,30,16,Motorboat,779,809,248,264
201807021146_018,27,21,Boat,755,782,250,271
201807021146_019,49,29,Boat,765,814,260,289
201807021146_020,123,51,Motorboat,930,1053,262,313
201807021146_011,49,85,Sailboat,656,705,160,245
201807021146_012,32,99,Sailboat,650,682,153,252
201807021146_013,34,108,Sailboat,689,723,145,253
201807021146_014,39,126,Sailboat,700,739,132,258
201807021146_015,48,133,Sailboat,730,778,119,252
201807021146_016,55,138,Sailboat,792,847,108,246
201807021146_017,80,165,Sailboat,770,850,81,246
201807021146_018,93,223,Sailboat,731,824,37,260
201807021146_019,97,250,Sailboat,735,832,1,251
201807021146_020,264,269,Sailboat,876,1140,1,270
201807021146_021,69,42,Militaryship,958,1027,250,292
201807021146_022,138,87,Militaryship,1108,1246,244,331
201807021146_020,54,69,Militaryship,886,940,198,267
201807021146_021,82,76,Militaryship,854,936,205,281
201807021146_022,211,163,Militaryship,886,1097,139,302
201807021146_023,210,315,Militaryship,1062,1272,26,341
201807021146_020,78,75,Cruiseship,857,935,184,259
201807021146_021,77,109,Cruiseship,777,854,158,267
201807021146_022,133,198,Cruiseship,752,885,79,277
201807021146_023,241,175,Cruiseship,794,1035,110,285
201807021146_024,475,339,Cruiseship,801,1276,1,340
201807021146_023,57,58,Militaryship,731,788,204,262
201807021146_024,82,87,Militaryship,696,778,188,275
201807021146_025,92,124,Militaryship,837,929,156,280
201807021146_026,237,228,Militaryship,983,1220,84,312
201807021146_025,46,106,Miscboat,792,838,168,274
201807021146_026,128,188,Miscboat,857,985,104,292
201807021146_027,299,354,Miscboat,979,1278,1,355
201807021146_028,70,110,Militaryship,720,790,173,283
201807021146_029,160,228,Militaryship,947,1107,103,331
201807021146_030,152,209,Cargoship,1126,1278,157,366
201807021146_029,28,12,Motorboat,745,773,246,258
201807021146_030,34,14,Motorboat,669,703,248,262
201807021146_031,42,19,Motorboat,414,456,250,269
201807021146_025,33,44,Sailboat,552,585,202,246
201807021146_026,40,54,Sailboat,510,550,191,245
201807021146_027,41,55,Sailboat,426,467,192,247
201807021146_028,49,67,Sailboat,224,273,187,254
201807021146_029,24,63,Sailboat,640,664,196,259
201807021146_030,33,77,Sailboat,537,570,188,265
201807021146_031,35,88,Sailboat,259,294,184,272
201807021146_028,35,18,Motorboat,596,631,240,258
201807021146_029,40,20,Motorboat,683,723,238,258
201807021146_030,50,20,Motorboat,596,646,244,264
201807021146_031,60,29,Motorboat,322,382,244,273
201807021146_034,6,15,Seamark,725,731,248,263
201807021146_035,18,27,Seamark,382,400,248,275
201807021146_036,17,25,Seamark,349,366,250,275
201807021146_037,9,31,Seamark,169,178,252,283
201807021146_031,54,52,Militaryship,903,957,207,259
201807021146_032,134,58,Militaryship,454,588,199,257
201807021146_033,84,52,Militaryship,499,583,210,262
201807021146_034,114,71,Militaryship,401,515,199,270
201807021146_042,14,26,Seamark,169,183,249,275
201807021146_043,9,22,Seamark,13,22,257,279
201807021146_038,79,19,Militaryship,674,753,240,259
201807021146_039,97,23,Militaryship,644,741,236,259
201807021146_040,133,31,Militaryship,601,734,233,264
201807021146_041,120,37,Militaryship,802,922,234,271
201807021146_042,204,63,Militaryship,846,1050,226,289
201807021146_043,346,106,Militaryship,842,1188,212,318
201807021146_044,143,111,Militaryship,1131,1274,211,322
201807021146_045,87,123,Militaryship,1038,1125,186,309
201807021146_046,115,261,Militaryship,1166,1281,115,376
201807021146_044,280,131,Militaryship,989,1269,202,333
201807021146_043,14,15,Motorboat,797,811,250,265
201807021146_044,15,16,Motorboat,868,883,250,266
201807021146_045,16,18,Motorboat,799,815,250,268
201807021146_046,23,21,Motorboat,663,686,253,274
201807021146_047,33,28,Motorboat,460,493,251,279
201807021146_048,75,58,Motorboat,1,76,253,311
201807021146_046,55,49,Sailboat,762,817,229,278
201807021146_047,77,18,Sailboat,583,660,261,279
201807021146_048,168,41,Sailboat,194,362,271,312
201807021146_050,77,35,Miscboat,834,911,241,276
201807021146_051,94,61,Miscboat,1179,1273,233,294
201807021146_051,16,28,Seamark,303,319,257,285
201807021146_052,9,29,Seamark,259,268,260,289
201807021146_053,9,33,Seamark,117,126,265,298
201807021146_055,9,22,Seamark,1124,1133,253,275
201807021146_056,8,28,Seamark,998,1006,252,280
201807021146_057,23,60,Seamark,883,906,250,310
201807021146_058,48,163,Seamark,1096,1144,240,403
201807021146_054,9,18,Seamark,922,931,247,265
201807021146_055,8,16,Seamark,662,670,251,267
201807021146_056,5,20,Seamark,359,364,257,277
201807021146_052,34,53,Sailboat,203,237,226,279
201807021146_053,36,58,Sailboat,309,345,218,276
201807021146_054,53,74,Sailboat,310,363,205,279
201807021146_055,43,69,Sailboat,264,307,212,281
201807021146_056,45,78,Sailboat,295,340,203,281
201807021146_057,48,93,Sailboat,224,272,193,286
201807021146_055,18,54,Sailboat,1078,1096,214,268
201807021146_056,22,72,Sailboat,847,869,198,270
201807021146_057,47,116,Sailboat,568,615,169,285
201807021146_058,89,201,Sailboat,200,289,114,315
201807021146_059,31,81,Sailboat,264,295,202,283
201807021146_060,23,82,Sailboat,357,380,204,286
201807021146_061,23,81,Sailboat,516,539,197,278
201807021146_062,27,73,Sailboat,573,600,201,274
201807021146_063,20,78,Sailboat,650,670,195,273
201807021146_064,19,78,Sailboat,683,702,196,274
201807021146_058,5,9,Seamark,705,710,250,259
201807021146_059,6,10,Seamark,641,647,251,261
201807021146_060,5,15,Seamark,674,679,249,264
201807021146_061,6,12,Seamark,785,791,251,263
201807021146_062,3,10,Seamark,810,813,252,262
201807021146_063,6,12,Seamark,836,842,252,264
201807021146_064,6,15,Seamark,840,846,251,266
201807021146_058,6,13,Seamark,474,480,254,267
201807021146_059,7,14,Seamark,370,377,256,270
201807021146_060,7,18,Seamark,332,339,261,279
201807021146_061,9,23,Seamark,380,389,257,280
201807021146_062,5,26,Seamark,348,353,256,282
201807021146_063,22,41,Seamark,288,310,252,293
201807021146_064,14,37,Seamark,187,201,262,299
201807021146_057,5,17,Seamark,866,871,248,265
201807021146_058,6,12,Seamark,782,788,251,263
201807021146_060,7,17,Seamark,793,800,253,270
201807021146_061,8,21,Seamark,933,941,251,272
201807021146_062,9,20,Seamark,992,1001,255,275
201807021146_063,16,38,Seamark,1072,1088,247,285
201807021146_064,13,40,Seamark,1165,1178,250,290
201807021146_000,31,26,Boat,467,498,268,294
201807021146_005,99,52,Motorboat,1125,1224,252,304
201807021146_005,61,20,Motorboat,1018,1079,266,286
201807021146_011,76,59,Motorboat,3,79,306,365
201807021146_010,20,9,Boat,529,549,274,283
201807021146_017,23,28,Motorboat,914,937,230,258
201807021146_017,23,15,Boat,753,776,249,264
201807021146_020,102,110,Motorboat,1155,1257,253,363
201807021146_020,108,94,Miscboat,1029,1137,261,355
201807021146_032,49,18,Boat,181,230,255,273
201807021146_032,22,23,Boat,232,254,246,269
201807021146_044,59,26,Boat,281,340,241,267
201807021146_044,36,19,Boat,346,382,245,264
201807021146_044,29,27,Boat,385,414,236,263
201807021146_044,57,34,Motorboat,219,276,236,270
201807021146_044,65,31,Passengership,413,478,232,263
201807021146_050,89,58,Passengership,1169,1258,225,283
201807021146_050,49,25,Passengership,982,1031,249,274
201807021146_050,95,35,Passengership,1042,1137,242,277
201807021146_050,56,27,Passengership,917,973,248,275
201807021146_050,125,42,Passengership,699,824,235,277
201807021146_011,98,220,Sailboat,1037,1135,79,299
201807021146_011,91,333,Sailboat,131,222,2,335
201807021146_010,32,156,Sailboat,497,529,127,283
201807021146_028,29,52,Sailboat,116,145,219,271
201807021146_047,92,86,Sailboat,601,693,198,284
201807021146_040,41,39,Passengership,177,218,238,277
201807021146_025,148,373,Cruiseship,1132,1280,1,374
201807021146_000,97,76,Motorboat,1,98,266,342
201807021146_010,71,53,Motorboat,1210,1281,266,319
201807021146_012,113,50,Motorboat,1137,1250,270,320
201807021146_028,31,12,Motorboat,8,39,264,276
201807021146_032,88,30,Militaryship,274,362,238,268
201807021146_032,51,26,Militaryship,378,429,229,255
201807021146_035,105,77,Militaryship,9,114,206,283
201807021146_034,80,93,Militaryship,322,402,184,277
201807021146_037,6,8,Seamark,376,382,252,260
201807021146_048,27,60,Seamark,378,405,272,332
201807021146_047,13,38,Seamark,906,919,276,314
201807021146_050,16,102,Seamark,1086,1102,308,410
201807021146_051,34,24,Seamark,288,322,256,280
201807021146_052,22,32,Seamark,253,275,258,290
201807021146_057,37,55,Seamark,876,913,240,295
201807021146_010,70,256,Sailboat,1139,1209,54,310
201807021146_026,24,25,Militaryship,833,857,237,262
201807021146_027,32,34,Militaryship,817,849,237,271
201807021146_029,28,11,Motorboat,184,212,257,268
201807021146_029,10,11,Motorboat,777,787,245,256
201807021146_036,11,22,Seamark,168,179,271,293
201807021146_036,7,15,Seamark,155,162,261,276
201807021146_051,25,61,Seamark,1100,1125,278,339
201807021146_052,6,17,Seamark,99,105,266,283
201807021146_043,31,53,Sailboat,573,604,213,266
201807021146_044,29,49,Sailboat,624,653,214,263
201807021146_045,31,53,Sailboat,510,541,212,265
201807021146_046,44,91,Sailboat,285,329,189,280
201807021216_000,8,20,Seamark,948,956,251,271
201807021216_001,10,28,Seamark,1010,1020,246,274
201807021216_002,6,21,Seamark,1102,1108,255,276
201807021216_003,16,29,Seamark,1190,1206,255,284
201807021216_000,18,22,Seamark,942,960,248,270
201807021216_001,28,31,Seamark,1000,1028,240,271
201807021216_002,3,14,Seamark,1030,1033,250,264
201807021216_003,25,33,Seamark,1184,1209,247,280
201807021216_004,13,19,Seamark,1094,1107,251,270
201807021216_005,5,17,Seamark,1209,1214,254,271
201807021216_000,19,76,Sailboat,813,832,196,272
201807021216_001,15,66,Sailboat,884,899,203,269
201807021216_002,12,73,Sailboat,960,972,198,271
201807021216_003,21,78,Sailboat,992,1013,197,275
201807021216_004,18,60,Sailboat,1026,1044,209,269
201807021216_005,12,64,Sailboat,1123,1135,205,269
201807021216_006,21,62,Sailboat,1237,1258,210,272
201807021216_000,8,20,Seamark,466,474,253,273
201807021216_001,10,23,Seamark,461,471,251,274
201807021216_002,7,23,Seamark,456,463,254,277
201807021216_003,16,37,Seamark,407,423,250,287
201807021216_004,13,33,Seamark,342,355,256,289
201807021216_005,14,40,Seamark,317,331,259,299
201807021216_006,28,77,Seamark,269,297,249,326
201807021216_007,29,106,Seamark,92,121,260,366
201807021216_006,14,6,Motorboat,170,184,270,276
201807021216_007,14,6,Motorboat,185,199,270,276
201807021216_008,14,6,Motorboat,242,256,270,276
201807021216_009,27,10,Motorboat,312,339,266,276
201807021216_010,32,11,Motorboat,551,583,264,275
201807021216_011,29,18,Motorboat,917,946,260,278
201807021216_010,35,155,Sailboat,49,84,149,304
201807021216_011,54,235,Sailboat,88,142,74,309
201807021216_010,78,153,Sailboat,91,169,147,300
201807021216_011,69,249,Sailboat,145,214,61,310
201807021216_012,89,344,Sailboat,141,230,1,345
201807021216_011,52,92,Sailboat,255,307,205,297
201807021216_012,70,159,Sailboat,461,531,132,291
201807021216_010,41,71,Sailboat,20,61,236,307
201807021216_011,50,209,Sailboat,33,83,105,314
201807021216_012,84,346,Sailboat,44,128,1,347
201807021216_009,23,11,Motorboat,90,113,275,286
201807021216_010,25,12,Motorboat,212,237,277,289
201807021216_011,79,22,Motorboat,313,392,278,300
201807021216_012,139,27,Motorboat,391,530,294,321
201807021216_013,68,338,Sailboat,1212,1280,1,339
201807021216_014,28,82,Sailboat,1223,1251,201,283
201807021216_015,11,24,Seamark,938,949,251,275
201807021216_016,11,25,Seamark,1070,1081,251,276
201807021216_017,9,27,Seamark,1123,1132,257,284
201807021216_018,17,36,Seamark,1103,1120,248,284
201807021216_019,14,42,Seamark,1003,1017,253,295
201807021216_020,25,71,Seamark,989,1014,253,324
201807021216_015,8,15,Seamark,645,653,257,272
201807021216_016,6,16,Seamark,738,744,255,271
201807021216_017,5,15,Seamark,731,736,259,274
201807021216_018,9,20,Seamark,621,630,258,278
201807021216_019,10,24,Seamark,383,393,262,286
201807021216_020,12,33,Seamark,20,32,276,309
201807021216_015,8,11,Seamark,987,995,254,265
201807021216_016,9,12,Seamark,1090,1099,255,267
201807021216_017,10,13,Seamark,1101,1111,258,271
201807021216_018,9,12,Seamark,1023,1032,252,264
201807021216_019,10,13,Seamark,831,841,254,267
201807021216_020,11,14,Seamark,611,622,254,268
201807021216_021,11,20,Seamark,478,489,257,277
201807021216_022,12,24,Seamark,251,263,265,289
201807021216_023,15,37,Seamark,27,42,273,310
201807021216_021,9,23,Seamark,983,992,252,275
201807021216_022,8,25,Seamark,934,942,254,279
201807021216_023,12,44,Seamark,1036,1048,253,297
201807021216_027,10,18,Seamark,901,911,255,273
201807021216_028,11,20,Seamark,985,996,256,276
201807021216_029,12,22,Seamark,1028,1040,258,280
201807021216_030,8,25,Seamark,1076,1084,257,282
201807021216_031,9,29,Seamark,1175,1184,253,282
201807021216_026,17,29,Cruiseship,701,718,231,260
201807021216_027,18,31,Cruiseship,752,770,228,259
201807021216_028,20,34,Cruiseship,803,823,225,259
201807021216_029,21,30,Cruiseship,805,826,233,263
201807021216_030,22,32,Cruiseship,795,817,230,262
201807021216_031,23,34,Cruiseship,815,838,224,258
201807021216_032,27,34,Cruiseship,839,866,225,259
201807021216_027,6,14,Seamark,385,391,262,276
201807021216_028,8,17,Seamark,409,417,260,277
201807021216_029,5,20,Seamark,384,389,263,283
201807021216_030,10,21,Seamark,336,346,263,284
201807021216_031,9,25,Seamark,313,322,261,286
201807021216_032,11,32,Seamark,274,285,264,296
201807021216_033,25,44,Seamark,156,181,264,308
201807021216_034,18,47,Seamark,131,149,269,316
201807021216_035,18,65,Seamark,11,29,277,342
201807021216_033,9,14,Seamark,602,611,256,270
201807021216_034,10,15,Seamark,693,703,256,271
201807021216_035,11,16,Seamark,756,767,257,273
201807021216_036,9,15,Seamark,782,791,260,275
201807021216_037,12,30,Seamark,770,782,248,278
201807021216_038,5,18,Seamark,831,836,260,278
201807021216_039,15,27,Seamark,985,1000,258,285
201807021216_040,14,30,Seamark,1121,1135,260,290
201807021216_032,29,19,Militaryship,645,674,246,265
201807021216_033,32,21,Militaryship,612,644,244,265
201807021216_034,37,24,Militaryship,701,738,243,267
201807021216_035,64,22,Militaryship,767,831,248,270
201807021216_036,64,22,Militaryship,782,846,246,268
201807021216_037,75,25,Militaryship,759,834,246,271
201807021216_038,85,30,Militaryship,807,892,242,272
201807021216_039,72,25,Militaryship,946,1018,242,267
201807021216_040,62,27,Militaryship,1040,1102,246,273
201807021216_041,49,54,Militaryship,1222,1271,222,276
201807021216_034,138,30,Miscboat,141,279,257,287
201807021216_035,174,37,Miscboat,137,311,255,292
201807021216_036,219,47,Miscboat,75,294,254,301
201807021216_037,185,44,Miscboat,1,186,257,301
201807021216_038,239,56,Miscboat,-61,178,252,308
201807021216_039,224,52,Miscboat,-19,205,246,298
201807021216_040,153,111,Miscboat,1,154,201,312
201807021216_041,157,90,Miscboat,5,162,235,325
201807021216_020,37,34,Cruiseship,939,976,224,258
201807021216_021,41,37,Cruiseship,839,880,221,258
201807021216_022,33,33,Cruiseship,694,727,226,259
201807021216_023,40,41,Cruiseship,643,683,220,261
201807021216_024,50,51,Cruiseship,645,695,213,264
201807021216_025,39,41,Cruiseship,441,480,224,265
201807021216_026,49,33,Cruiseship,337,386,235,268
201807021216_027,55,36,Cruiseship,374,429,230,266
201807021216_028,56,45,Cruiseship,416,472,221,266
201807021216_029,53,37,Cruiseship,400,453,233,270
201807021216_030,54,38,Cruiseship,376,430,230,268
201807021216_031,64,53,Cruiseship,386,450,216,269
201807021216_032,73,39,Cruiseship,377,450,231,270
201807021216_033,65,35,Cruiseship,336,401,230,265
201807021216_034,58,48,Cruiseship,444,502,211,259
201807021216_035,61,45,Cruiseship,491,552,225,270
201807021216_036,69,52,Cruiseship,486,555,220,272
201807021216_037,53,45,Cruiseship,462,515,208,253
201807021216_038,67,58,Cruiseship,482,549,198,256
201807021216_039,73,63,Cruiseship,592,665,192,255
201807021216_040,100,25,Miscboat,669,769,249,274
201807021216_041,109,45,Miscboat,826,935,228,273
201807021216_042,126,56,Miscboat,959,1085,222,278
201807021216_043,130,45,Miscboat,1110,1240,238,283
201807021216_044,44,16,Motorboat,122,166,284,300
201807021216_045,50,25,Motorboat,1,51,297,322
201807021216_044,30,19,Sailboat,195,225,278,297
201807021216_045,59,32,Sailboat,70,129,288,320
201807021216_011,29,18,Motorboat,1188,1217,254,272
201807021216_013,70,26,Motorboat,512,582,266,292
201807021216_000,11,38,Sailboat,69,80,242,280
201807021216_000,8,52,Sailboat,116,124,227,279
201807021216_010,15,70,Sailboat,1,16,241,311
201807021216_012,54,198,Sailboat,322,376,133,331
201807021216_011,33,146,Sailboat,220,253,159,305
201807021216_013,98,333,Sailboat,1107,1205,10,343
201807021216_013,43,257,Sailboat,831,874,69,326
201807021216_013,78,303,Sailboat,1013,1091,32,335
201807021216_013,61,296,Sailboat,949,1010,36,332
201807021216_013,69,191,Sailboat,763,832,130,321
201807021216_013,60,236,Sailboat,882,942,95,331
201807021216_013,118,187,Sailboat,640,758,131,318
201807021216_013,75,153,Sailboat,555,630,161,314
201807021216_013,115,213,Sailboat,431,546,103,316
201807021216_014,9,41,Sailboat,1136,1145,237,278
201807021216_000,20,7,Motorboat,30,50,279,286
201807021216_009,12,12,Motorboat,733,745,251,263
201807021216_043,24,21,Motorboat,928,952,258,279
201807021216_011,17,26,Seamark,226,243,327,353
201807021216_014,4,12,Seamark,313,317,266,278
201807021216_014,6,20,Seamark,580,586,256,276
201807021216_045,19,44,Seamark,1091,1110,269,313
201807021216_045,13,42,Seamark,291,304,279,321
201807021216_038,31,44,Cruiseship,1031,1062,221,265
201807021216_000,7,15,Seamark,932,939,247,262
201807021216_001,8,16,Seamark,974,982,246,262
201807021216_003,12,17,Seamark,1060,1072,250,267
201807021216_029,43,9,Boat,448,491,260,269
201807021246_000,7,20,Seamark,238,245,270,290
201807021246_001,9,24,Seamark,937,946,250,274
201807021246_002,100,178,Miscboat,5,105,168,346
201807021246_003,231,120,Miscboat,1,232,195,315
201807021246_007,5,25,Seamark,962,967,259,284
201807021246_008,11,42,Seamark,1145,1156,260,302
201807021246_006,6,18,Seamark,757,763,252,270
201807021246_007,6,19,Seamark,624,630,256,275
201807021246_008,12,33,Seamark,589,601,255,288
201807021246_009,19,61,Seamark,934,953,244,305
201807021246_010,51,182,Seamark,1215,1266,239,421
201807021246_005,85,57,Militaryship,697,782,206,263
201807021246_006,101,68,Militaryship,842,943,194,262
201807021246_007,119,50,Militaryship,723,842,211,261
201807021246_008,132,65,Militaryship,738,870,207,272
201807021246_009,162,132,Militaryship,1111,1273,141,273
201807021246_010,188,193,Militaryship,1077,1265,96,289
201807021246_009,4,25,Seamark,872,876,252,277
201807021246_010,8,26,Seamark,719,727,265,291
201807021246_011,9,65,Seamark,901,910,281,346
201807021246_005,82,46,Militaryship,631,713,218,264
201807021246_006,92,34,Militaryship,770,862,231,265
201807021246_007,116,44,Militaryship,630,746,226,270
201807021246_008,124,46,Militaryship,614,738,224,270
201807021246_009,151,90,Militaryship,961,1112,179,269
201807021246_010,277,73,Militaryship,797,1074,208,281
201807021246_011,314,180,Militaryship,961,1275,114,294
201807021246_012,2,21,Seamark,903,905,256,277
201807021246_013,9,37,Seamark,883,892,257,294
201807021246_014,3,48,Seamark,908,911,269,317
201807021246_015,21,101,Seamark,1110,1131,263,364
201807021246_006,10,24,Sailboat,598,608,240,264
201807021246_007,16,27,Sailboat,411,427,242,269
201807021246_008,15,31,Sailboat,346,361,241,272
201807021246_009,12,31,Sailboat,623,635,231,262
201807021246_010,12,36,Sailboat,380,392,233,269
201807021246_011,12,52,Sailboat,464,476,220,272
201807021246_012,19,61,Sailboat,501,520,214,275
201807021246_013,29,114,Sailboat,324,353,176,290
201807021246_010,45,16,Motorboat,746,791,248,264
201807021246_011,56,19,Motorboat,865,921,249,268
201807021246_012,54,12,Motorboat,968,1022,250,262
201807021246_013,106,30,Motorboat,912,1018,242,272
201807021246_014,106,41,Motorboat,913,1019,243,284
201807021246_014,98,21,Motorboat,864,962,251,272
201807021246_015,108,34,Motorboat,943,1051,251,285
201807021246_016,125,28,Motorboat,1082,1207,257,285
201807021246_015,7,23,Seamark,761,768,259,282
201807021246_016,6,29,Seamark,852,858,262,291
201807021246_017,7,36,Seamark,994,1001,262,298
201807021246_016,35,28,Motorboat,927,962,250,278
201807021246_017,37,27,Motorboat,1049,1086,249,276
201807021246_019,43,40,Miscboat,2,45,259,299
201807021246_020,41,45,Miscboat,3,44,261,306
201807021246_022,31,43,Militaryship,241,272,244,287
201807021246_023,50,85,Militaryship,199,249,209,294
201807021246_024,85,119,Militaryship,120,205,185,304
201807021246_025,210,182,Militaryship,29,239,149,331
201807021246_024,39,48,Militaryship,207,246,244,292
201807021246_025,101,74,Militaryship,230,331,232,306
201807021246_022,37,54,Cruiseship,258,295,223,277
201807021246_023,54,56,Cruiseship,252,306,220,276
201807021246_024,65,103,Cruiseship,260,325,177,280
201807021246_025,98,96,Cruiseship,399,497,185,281
201807021246_026,144,116,Cruiseship,258,402,173,289
201807021246_027,267,259,Cruiseship,31,298,61,320
201807021246_028,260,272,Cruiseship,-1,259,74,346
201807021246_028,80,81,Militaryship,259,339,213,294
201807021246_029,161,137,Militaryship,6,167,194,331
201807021246_024,21,30,Militaryship,325,346,243,273
201807021246_025,27,42,Militaryship,503,530,231,273
201807021246_026,52,45,Militaryship,398,450,232,277
201807021246_027,56,73,Militaryship,330,386,213,286
201807021246_028,85,74,Militaryship,347,432,221,295
201807021246_029,162,136,Militaryship,179,341,179,315
201807021246_030,213,141,Militaryship,0,213,199,340
201807021246_029,46,45,Militaryship,346,392,251,296
201807021246_030,66,49,Militaryship,217,283,259,308
201807021246_029,53,25,Motorboat,393,446,262,287
201807021246_030,70,44,Motorboat,296,366,254,298
201807021246_031,135,58,Motorboat,1,136,276,334
201807021246_023,31,91,Sailboat,301,332,180,271
201807021246_024,32,101,Sailboat,346,378,169,270
201807021246_025,53,111,Sailboat,528,581,155,266
201807021246_026,77,132,Sailboat,442,519,137,269
201807021246_027,66,158,Sailboat,409,475,114,272
201807021246_028,103,199,Sailboat,458,561,80,279
201807021246_029,140,238,Sailboat,397,537,38,276
201807021246_030,127,288,Sailboat,367,494,1,289
201807021246_031,327,315,Sailboat,67,394,1,316
201807021246_032,166,317,Sailboat,10,176,26,343
201807021246_029,29,12,Motorboat,533,562,262,274
201807021246_030,46,20,Motorboat,480,526,261,281
201807021246_031,51,22,Motorboat,389,440,268,290
201807021246_032,86,36,Motorboat,173,259,273,309
201807021246_026,22,7,Motorboat,509,531,260,267
201807021246_027,29,14,Motorboat,474,503,257,271
201807021246_028,26,13,Motorboat,563,589,257,270
201807021246_029,24,12,Motorboat,554,578,260,272
201807021246_030,24,19,Motorboat,511,535,257,276
201807021246_031,23,18,Miscboat,448,471,253,271
201807021246_032,21,16,Miscboat,344,365,258,274
201807021246_033,32,103,Sailboat,400,432,174,277
201807021246_034,38,129,Sailboat,440,478,151,280
201807021246_035,62,180,Sailboat,278,340,113,293
201807021246_036,95,249,Sailboat,147,242,66,315
201807021246_037,75,310,Sailboat,1,76,25,335
201807021246_032,52,26,Motorboat,271,323,271,297
201807021246_033,98,48,Motorboat,142,240,282,330
201807021246_034,47,44,Motorboat,61,108,279,323
201807021246_035,38,82,Sailboat,403,441,189,271
201807021246_036,40,101,Sailboat,386,426,178,279
201807021246_037,39,66,Sailboat,394,433,212,278
201807021246_038,43,73,Sailboat,334,377,209,282
201807021246_039,57,86,Sailboat,372,429,196,282
201807021246_040,80,121,Sailboat,287,367,172,293
201807021246_041,87,132,Sailboat,133,220,170,302
201807021246_042,125,214,Sailboat,175,300,97,311
201807021246_041,90,148,Sailboat,215,305,146,294
201807021246_043,98,172,Sailboat,212,310,139,311
201807021246_044,126,236,Sailboat,7,133,102,338
201807021246_037,19,88,Sailboat,421,440,196,284
201807021246_038,36,91,Sailboat,377,413,186,277
201807021246_039,47,100,Sailboat,429,476,178,278
201807021246_040,81,116,Sailboat,358,439,168,284
201807021246_043,78,158,Sailboat,312,390,139,297
201807021246_045,152,253,Sailboat,67,219,77,330
201807021246_040,84,128,Sailboat,213,297,169,297
201807021246_041,52,167,Sailboat,5,57,160,327
201807021246_042,173,293,Passengership,0,173,112,405
201807021246_043,55,135,Sailboat,394,449,157,292
201807021246_044,85,164,Sailboat,280,365,139,303
201807021246_045,112,172,Sailboat,257,369,139,311
201807021246_033,19,17,Miscboat,662,681,255,272
201807021246_034,22,36,Miscboat,778,800,237,273
201807021246_035,40,53,Miscboat,742,782,233,286
201807021246_036,55,82,Miscboat,784,839,217,299
201807021246_037,134,104,Miscboat,957,1091,235,339
201807021246_038,49,18,Motorboat,254,303,272,290
201807021246_039,66,23,Motorboat,257,323,273,296
201807021246_040,83,25,Motorboat,153,236,282,307
201807021246_035,30,56,Sailboat,436,466,215,271
201807021246_036,34,64,Sailboat,427,461,210,274
201807021246_037,40,75,Sailboat,450,490,201,276
201807021246_038,24,23,Motorboat,450,474,243,266
201807021246_038,15,21,Miscboat,500,515,247,268
201807021246_039,33,30,Miscboat,564,597,246,276
201807021246_040,31,28,Miscboat,533,564,250,278
201807021246_041,50,45,Miscboat,389,439,243,288
201807021246_042,28,24,Miscboat,511,539,248,272
201807021246_043,29,25,Miscboat,540,569,251,276
201807021246_044,42,22,Miscboat,486,528,253,275
201807021246_045,48,26,Miscboat,477,525,252,278
201807021246_046,63,33,Miscboat,427,490,252,285
201807021246_047,82,39,Miscboat,393,475,253,292
201807021246_048,135,71,Miscboat,239,374,249,320
201807021246_043,32,36,Passengership,574,606,234,270
201807021246_044,49,41,Passengership,530,579,231,272
201807021246_045,55,42,Passengership,525,580,229,271
201807021246_046,56,44,Passengership,495,551,230,274
201807021246_047,69,47,Passengership,488,557,233,280
201807021246_048,99,83,Passengership,418,517,211,294
201807021246_049,203,165,Passengership,99,302,157,322
201807021246_040,19,24,Motorboat,713,732,257,281
201807021246_041,30,25,Motorboat,653,683,263,288
201807021246_042,46,50,Motorboat,820,866,261,311
201807021246_043,107,77,Motorboat,975,1082,277,354
201807021246_036,29,34,Miscboat,616,645,238,272
201807021246_037,39,45,Miscboat,649,688,231,276
201807021246_038,39,33,Miscboat,648,687,246,279
201807021246_039,50,94,Miscboat,749,799,193,287
201807021246_040,77,95,Miscboat,768,845,208,303
201807021246_041,157,149,Miscboat,753,910,178,327
201807021246_042,26,26,Motorboat,794,820,266,292
201807021246_043,37,35,Motorboat,902,939,272,307
201807021246_044,63,59,Motorboat,1007,1070,283,342
201807021246_037,17,75,Sailboat,613,630,191,266
201807021246_038,21,75,Sailboat,594,615,194,269
201807021246_039,22,81,Sailboat,686,708,188,269
201807021246_040,28,111,Sailboat,678,706,161,272
201807021246_041,27,30,Motorboat,620,647,245,275
201807021246_042,35,39,Motorboat,759,794,242,281
201807021246_043,50,54,Motorboat,830,880,236,290
201807021246_044,58,67,Motorboat,854,912,231,298
201807021246_045,139,157,Motorboat,1010,1149,180,337
201807021246_044,38,247,Sailboat,829,867,42,289
201807021246_045,62,311,Sailboat,949,1011,2,313
201807021246_045,74,129,Passengership,874,948,160,289
201807021246_046,155,97,Passengership,941,1096,204,301
201807021246_047,110,284,Passengership,1162,1272,53,337
201807021246_042,8,6,Boat,618,626,262,268
201807021246_043,11,8,Boat,646,657,264,272
201807021246_044,10,7,Boat,601,611,268,275
201807021246_045,17,10,Boat,574,591,273,283
201807021246_046,32,26,Boat,479,511,283,309
201807021246_047,69,101,Motorboat,10,79,386,487
201807021246_041,58,17,Ferry,483,541,254,271
201807021246_042,84,25,Ferry,659,743,246,271
201807021246_043,66,28,Ferry,751,817,246,274
201807021246_044,66,24,Ferry,741,807,251,275
201807021246_045,85,30,Ferry,787,872,247,277
201807021246_046,137,43,Ferry,815,952,243,286
201807021246_047,221,58,Ferry,932,1153,246,304
201807021246_047,98,64,Ferry,921,1019,228,292
201807021246_048,128,84,Passengership,1089,1217,224,308
201807021246_045,40,67,Miscboat,419,459,217,284
201807021246_046,57,27,Miscboat,338,395,261,288
201807021246_048,63,61,Miscboat,1026,1089,229,290
201807021246_049,96,75,Miscboat,1185,1281,257,332
201807021246_048,37,35,Miscboat,989,1026,248,283
201807021246_049,68,37,Miscboat,1050,1118,265,302
201807021246_047,28,31,Passengership,554,582,243,274
201807021246_048,37,59,Passengership,517,554,222,281
201807021246_049,92,52,Passengership,290,382,244,296
201807021246_050,156,85,Passengership,65,221,245,330
201807021246_051,61,89,Passengership,0,61,263,352
201807021246_048,26,56,Miscboat,931,957,220,276
201807021246_049,35,30,Miscboat,917,952,255,285
201807021246_050,69,44,Miscboat,990,1059,257,301
201807021246_051,109,171,Miscboat,1172,1281,158,329
201807021246_046,24,20,Motorboat,797,821,247,267
201807021246_047,26,22,Motorboat,848,874,246,268
201807021246_048,29,25,Motorboat,888,917,247,272
201807021246_049,43,30,Motorboat,830,873,248,278
201807021246_050,62,43,Motorboat,841,903,245,288
201807021246_051,86,48,Motorboat,906,992,250,298
201807021246_052,171,78,Motorboat,1043,1214,246,324
201807021246_044,36,14,Passengership,605,641,249,263
201807021246_045,40,15,Passengership,621,661,246,261
201807021246_046,38,19,Passengership,606,644,249,268
201807021246_047,26,19,Passengership,629,655,246,265
201807021246_048,25,25,Passengership,617,642,245,270
201807021246_049,33,28,Passengership,481,514,248,276
201807021246_050,46,34,Passengership,411,457,247,281
201807021246_051,55,44,Passengership,383,438,242,286
201807021246_052,83,52,Passengership,280,363,240,292
201807021246_053,155,90,Passengership,137,292,225,315
201807021246_054,155,156,Passengership,1,156,193,349
201807021246_050,19,15,Motorboat,466,485,259,274
201807021246_051,25,14,Motorboat,450,475,263,277
201807021246_052,27,17,Motorboat,387,414,264,281
201807021246_053,30,19,Motorboat,360,390,266,285
201807021246_054,49,32,Motorboat,279,328,271,303
201807021246_055,85,35,Motorboat,81,166,287,322
201807021246_047,20,14,Miscboat,702,722,248,262
201807021246_048,21,14,Miscboat,697,718,248,262
201807021246_049,23,15,Miscboat,582,605,248,263
201807021246_050,13,19,Miscboat,538,551,250,269
201807021246_051,14,21,Miscboat,535,549,249,270
201807021246_052,15,23,Miscboat,495,510,248,271
201807021246_053,27,21,Miscboat,512,539,254,275
201807021246_054,32,24,Miscboat,483,515,254,278
201807021246_055,46,35,Miscboat,408,454,250,285
201807021246_056,48,46,Miscboat,6,54,271,317
201807021246_050,14,18,Miscboat,553,567,251,269
201807021246_051,24,16,Miscboat,545,569,255,271
201807021246_052,22,15,Miscboat,512,534,257,272
201807021246_053,23,17,Miscboat,543,566,257,274
201807021246_054,29,19,Miscboat,520,549,258,277
201807021246_055,39,29,Miscboat,465,504,258,287
201807021246_056,61,37,Miscboat,73,134,275,312
201807021246_044,15,12,Passengership,647,662,250,262
201807021246_045,16,13,Passengership,666,682,247,260
201807021246_046,18,14,Passengership,653,671,247,261
201807021246_047,28,25,Passengership,674,702,239,264
201807021246_048,27,20,Passengership,669,696,246,266
201807021246_049,34,25,Passengership,548,582,246,271
201807021246_050,41,29,Passengership,497,538,243,272
201807021246_051,48,32,Passengership,485,533,243,275
201807021246_052,54,29,Passengership,442,496,247,276
201807021246_053,75,41,Passengership,434,509,241,282
201807021246_054,97,60,Passengership,382,479,233,293
201807021246_055,144,58,Passengership,258,402,245,303
201807021246_056,62,38,Miscboat,861,923,257,295
201807021246_057,118,63,Miscboat,792,910,263,326
201807021246_058,120,78,Motorboat,809,929,254,332
201807021246_059,146,70,Motorboat,106,252,285,355
201807021246_011,20,12,Boat,350,370,278,290
201807021246_017,41,18,Boat,1003,1044,256,274
201807021246_019,23,11,Boat,1222,1245,251,262
201807021246_019,24,15,Boat,1182,1206,250,265
201807021246_019,21,16,Boat,1157,1178,248,264
201807021246_046,151,264,Sailboat,21,172,78,342
201807021246_047,90,117,Miscboat,250,340,189,306
201807021246_055,63,64,Motorboat,1088,1151,240,304
201807021246_059,31,22,Motorboat,780,811,256,278
201807021246_059,24,26,Motorboat,478,502,258,284
201807021246_017,50,133,Sailboat,1185,1235,118,251
201807021246_019,44,75,Sailboat,1026,1070,187,262
201807021246_019,23,67,Sailboat,996,1019,199,266
201807021246_038,37,97,Sailboat,297,334,190,287
201807021246_043,168,295,Sailboat,38,206,37,332
201807021246_038,66,237,Sailboat,66,132,100,337
201807021246_044,66,120,Sailboat,369,435,177,297
201807021246_000,60,24,Passengership,510,570,250,274
201807021246_038,14,12,Passengership,482,496,253,265
201807021246_059,42,33,Passengership,735,777,244,277
201807021246_059,144,69,Passengership,1029,1173,237,306
201807021246_048,65,124,Passengership,1216,1281,202,326
201807021246_007,24,12,Boat,763,787,273,285
201807021246_013,103,37,Miscboat,103,206,258,295
201807021246_021,78,56,Miscboat,1,79,264,320
201807021246_033,71,107,Miscboat,71,142,229,336
201807021246_059,33,21,Ferry,585,618,250,271
201807021246_041,88,180,Sailboat,240,328,138,318
201807021246_042,87,177,Sailboat,329,416,131,308
201807021246_044,148,232,Sailboat,132,280,99,331
201807021246_046,83,37,Motorboat,159,242,295,332
201807021246_011,95,42,Militaryship,923,1018,231,273
201807021316_000,45,41,Motorboat,173,218,261,302
201807021316_001,92,78,Motorboat,124,216,239,317
201807021316_000,44,38,Passengership,638,682,246,284
201807021316_001,59,55,Passengership,822,881,239,294
201807021316_002,133,94,Passengership,1125,1258,224,318
201807021316_001,35,33,Motorboat,280,315,262,295
201807021316_002,78,55,Motorboat,182,260,262,317
201807021316_000,58,49,Passengership,578,636,231,280
201807021316_001,72,74,Passengership,745,817,214,288
201807021316_002,128,99,Passengership,964,1092,198,297
201807021316_003,100,173,Passengership,1180,1280,167,340
201807021316_001,33,26,Miscboat,337,370,260,286
201807021316_002,55,29,Miscboat,351,406,265,294
201807021316_003,122,146,Miscboat,22,144,202,348
201807021316_001,33,26,Miscboat,370,403,256,282
201807021316_002,53,27,Miscboat,411,464,261,288
201807021316_003,114,52,Miscboat,204,318,269,321
201807021316_001,28,26,Passengership,410,438,250,276
201807021316_002,39,33,Passengership,498,537,243,276
201807021316_003,66,51,Passengership,384,450,240,291
201807021316_004,159,119,Passengership,75,234,216,335
201807021316_001,25,22,Motorboat,692,717,254,276
201807021316_002,27,23,Motorboat,864,891,251,274
201807021316_003,59,38,Motorboat,906,965,254,292
201807021316_004,120,77,Motorboat,980,1100,241,318
201807021316_002,36,34,Motorboat,463,499,245,279
201807021316_003,66,48,Motorboat,317,383,255,303
201807021316_001,20,23,Passengership,438,458,250,273
201807021316_002,32,23,Passengership,535,567,248,271
201807021316_003,59,41,Passengership,449,508,242,283
201807021316_004,94,134,Passengership,281,375,166,300
201807021316_005,211,114,Passengership,94,305,213,327
201807021316_004,62,24,Motorboat,739,801,266,290
201807021316_005,110,34,Motorboat,907,1017,274,308
201807021316_002,59,20,Ferry,802,861,253,273
201807021316_003,71,24,Ferry,813,884,260,284
201807021316_004,109,36,Ferry,815,924,262,298
201807021316_005,174,83,Ferry,1100,1274,252,335
201807021316_001,46,19,Ferry,646,692,255,274
201807021316_003,56,23,Ferry,804,860,255,278
201807021316_005,346,85,Ferry,1052,1398,258,343
201807021316_006,194,307,Sailboat,1078,1272,36,343
201807021316_007,132,298,Sailboat,1137,1269,44,342
201807021316_005,104,144,Sailboat,847,951,153,297
201807021316_006,102,40,Motorboat,980,1082,277,317
201807021316_007,89,288,Sailboat,1024,1113,36,324
201807021316_008,183,339,Sailboat,1088,1271,15,354
201807021316_004,32,138,Sailboat,404,436,147,285
201807021316_005,47,181,Sailboat,387,434,108,289
201807021316_006,113,328,Sailboat,180,293,1,329
201807021316_005,39,46,Miscboat,429,468,243,289
201807021316_006,71,64,Miscboat,294,365,242,306
201807021316_007,157,155,Miscboat,1,158,209,364
201807021316_005,17,16,Motorboat,480,497,266,282
201807021316_006,29,21,Motorboat,410,439,273,294
201807021316_007,48,30,Motorboat,305,353,278,308
201807021316_005,15,12,Motorboat,507,522,264,276
201807021316_006,30,18,Motorboat,453,483,267,285
201807021316_007,29,19,Motorboat,381,410,278,297
201807021316_008,52,33,Motorboat,82,134,302,335
201807021316_007,32,28,Motorboat,403,435,266,294
201807021316_008,80,36,Motorboat,129,209,288,324
201807021316_007,35,43,Miscboat,461,496,238,281
201807021316_008,58,55,Miscboat,331,389,238,293
201807021316_009,143,126,Miscboat,59,202,209,335
201807021316_007,96,214,Sailboat,857,953,86,300
201807021316_008,149,255,Sailboat,997,1146,67,322
201807021316_010,18,12,Boat,845,863,286,298
201807021316_011,28,18,Boat,988,1016,302,320
201807021316_007,14,14,Motorboat,556,570,255,269
201807021316_008,11,15,Motorboat,503,514,257,272
201807021316_009,21,20,Motorboat,471,492,255,275
201807021316_010,32,38,Motorboat,355,387,246,284
201807021316_011,41,26,Motorboat,336,377,261,287
201807021316_012,74,53,Motorboat,180,254,259,312
201807021316_008,41,101,Sailboat,712,753,171,272
201807021316_009,42,128,Sailboat,746,788,148,276
201807021316_010,56,174,Sailboat,716,772,117,291
201807021316_011,76,216,Sailboat,780,856,80,296
201807021316_012,186,350,Sailboat,939,1125,1,351
201807021316_014,33,21,Miscboat,886,919,267,288
201807021316_015,39,41,Miscboat,928,967,261,302
201807021316_016,41,32,Miscboat,1015,1056,289,321
201807021316_017,86,51,Miscboat,1164,1250,318,369
201807021316_014,36,21,Militaryship,844,880,267,288
201807021316_015,43,40,Militaryship,878,921,261,301
201807021316_016,62,57,Militaryship,934,996,264,321
201807021316_017,91,72,Militaryship,1053,1144,288,360
201807021316_017,138,38,Motorboat,910,1048,281,319
201807021316_018,187,94,Motorboat,1092,1279,285,379
201807021316_010,42,114,Sailboat,663,705,146,260
201807021316_011,69,120,Sailboat,705,774,142,262
201807021316_012,92,160,Sailboat,754,846,113,273
201807021316_013,59,178,Sailboat,845,904,83,261
201807021316_014,129,235,Sailboat,834,963,32,267
201807021316_015,94,258,Sailboat,878,972,1,259
201807021316_016,130,267,Sailboat,882,1012,1,268
201807021316_017,284,259,Sailboat,815,1099,10,269
201807021316_018,416,296,Sailboat,855,1271,4,300
201807021316_019,222,393,Sailboat,1058,1280,1,394
201807021316_017,35,77,Militaryship,837,872,209,286
201807021316_018,122,77,Militaryship,780,902,200,277
201807021316_019,74,58,Militaryship,925,999,257,315
201807021316_020,184,122,Militaryship,812,996,168,290
201807021316_020,73,65,Militaryship,967,1040,251,316
201807021316_021,97,102,Militaryship,1162,1259,259,361
201807021316_015,6,5,Boat,737,743,263,268
201807021316_016,10,5,Boat,691,701,264,269
201807021316_017,7,6,Boat,616,623,265,271
201807021316_018,8,7,Boat,580,588,268,275
201807021316_019,16,9,Boat,523,539,273,282
201807021316_020,21,17,Boat,442,463,281,298
201807021316_021,51,32,Boat,279,330,293,325
201807021316_016,41,62,Militaryship,836,877,216,278
201807021316_017,39,47,Militaryship,795,834,232,279
201807021316_018,51,64,Militaryship,787,838,217,281
201807021316_019,103,105,Militaryship,795,898,187,292
201807021316_020,138,90,Militaryship,816,954,212,302
201807021316_021,259,191,Militaryship,888,1147,139,330
201807021316_022,218,391,Militaryship,1063,1281,1,392
201807021316_015,46,88,Cruiseship,831,877,185,273
201807021316_016,43,104,Cruiseship,805,848,170,274
201807021316_017,73,69,Cruiseship,749,822,200,269
201807021316_018,54,127,Cruiseship,731,785,149,276
201807021316_019,86,150,Cruiseship,718,804,128,278
201807021316_020,127,118,Cruiseship,711,838,172,290
201807021316_021,142,217,Cruiseship,742,884,76,293
201807021316_022,277,325,Cruiseship,762,1039,1,326
201807021316_023,407,338,Cruiseship,857,1264,31,369
201807021316_022,43,63,Militaryship,716,759,214,277
201807021316_023,59,44,Militaryship,758,817,240,284
201807021316_024,89,131,Militaryship,829,918,169,300
201807021316_023,62,85,Militaryship,730,792,195,280
201807021316_024,60,120,Militaryship,769,829,168,288
201807021316_025,143,211,Militaryship,813,956,105,316
201807021316_026,191,164,Militaryship,1076,1267,236,400
201807021316_027,77,115,Militaryship,890,967,188,303
201807021316_028,177,259,Militaryship,980,1157,111,370
201807021316_026,16,14,Motorboat,433,449,249,263
201807021316_027,18,15,Motorboat,306,324,247,262
201807021316_028,27,17,Motorboat,80,107,255,272
201807021316_025,38,53,Sailboat,471,509,214,267
201807021316_026,39,57,Sailboat,461,500,207,264
201807021316_027,51,73,Sailboat,333,384,193,266
201807021316_028,58,86,Sailboat,117,175,185,271
201807021316_022,38,8,Miscboat,598,636,256,264
201807021316_023,42,9,Miscboat,609,651,255,264
201807021316_024,46,10,Miscboat,608,654,253,263
201807021316_025,49,10,Miscboat,577,626,257,267
201807021316_026,66,10,Miscboat,578,644,254,264
201807021316_027,77,14,Miscboat,475,552,252,266
201807021316_028,92,18,Miscboat,285,377,251,269
201807021316_029,139,18,Miscboat,78,217,257,275
201807021316_025,16,10,Motorboat,734,750,259,269
201807021316_026,18,11,Motorboat,760,778,258,269
201807021316_027,21,11,Motorboat,688,709,257,268
201807021316_028,27,54,Sailboat,542,569,215,269
201807021316_029,38,83,Sailboat,430,468,189,272
201807021316_030,36,82,Sailboat,256,292,192,274
201807021316_025,25,13,Motorboat,762,787,256,269
201807021316_026,28,14,Motorboat,790,818,254,268
201807021316_027,38,17,Motorboat,722,760,251,268
201807021316_028,47,22,Motorboat,584,631,248,270
201807021316_029,54,26,Motorboat,489,543,246,272
201807021316_030,60,24,Motorboat,321,381,250,274
201807021316_027,25,12,Motorboat,778,803,259,271
201807021316_028,30,13,Motorboat,652,682,257,270
201807021316_029,34,14,Motorboat,571,605,256,270
201807021316_030,43,18,Motorboat,415,458,256,274
201807021316_029,63,23,Militaryship,881,944,253,276
201807021316_030,104,37,Militaryship,751,855,245,282
201807021316_031,138,49,Militaryship,403,541,236,285
201807021316_032,107,38,Militaryship,192,299,241,279
201807021316_029,70,50,Militaryship,1028,1098,228,278
201807021316_030,50,65,Militaryship,917,967,216,281
201807021316_031,69,65,Militaryship,607,676,207,272
201807021316_032,72,77,Militaryship,448,520,195,272
201807021316_031,5,12,Seamark,897,902,260,272
201807021316_032,8,15,Seamark,782,790,255,270
201807021316_033,7,14,Seamark,506,513,252,266
201807021316_034,7,19,Seamark,439,446,256,275
201807021316_035,7,26,Seamark,259,266,256,282
201807021316_036,9,35,Seamark,96,105,262,297
201807021316_033,8,7,Boat,529,537,260,267
201807021316_034,11,12,Boat,408,419,268,280
201807021316_030,107,55,Militaryship,921,1028,222,277
201807021316_031,132,67,Militaryship,610,742,205,272
201807021316_032,120,47,Militaryship,483,603,222,269
201807021316_033,170,67,Militaryship,124,294,216,283
201807021316_034,128,102,Militaryship,1,129,192,294
201807021316_034,4,10,Seamark,244,248,260,270
201807021316_035,6,12,Seamark,90,96,262,274
201807021316_036,5,11,Seamark,17,22,267,278
201807021316_038,37,15,Miscboat,475,512,250,265
201807021316_039,41,16,Miscboat,436,477,249,265
201807021316_040,45,18,Miscboat,404,449,249,267
201807021316_041,55,41,Miscboat,411,466,228,269
201807021316_037,20,19,Passengership,529,549,252,271
201807021316_038,22,21,Passengership,473,495,251,272
201807021316_039,65,55,Passengership,227,292,237,292
201807021316_040,6,16,Seamark,180,186,263,279
201807021316_041,6,22,Seamark,101,107,262,284
201807021316_035,54,17,Militaryship,643,697,249,266
201807021316_036,59,19,Militaryship,649,708,248,267
201807021316_037,76,24,Militaryship,674,750,245,269
201807021316_038,82,27,Militaryship,703,785,244,271
201807021316_039,118,39,Militaryship,689,807,239,278
201807021316_040,200,66,Militaryship,678,878,228,294
201807021316_041,200,58,Militaryship,792,992,234,292
201807021316_043,41,78,Sailboat,570,611,200,278
201807021316_044,70,97,Sailboat,257,327,190,287
201807021316_043,21,17,Motorboat,873,894,260,277
201807021316_044,29,22,Motorboat,667,696,258,280
201807021316_045,36,28,Motorboat,402,438,260,288
201807021316_043,39,43,Sailboat,957,996,238,281
201807021316_044,75,65,Sailboat,776,851,217,282
201807021316_047,25,16,Motorboat,240,265,284,300
201807021316_048,37,17,Motorboat,94,131,287,304
201807021316_047,7,27,Seamark,144,151,263,290
201807021316_048,8,28,Seamark,209,217,261,289
201807021316_049,10,33,Seamark,72,82,265,298
201807021316_047,162,61,Miscboat,802,964,224,285
201807021316_048,167,77,Miscboat,953,1120,219,296
201807021316_049,237,68,Miscboat,931,1168,236,304
201807021316_050,100,155,Miscboat,1047,1147,157,312
201807021316_049,4,12,Seamark,904,908,257,269
201807021316_050,4,13,Seamark,873,877,256,269
201807021316_051,6,14,Seamark,865,871,257,271
201807021316_052,6,16,Seamark,732,738,257,273
201807021316_053,7,18,Seamark,603,610,256,274
201807021316_054,9,19,Seamark,429,438,259,278
201807021316_055,8,22,Seamark,217,225,264,286
201807021316_051,5,17,Seamark,1244,1249,264,281
201807021316_052,8,20,Seamark,1173,1181,263,283
201807021316_053,5,22,Seamark,1122,1127,262,284
201807021316_054,11,30,Seamark,1042,1053,257,287
201807021316_055,12,35,Seamark,951,963,255,290
201807021316_056,11,59,Seamark,1052,1063,253,312
201807021316_054,4,10,Seamark,1172,1176,260,270
201807021316_055,4,10,Seamark,1039,1043,256,266
201807021316_056,6,13,Seamark,1005,1011,256,269
201807021316_057,5,12,Seamark,794,799,257,269
201807021316_058,6,13,Seamark,829,835,258,271
201807021316_059,7,15,Seamark,894,901,257,272
201807021316_060,8,21,Seamark,985,993,259,280
201807021316_061,11,37,Seamark,1076,1087,256,293
201807021316_058,4,8,Seamark,484,488,260,268
201807021316_059,2,9,Seamark,481,483,259,268
201807021316_060,5,9,Seamark,470,475,262,271
201807021316_061,6,14,Seamark,370,376,260,274
201807021316_057,4,11,Seamark,473,477,259,270
201807021316_058,5,15,Seamark,446,451,260,275
201807021316_059,3,19,Seamark,414,417,259,278
201807021316_060,8,24,Seamark,350,358,262,286
201807021316_061,11,37,Seamark,147,158,266,303
201807021316_058,4,8,Seamark,733,737,256,264
201807021316_059,4,9,Seamark,758,762,255,264
201807021316_060,4,6,Seamark,788,792,258,264
201807021316_058,4,8,Seamark,719,723,257,265
201807021316_059,3,8,Seamark,746,749,257,265
201807021316_060,5,11,Seamark,779,784,258,269
201807021316_061,6,15,Seamark,738,744,255,270
201807021316_005,12,9,Boat,500,512,268,277
201807021316_017,18,14,Boat,734,752,252,266
201807021316_020,114,60,Miscboat,1162,1276,284,344
201807021316_029,15,20,Miscboat,610,625,250,270
201807021316_032,43,29,Militaryship,127,170,247,276
201807021316_032,66,21,Militaryship,55,121,260,281
201807021316_035,12,14,Miscboat,453,465,250,264
201807021316_035,37,10,Miscboat,410,447,255,265
201807021316_035,25,15,Miscboat,469,494,249,264
201807021316_041,57,26,Miscboat,262,319,248,274
201807021316_041,64,30,Miscboat,347,411,242,272
201807021316_041,23,20,Miscboat,321,344,252,272
201807021316_047,82,26,Miscboat,1035,1117,263,289
201807021316_047,72,41,Miscboat,960,1032,247,288
201807021316_050,155,50,Miscboat,1097,1252,271,321
201807021316_008,81,163,Sailboat,933,1014,142,305
201807021316_026,28,41,Sailboat,270,298,224,265
201807021316_026,17,46,Sailboat,371,388,218,264
201807021316_026,25,47,Sailboat,395,420,219,266
201807021316_026,28,46,Sailboat,321,349,218,264
201807021316_046,158,255,Sailboat,56,214,74,329
201807021316_000,128,123,Passengership,1152,1280,227,350
201807021316_009,134,48,Motorboat,1044,1178,278,326
201807021316_028,18,11,Motorboat,246,264,259,270
201807021316_003,91,51,Militaryship,999,1090,255,306
201807021316_025,256,290,Militaryship,953,1209,71,361
201807021316_043,98,137,Militaryship,1110,1208,184,321
201807021316_030,4,19,Seamark,389,393,257,276
201807021316_031,6,20,Seamark,495,501,256,276
201807021316_031,4,7,Seamark,753,757,257,264
201807021316_037,3,7,Seamark,66,69,267,274
201807021316_037,4,9,Seamark,350,354,260,269
201807021316_042,10,28,Seamark,29,39,266,294
201807021316_045,9,50,Seamark,887,896,273,323
201807021316_046,21,243,Seamark,1148,1169,349,592
201807021316_046,7,49,Seamark,232,239,289,338
201807021316_055,4,9,Seamark,798,802,255,264
201807021316_055,3,7,Seamark,1011,1014,256,263
201807021316_055,3,7,Seamark,990,993,256,263
201807021316_055,4,9,Seamark,818,822,253,262
201807021316_029,100,206,Cargoship,1169,1269,193,399
201807021316_057,4,6,Seamark,497,501,260,266
201807021316_057,3,7,Seamark,708,711,258,265
201807021316_057,4,7,Seamark,722,726,256,263
201807021316_057,6,5,Seamark,692,698,257,262
201807021316_017,94,64,Militaryship,782,876,213,277
201807021316_020,105,89,Miscboat,1045,1150,259,348
201807021316_018,41,22,Militaryship,862,903,271,293
201807021347_000,11,29,Seamark,332,343,256,285
201807021347_001,10,35,Seamark,294,304,259,294
201807021347_002,21,55,Seamark,224,245,264,319
201807021347_002,31,71,Sailboat,53,84,212,283
201807021347_003,28,86,Sailboat,48,76,203,289
201807021347_004,29,88,Sailboat,156,185,196,284
201807021347_005,27,59,Sailboat,167,194,229,288
201807021347_006,48,117,Sailboat,139,187,174,291
201807021347_007,22,157,Sailboat,93,115,145,302
201807021347_002,15,73,Sailboat,36,51,212,285
201807021347_003,50,84,Sailboat,4,54,206,290
201807021347_007,28,97,Sailboat,119,147,204,301
201807021347_008,38,155,Sailboat,8,46,167,322
201807021347_009,87,227,Sailboat,222,309,103,330
201807021347_004,18,85,Sailboat,134,152,199,284
201807021347_005,40,105,Sailboat,128,168,186,291
201807021347_006,26,123,Sailboat,109,135,174,297
201807021347_004,29,76,Sailboat,54,83,213,289
201807021347_005,53,84,Sailboat,28,81,211,295
201807021347_006,47,99,Sailboat,1,48,200,299
201807021347_005,44,81,Sailboat,81,125,211,292
201807021347_006,20,123,Sailboat,84,104,171,294
201807021347_007,34,129,Sailboat,7,41,177,306
201807021347_008,78,348,Sailboat,-10,68,98,446
201807021347_009,79,350,Sailboat,1,80,1,351
201807021347_004,23,6,Boat,186,209,274,280
201807021347_005,32,8,Boat,193,225,278,286
201807021347_002,20,7,Boat,294,314,265,272
201807021347_003,22,8,Boat,347,369,265,273
201807021347_004,18,7,Boat,504,522,262,269
201807021347_005,20,8,Boat,558,578,261,269
201807021347_006,22,9,Boat,630,652,260,269
201807021347_007,28,11,Boat,745,773,258,269
201807021347_008,43,17,Motorboat,648,691,268,285
201807021347_002,14,11,Boat,206,220,266,277
201807021347_003,15,12,Boat,238,253,266,278
201807021347_004,20,8,Boat,369,389,266,274
201807021347_005,21,9,Boat,408,429,266,275
201807021347_006,23,10,Boat,454,477,265,275
201807021347_007,31,11,Motorboat,529,560,268,279
201807021347_002,25,10,Motorboat,103,128,272,282
201807021347_003,34,14,Motorboat,103,137,273,287
201807021347_004,33,8,Motorboat,219,252,272,280
201807021347_005,36,14,Motorboat,232,268,272,286
201807021347_006,48,19,Motorboat,230,278,271,290
201807021347_007,39,12,Motorboat,202,241,280,292
201807021347_008,65,20,Motorboat,100,165,293,313
201807021347_011,6,15,Seamark,491,497,261,276
201807021347_012,7,16,Seamark,438,445,260,276
201807021347_013,2,10,Seamark,511,513,265,275
201807021347_014,6,19,Seamark,480,486,259,278
201807021347_015,11,23,Seamark,387,398,260,283
201807021347_016,6,23,Seamark,298,304,266,289
201807021347_017,12,29,Seamark,155,167,267,296
201807021347_018,13,48,Seamark,0,13,267,315
201807021347_014,13,10,Boat,800,813,262,272
201807021347_015,25,17,Boat,627,652,262,279
201807021347_016,30,13,Boat,381,411,273,286
201807021347_011,6,24,Seamark,760,766,254,278
201807021347_012,10,23,Seamark,727,737,253,276
201807021347_013,8,25,Seamark,833,841,255,280
201807021347_014,11,30,Seamark,863,874,255,285
201807021347_015,14,37,Seamark,844,858,254,291
201807021347_016,14,44,Seamark,851,865,254,298
201807021347_017,18,62,Seamark,856,874,255,317
201807021347_018,32,111,Seamark,945,977,249,360
201807021347_016,4,7,Seamark,823,827,262,269
201807021347_017,4,13,Seamark,767,771,257,270
201807021347_018,7,16,Seamark,733,740,257,273
201807021347_019,4,17,Seamark,689,693,257,274
201807021347_020,6,19,Seamark,548,554,257,276
201807021347_021,13,26,Seamark,373,386,257,283
201807021347_022,8,30,Seamark,158,166,264,294
201807021347_020,6,21,Seamark,1090,1096,259,280
201807021347_021,14,27,Seamark,1011,1025,255,282
201807021347_022,8,29,Seamark,920,928,259,288
201807021347_023,11,49,Seamark,850,861,255,304
201807021347_024,40,134,Seamark,1138,1178,253,387
201807021347_027,10,22,Seamark,681,691,251,273
201807021347_028,4,20,Seamark,696,700,260,280
201807021347_029,8,28,Seamark,667,675,257,285
201807021347_030,19,46,Seamark,765,784,255,301
201807021347_031,39,113,Seamark,927,966,252,365
201807021347_031,31,13,Passengership,1073,1104,252,265
201807021347_032,33,14,Passengership,1027,1060,251,265
201807021347_033,41,18,Passengership,922,963,250,268
201807021347_034,49,23,Passengership,721,770,245,268
201807021347_035,74,43,Passengership,430,504,243,286
201807021347_023,14,25,Cruiseship,767,781,235,260
201807021347_024,15,28,Cruiseship,741,756,233,261
201807021347_025,18,27,Cruiseship,675,693,233,260
201807021347_026,17,33,Cruiseship,615,632,231,264
201807021347_027,25,25,Cruiseship,588,613,234,259
201807021347_028,18,31,Cruiseship,594,612,231,262
201807021347_029,22,37,Cruiseship,547,569,226,263
201807021347_030,22,36,Cruiseship,598,620,226,262
201807021347_031,25,39,Cruiseship,586,611,225,264
201807021347_032,22,40,Cruiseship,577,599,225,265
201807021347_033,25,43,Cruiseship,512,537,226,269
201807021347_034,31,47,Cruiseship,394,425,221,268
201807021347_035,32,53,Cruiseship,265,297,222,275
201807021347_036,44,73,Cruiseship,136,180,214,287
201807021347_037,31,61,Cruiseship,59,90,221,282
201807021347_031,4,14,Seamark,896,900,257,271
201807021347_032,6,17,Seamark,912,918,255,272
201807021347_033,7,19,Seamark,889,896,254,273
201807021347_034,6,23,Seamark,856,862,257,280
201807021347_035,12,32,Seamark,826,838,257,289
201807021347_036,22,59,Seamark,864,886,252,311
201807021347_037,30,95,Seamark,935,965,254,349
201807021347_038,28,14,Passengership,846,874,252,266
201807021347_039,31,15,Passengership,770,801,250,265
201807021347_040,42,26,Passengership,583,625,248,274
201807021347_041,87,37,Passengership,217,304,257,294
201807021347_032,75,34,Militaryship,1193,1268,233,267
201807021347_033,80,37,Militaryship,1170,1250,236,273
201807021347_034,84,48,Militaryship,1127,1211,222,270
201807021347_035,91,54,Militaryship,1084,1175,218,272
201807021347_036,118,57,Militaryship,1063,1181,214,271
201807021347_037,66,59,Militaryship,1073,1139,211,270
201807021347_038,70,68,Militaryship,1056,1126,202,270
201807021347_039,99,51,Militaryship,1032,1131,222,273
201807021347_040,129,90,Militaryship,1046,1175,187,277
201807021347_041,162,110,Militaryship,1117,1279,174,284
201807021347_042,73,92,Militaryship,1208,1281,198,290
201807021347_040,6,20,Seamark,750,756,257,277
201807021347_041,10,31,Seamark,758,768,253,284
201807021347_042,15,41,Seamark,800,815,255,296
201807021347_001,7,8,Boat,340,347,261,269
201807021347_009,215,44,Motorboat,263,478,295,339
201807021347_009,77,24,Motorboat,472,549,281,305
201807021347_010,45,21,Motorboat,804,849,259,280
201807021347_010,19,7,Boat,701,720,269,276
201807021347_005,17,80,Sailboat,9,26,217,297
201807021347_008,40,102,Sailboat,51,91,215,317
201807021347_007,43,150,Sailboat,47,90,154,304
201807021347_004,19,74,Sailboat,89,108,214,288
201807021347_006,23,102,Sailboat,52,75,195,297
201807021347_004,17,70,Sailboat,112,129,216,286
201807021347_009,109,351,Sailboat,92,201,1,352
201807021347_010,91,219,Sailboat,1188,1279,101,320
201807021347_010,43,80,Sailboat,741,784,199,279
201807021347_010,17,78,Sailboat,641,658,206,284
201807021347_038,20,45,Sailboat,761,781,228,273
201807021347_040,45,171,Sailboat,404,449,128,299
201807021347_000,17,19,Boat,359,376,273,292
201807021347_000,11,23,Seamark,996,1007,258,281
201807021347_001,4,12,Seamark,1094,1098,262,274
201807021347_008,16,22,Seamark,50,66,338,360
201807021347_010,19,30,Seamark,661,680,355,385
201807021347_010,5,21,Seamark,42,47,271,292
201807021347_014,5,11,Seamark,898,903,257,268
201807021347_042,21,81,Seamark,847,868,281,362
201807021347_041,13,41,Seamark,751,764,271,312
201807021347_008,29,12,Boat,929,958,258,270
201807021347_038,41,19,Miscboat,1188,1229,248,267
201807021417_000,4,24,Seamark,1115,1119,271,295
201807021417_001,5,33,Seamark,1151,1156,278,311
201807021417_003,4,17,Seamark,1011,1015,266,283
201807021417_004,4,19,Seamark,1039,1043,272,291
201807021417_005,4,21,Seamark,1091,1095,276,297
201807021417_006,11,47,Seamark,1228,1239,271,318
201807021417_002,48,11,Motorboat,1064,1112,259,270
201807021417_003,72,14,Motorboat,1022,1094,255,269
201807021417_004,65,13,Motorboat,1030,1095,260,273
201807021417_005,70,15,Motorboat,1038,1108,260,275
201807021417_006,78,19,Motorboat,1090,1168,262,281
201807021417_007,100,22,Motorboat,1174,1274,265,287
201807021417_008,46,126,Sailboat,1223,1269,161,287
201807021417_010,41,36,Cargoship,222,263,259,295
201807021417_011,95,98,Cargoship,147,242,216,314
201807021417_012,216,105,Cargoship,3,219,244,349
201807021417_013,75,99,Cargoship,4,79,243,342
201807021417_012,55,57,Miscboat,218,273,251,308
201807021417_013,119,111,Miscboat,84,203,226,337
201807021417_014,49,103,Militaryship,198,247,187,290
201807021417_015,78,129,Militaryship,187,265,176,305
201807021417_016,238,151,Militaryship,39,277,191,342
201807021417_015,59,76,Cruiseship,279,338,203,279
201807021417_016,86,95,Cruiseship,408,494,188,283
201807021417_017,146,129,Cruiseship,258,404,164,293
201807021417_018,305,309,Cruiseship,57,362,16,325
201807021417_019,258,299,Cruiseship,3,261,50,349
201807021417_017,39,56,Militaryship,406,445,222,278
201807021417_018,53,76,Militaryship,389,442,208,284
201807021417_019,69,82,Militaryship,339,408,213,295
201807021417_020,163,170,Militaryship,89,252,147,317
201807021417_021,127,131,Militaryship,1,128,197,328
201807021417_020,40,28,Miscboat,259,299,267,295
201807021417_021,74,37,Miscboat,136,210,274,311
201807021417_020,53,28,Miscboat,305,358,263,291
201807021417_021,66,34,Miscboat,213,279,267,301
201807021417_022,113,58,Miscboat,3,116,274,332
201807021417_015,29,106,Passengership,341,370,164,270
201807021417_016,56,113,Passengership,506,562,153,266
201807021417_017,53,142,Passengership,452,505,131,273
201807021417_018,68,167,Passengership,454,522,106,273
201807021417_019,92,194,Passengership,427,519,84,278
201807021417_020,132,248,Passengership,318,450,33,281
201807021417_021,131,292,Passengership,279,410,1,293
201807021417_022,311,302,Passengership,61,372,11,313
201807021417_023,300,330,Passengership,9,309,11,341
201807021417_024,166,339,Passengership,0,166,1,340
201807021417_020,36,22,Miscboat,451,487,259,281
201807021417_021,44,26,Miscboat,416,460,259,285
201807021417_022,41,19,Miscboat,377,418,269,288
201807021417_023,70,31,Miscboat,300,370,269,300
201807021417_024,99,48,Miscboat,167,266,274,322
201807021417_022,27,24,Miscboat,418,445,258,282
201807021417_023,41,24,Miscboat,377,418,268,292
201807021417_024,67,34,Miscboat,308,375,267,301
201807021417_025,101,35,Miscboat,159,260,286,321
201807021417_026,57,26,Boat,82,139,294,320
201807021417_020,19,51,Sailboat,596,615,219,270
201807021417_021,23,61,Sailboat,581,604,212,273
201807021417_022,29,80,Sailboat,611,640,200,280
201807021417_023,28,71,Sailboat,629,657,201,272
201807021417_024,38,90,Sailboat,673,711,185,275
201807021417_025,43,105,Sailboat,687,730,172,277
201807021417_026,46,130,Sailboat,707,753,150,280
201807021417_027,63,149,Sailboat,779,842,137,286
201807021417_028,112,233,Sailboat,1009,1121,70,303
201807021417_028,28,8,Ferry,733,761,257,265
201807021417_029,32,10,Ferry,606,638,257,267
201807021417_031,49,113,Sailboat,358,407,182,295
201807021417_032,91,43,Motorboat,58,149,286,329
201807021417_030,41,46,Miscboat,815,856,235,281
201807021417_031,67,50,Miscboat,850,917,239,289
201807021417_032,161,98,Miscboat,935,1096,221,319
201807021417_033,136,128,Miscboat,1144,1280,262,390
201807021417_031,23,12,Miscboat,507,530,254,266
201807021417_032,27,24,Boat,444,471,245,269
201807021417_031,20,17,Motorboat,756,776,263,280
201807021417_032,26,27,Motorboat,756,782,263,290
201807021417_033,43,37,Motorboat,776,819,263,300
201807021417_034,68,46,Motorboat,897,965,275,321
201807021417_035,114,84,Motorboat,1070,1184,284,368
201807021417_031,67,94,Sailboat,434,501,187,281
201807021417_032,88,147,Sailboat,312,400,144,291
201807021417_033,122,170,Sailboat,195,317,129,299
201807021417_034,104,137,Sailboat,224,328,161,298
201807021417_035,89,189,Sailboat,135,224,126,315
201807021417_036,106,245,Sailboat,1,107,88,333
201807021417_034,159,236,Sailboat,125,284,78,314
201807021417_035,124,320,Sailboat,9,133,16,336
201807021417_031,16,13,Motorboat,736,752,264,277
201807021417_032,24,18,Motorboat,718,742,266,284
201807021417_033,24,21,Motorboat,724,748,268,289
201807021417_034,36,25,Motorboat,820,856,274,299
201807021417_035,43,38,Motorboat,887,930,280,318
201807021417_036,90,63,Motorboat,1020,1110,294,357
201807021417_032,17,18,Passengership,632,649,251,269
201807021417_033,19,20,Passengership,622,641,252,272
201807021417_034,27,24,Passengership,686,713,251,275
201807021417_035,30,25,Passengership,692,722,249,274
201807021417_036,33,32,Passengership,697,730,243,275
201807021417_037,35,39,Passengership,749,784,240,279
201807021417_038,52,55,Passengership,792,844,233,288
201807021417_034,64,111,Sailboat,362,426,175,286
201807021417_035,108,36,Ferry,444,552,249,285
201807021417_036,95,32,Ferry,490,585,252,284
201807021417_037,117,38,Ferry,567,684,250,288
201807021417_038,133,44,Ferry,670,803,250,294
201807021417_039,173,57,Ferry,818,991,249,306
201807021417_034,78,127,Sailboat,329,407,173,300
201807021417_035,61,145,Sailboat,298,359,152,297
201807021417_036,72,126,Sailboat,282,354,171,297
201807021417_035,68,182,Sailboat,225,293,124,306
201807021417_036,90,180,Sailboat,192,282,128,308
201807021417_037,112,231,Sailboat,81,193,91,322
201807021417_037,104,158,Sailboat,218,322,146,304
201807021417_038,87,31,Motorboat,229,316,277,308
201807021417_039,76,46,Motorboat,70,146,294,340
201807021417_032,25,31,Motorboat,677,702,246,277
201807021417_033,29,39,Motorboat,672,701,244,283
201807021417_034,37,44,Motorboat,745,782,243,287
201807021417_035,53,54,Motorboat,767,820,240,294
201807021417_036,71,91,Motorboat,803,874,215,306
201807021417_037,122,112,Motorboat,909,1031,219,331
201807021417_038,157,220,Motorboat,1122,1279,190,410
201807021417_031,30,97,Sailboat,695,725,177,274
201807021417_032,21,116,Sailboat,660,681,155,271
201807021417_033,31,196,Sailboat,651,682,100,296
201807021417_034,31,194,Sailboat,724,755,94,288
201807021417_035,33,199,Sailboat,744,777,83,282
201807021417_036,36,262,Sailboat,767,803,38,300
201807021417_037,65,295,Sailboat,859,924,12,307
201807021417_038,129,353,Sailboat,993,1122,1,354
201807021417_035,24,37,Passengership,721,745,242,279
201807021417_036,34,48,Passengership,731,765,234,282
201807021417_037,62,57,Passengership,792,854,235,292
201807021417_038,117,91,Passengership,851,968,212,303
201807021417_039,240,242,Passengership,991,1231,97,339
201807021417_034,67,22,Ferry,431,498,256,278
201807021417_038,51,29,Miscboat,326,377,262,291
201807021417_039,70,43,Miscboat,258,328,260,303
201807021417_040,163,77,Miscboat,36,199,257,334
201807021417_036,39,22,Miscboat,399,438,256,278
201807021417_037,52,23,Miscboat,401,453,254,277
201807021417_038,46,27,Miscboat,401,447,254,281
201807021417_039,68,36,Miscboat,374,442,254,290
201807021417_040,113,41,Miscboat,332,445,256,297
201807021417_040,46,34,Miscboat,1017,1063,259,293
201807021417_041,131,72,Miscboat,1124,1255,252,324
201807021417_041,60,42,Miscboat,1032,1092,261,303
201807021417_042,100,118,Miscboat,1169,1269,214,332
201807021417_037,40,40,Passengership,455,495,236,276
201807021417_038,54,49,Passengership,455,509,226,275
201807021417_039,64,52,Passengership,454,518,230,282
201807021417_040,92,44,Passengership,480,572,238,282
201807021417_041,166,149,Passengership,214,380,164,313
201807021417_042,201,208,Passengership,0,201,136,344
201807021417_039,23,33,Passengership,517,540,243,276
201807021417_040,31,41,Passengership,576,607,242,283
201807021417_041,68,73,Passengership,376,444,218,291
201807021417_042,112,77,Passengership,216,328,233,310
201807021417_043,171,91,Passengership,6,177,243,334
201807021417_041,43,29,Miscboat,928,971,259,288
201807021417_042,52,38,Miscboat,966,1018,261,299
201807021417_043,82,52,Miscboat,1090,1172,269,321
201807021417_040,25,19,Motorboat,922,947,256,275
201807021417_041,42,32,Motorboat,853,895,251,283
201807021417_042,50,37,Motorboat,851,901,251,288
201807021417_043,75,46,Motorboat,889,964,251,297
201807021417_044,111,68,Motorboat,941,1052,242,310
201807021417_045,184,88,Motorboat,1081,1265,251,339
201807021417_041,17,15,Motorboat,561,578,257,272
201807021417_042,19,16,Motorboat,507,526,258,274
201807021417_043,18,13,Motorboat,473,491,262,275
201807021417_044,25,16,Motorboat,421,446,265,281
201807021417_045,30,17,Motorboat,404,434,265,282
201807021417_046,36,19,Motorboat,349,385,270,289
201807021417_047,64,38,Motorboat,186,250,271,309
201807021417_043,13,12,Miscboat,549,562,259,271
201807021417_044,14,13,Miscboat,513,527,259,272
201807021417_045,15,14,Miscboat,514,529,258,272
201807021417_046,24,28,Miscboat,494,518,250,278
201807021417_047,31,37,Miscboat,451,482,248,285
201807021417_048,84,65,Miscboat,267,351,242,307
201807021417_043,14,12,Miscboat,564,578,258,270
201807021417_044,19,12,Miscboat,527,546,261,273
201807021417_045,21,13,Miscboat,530,551,259,272
201807021417_046,24,18,Miscboat,522,546,259,277
201807021417_047,31,25,Miscboat,493,524,260,285
201807021417_048,52,34,Miscboat,357,409,264,298
201807021417_049,77,50,Miscboat,30,107,273,323
201807021417_041,33,30,Passengership,588,621,239,269
201807021417_042,41,37,Passengership,536,577,236,273
201807021417_043,39,25,Passengership,507,546,247,272
201807021417_044,45,32,Passengership,464,509,244,276
201807021417_045,56,38,Passengership,456,512,241,279
201807021417_046,69,39,Passengership,422,491,245,284
201807021417_047,113,58,Passengership,324,437,236,294
201807021417_048,232,152,Passengership,21,253,180,332
201807021417_048,52,31,Miscboat,1033,1085,263,294
201807021417_049,89,48,Miscboat,1060,1149,268,316
201807021417_050,199,102,Miscboat,965,1164,261,363
201807021417_007,18,8,Boat,761,779,259,267
201807021417_007,17,10,Boat,733,750,259,269
201807021417_007,14,10,Boat,602,616,261,271
201807021417_025,98,92,Miscboat,63,161,235,327
201807021417_029,80,71,Miscboat,1178,1258,254,325
201807021417_047,44,44,Motorboat,1014,1058,254,298
201807021417_007,36,86,Sailboat,1082,1118,185,271
201807021417_007,54,57,Sailboat,976,1030,222,279
201807021417_031,46,77,Sailboat,313,359,221,298
201807021417_032,103,182,Sailboat,132,235,135,317
201807021417_032,73,132,Sailboat,16,89,207,339
201807021417_038,132,203,Sailboat,100,232,119,322
201807021417_041,89,268,Sailboat,9,98,81,349
201807021417_040,136,99,Passengership,1128,1264,224,323
201807021417_040,59,56,Passengership,1070,1129,251,307
201807021417_035,36,47,Motorboat,1029,1065,301,348
201807021417_016,81,135,Militaryship,284,365,168,303
201807021417_019,99,89,Militaryship,241,340,211,300
201807021417_030,31,18,Boat,255,286,297,315
201807021417_000,33,113,Seamark,961,994,249,362
201807021417_031,58,20,Miscellaneous,484,542,440,460
201807021417_031,22,22,Miscellaneous,352,374,466,488
201807021417_033,45,133,Sailboat,10,55,199,332
201807021417_037,59,144,Sailboat,2,61,202,346
201807021447_001,17,20,Miscboat,248,265,261,281
201807021447_002,22,11,Miscboat,375,397,266,277
201807021447_003,29,19,Miscboat,404,433,261,280
201807021447_001,18,16,Miscboat,231,249,267,283
201807021447_002,21,11,Miscboat,348,369,270,281
201807021447_003,28,16,Miscboat,372,400,267,283
201807021447_001,21,25,Miscboat,211,232,264,289
201807021447_002,28,21,Miscboat,314,342,266,287
201807021447_003,32,19,Miscboat,321,353,272,291
201807021447_001,14,24,Motorboat,265,279,255,279
201807021447_002,19,17,Motorboat,401,420,257,274
201807021447_003,24,18,Motorboat,438,462,256,274
201807021447_000,35,10,Ferry,763,798,253,263
201807021447_001,39,14,Ferry,440,479,257,271
201807021447_002,43,15,Ferry,579,622,253,268
201807021447_003,45,11,Ferry,605,650,257,268
201807021447_000,26,13,Passengership,879,905,254,267
201807021447_001,37,38,Passengership,568,605,240,278
201807021447_002,46,39,Passengership,736,782,237,276
201807021447_003,52,29,Passengership,835,887,249,278
201807021447_000,26,23,Motorboat,555,581,253,276
201807021447_001,37,36,Motorboat,175,212,261,297
201807021447_002,56,35,Motorboat,249,305,262,297
201807021447_003,79,50,Motorboat,197,276,264,314
201807021447_000,43,20,Passengership,831,874,246,266
201807021447_001,49,51,Passengership,519,568,224,275
201807021447_002,49,58,Passengership,684,733,217,275
201807021447_003,70,43,Passengership,763,833,233,276
201807021447_002,39,20,Motorboat,641,680,250,270
201807021447_002,45,56,Sailboat,524,569,204,260
201807021447_000,182,71,Motorboat,1,183,287,358
201807021447_001,24,21,Motorboat,498,522,251,272
201807021447_001,22,35,Sailboat,477,499,235,270
201807021517_002,57,94,Sailboat,1,58,197,291
201807021517_003,60,99,Sailboat,49,109,193,292
201807021517_004,43,113,Sailboat,130,173,177,290
201807021517_005,72,133,Sailboat,124,196,167,300
201807021517_006,68,247,Sailboat,131,199,74,321
201807021517_007,84,303,Sailboat,73,157,23,326
201807021517_004,17,109,Sailboat,87,104,183,292
201807021517_005,56,112,Sailboat,96,152,188,300
201807021517_006,84,25,Motorboat,50,134,286,311
201807021517_007,48,171,Sailboat,159,207,142,313
201807021517_008,36,175,Sailboat,521,557,128,303
201807021517_004,18,92,Sailboat,34,52,204,296
201807021517_005,45,111,Sailboat,24,69,198,309
201807021517_006,62,307,Sailboat,-2,60,86,393
201807021517_007,60,296,Sailboat,8,68,40,336
201807021517_004,31,86,Sailboat,54,85,208,294
201807021517_005,61,100,Sailboat,54,115,201,301
201807021517_002,21,11,Motorboat,383,404,260,271
201807021517_003,23,12,Motorboat,496,519,256,268
201807021517_004,22,7,Motorboat,615,637,258,265
201807021517_005,30,16,Motorboat,711,741,254,270
201807021517_006,26,15,Motorboat,918,944,251,266
201807021517_002,13,14,Motorboat,247,260,264,278
201807021517_003,14,15,Motorboat,342,356,260,275
201807021517_004,24,10,Motorboat,434,458,264,274
201807021517_005,33,17,Motorboat,504,537,262,279
201807021517_006,29,12,Motorboat,659,688,262,274
201807021517_007,32,20,Motorboat,953,985,261,281
201807021517_001,30,11,Motorboat,49,79,278,289
201807021517_002,33,12,Motorboat,90,123,274,286
201807021517_003,36,13,Motorboat,152,188,271,284
201807021517_004,24,8,Motorboat,210,234,274,282
201807021517_005,30,14,Motorboat,241,271,276,290
201807021517_006,50,12,Motorboat,269,319,278,290
201807021517_007,97,43,Motorboat,276,373,275,318
201807021517_009,196,353,Sailboat,313,509,3,356
201807021517_010,124,313,Sailboat,1145,1269,19,332
201807021517_010,232,311,Sailboat,1028,1260,7,318
201807021517_009,162,280,Sailboat,66,228,66,346
201807021517_010,51,157,Sailboat,838,889,152,309
201807021517_010,19,54,Sailboat,55,74,241,295
201807021517_011,14,61,Sailboat,1199,1213,218,279
201807021517_014,45,59,Seamark,938,983,247,306
201807021517_015,35,159,Seamark,1245,1280,237,396
201807021517_017,13,30,Seamark,1023,1036,251,281
201807021517_018,7,32,Seamark,911,918,251,283
201807021517_019,6,32,Seamark,860,866,256,288
201807021517_020,32,65,Seamark,871,903,246,311
201807021517_021,27,97,Seamark,1012,1039,246,343
201807021517_011,12,25,Seamark,639,651,252,277
201807021517_012,6,24,Seamark,841,847,255,279
201807021517_013,11,33,Seamark,835,846,250,283
201807021517_011,8,20,Seamark,390,398,258,278
201807021517_012,6,14,Seamark,537,543,263,277
201807021517_013,6,19,Seamark,423,429,262,281
201807021517_014,17,42,Seamark,326,343,257,299
201807021517_015,9,40,Seamark,16,25,274,314
201807021517_011,6,13,Seamark,740,746,253,266
201807021517_012,7,14,Seamark,926,933,253,267
201807021517_013,8,15,Seamark,880,888,246,261
201807021517_014,12,29,Seamark,911,923,243,272
201807021517_015,7,16,Seamark,798,805,254,270
201807021517_016,6,17,Seamark,641,647,256,273
201807021517_017,17,33,Seamark,427,444,253,286
201807021517_018,8,30,Seamark,192,200,265,295
201807021517_018,23,35,Seamark,902,925,248,283
201807021517_019,30,47,Seamark,846,876,243,290
201807021517_022,12,25,Seamark,333,345,255,280
201807021517_023,11,23,Seamark,255,266,261,284
201807021517_023,34,84,Sailboat,563,597,189,273
201807021517_024,75,187,Sailboat,183,258,122,309
201807021517_024,7,23,Seamark,755,762,253,276
201807021517_025,10,31,Seamark,703,713,253,284
201807021517_026,26,64,Seamark,709,735,245,309
201807021517_027,37,134,Seamark,942,979,244,378
201807021517_019,16,23,Passengership,825,841,233,256
201807021517_020,17,24,Passengership,782,799,232,256
201807021517_021,18,25,Passengership,753,771,230,255
201807021517_022,17,26,Passengership,697,714,233,259
201807021517_023,19,29,Passengership,682,701,232,261
201807021517_024,21,32,Passengership,647,668,231,263
201807021517_025,20,33,Passengership,562,582,229,262
201807021517_029,27,22,Passengership,867,894,243,265
201807021517_030,32,21,Passengership,749,781,243,264
201807021517_031,32,21,Passengership,583,615,251,272
201807021517_032,77,72,Passengership,387,464,225,297
201807021517_026,14,27,Seamark,809,823,243,270
201807021517_027,15,30,Seamark,909,924,242,272
201807021517_028,7,18,Seamark,824,831,252,270
201807021517_029,18,35,Seamark,772,790,245,280
201807021517_030,7,34,Seamark,778,785,252,286
201807021517_031,17,56,Seamark,765,782,250,306
201807021517_032,88,195,Seamark,1018,1106,229,424
201807021517_029,29,57,Cruiseship,351,380,221,278
201807021517_030,31,61,Cruiseship,273,304,218,279
201807021517_031,35,69,Cruiseship,163,198,221,290
201807021517_032,44,76,Cruiseship,137,181,211,287
201807021517_029,8,14,Seamark,903,911,252,266
201807021517_030,9,15,Seamark,888,897,251,266
201807021517_031,10,16,Seamark,854,864,251,267
201807021517_032,11,23,Seamark,929,940,249,272
201807021517_033,4,19,Seamark,877,881,253,272
201807021517_028,59,28,Militaryship,1132,1191,229,257
201807021517_029,67,32,Militaryship,1099,1166,224,256
201807021517_030,78,37,Militaryship,1100,1178,220,257
201807021517_031,61,46,Militaryship,1105,1166,208,254
201807021517_004,11,12,Motorboat,855,866,251,263
201807021517_009,271,61,Motorboat,1008,1279,347,408
201807021517_009,216,387,Sailboat,748,964,3,390
201807021517_009,194,361,Sailboat,682,876,0,361
201807021517_009,194,355,Sailboat,599,793,7,362
201807021517_009,181,328,Sailboat,211,392,22,350
201807021517_010,48,17,Motorboat,293,341,264,281
201807021517_004,60,92,Sailboat,21,81,206,298
201807021517_008,92,275,Sailboat,260,352,55,330
201807021517_008,89,373,Sailboat,1,90,1,374
201807021517_004,20,67,Sailboat,106,126,226,293
201807021517_008,124,371,Sailboat,112,236,1,372
201807021517_010,91,243,Sailboat,919,1010,75,318
201807021517_010,132,214,Sailboat,695,827,93,307
201807021517_010,50,72,Sailboat,227,277,211,283
201807021517_010,42,77,Sailboat,153,195,215,292
201807021517_008,220,70,Motorboat,398,618,291,361
201807021517_008,68,27,Motorboat,557,625,273,300
201807021517_008,37,24,Motorboat,396,433,278,302
201807021517_008,48,28,Motorboat,432,480,278,306
201807021517_008,47,32,Motorboat,475,522,275,307
201807021517_000,23,79,Seamark,50,73,270,349
201807021517_007,20,34,Seamark,58,78,381,415
201807021517_010,30,37,Seamark,53,83,375,412
201807021517_010,7,33,Seamark,973,980,287,320
201807021517_010,8,12,Seamark,307,315,306,318
201807021517_033,2,23,Seamark,856,858,258,281
201807021517_023,26,16,Miscellaneous,1214,1240,286,302
201807021517_023,23,13,Miscellaneous,1136,1159,285,298
201807021517_010,93,272,Sailboat,1046,1139,54,326
201807021517_016,21,21,Seamark,633,654,252,273
201807021517_017,24,29,Seamark,1017,1041,249,278
201807021517_021,55,95,Seamark,994,1049,248,343
201807021517_004,20,96,Sailboat,8,28,204,300
201807021517_023,10,40,Sailboat,493,503,228,268
201807021517_010,58,40,Seamark,38,96,378,418
201807021517_015,28,41,Seamark,8,36,273,314
201807021517_018,19,36,Seamark,187,206,260,296
201807021517_017,10,16,Seamark,835,845,251,267
201807021517_018,12,16,Seamark,652,664,249,265
201807021517_019,11,15,Seamark,535,546,252,267
201807021517_020,10,14,Seamark,479,489,256,270
201807021517_021,13,28,Seamark,425,438,251,279
201807021517_014,11,67,Seamark,953,964,242,309
201807031007_000,58,36,Miscboat,1026,1084,261,297
201807031007_001,89,89,Miscboat,1049,1138,216,305
201807031007_000,54,71,Miscboat,863,917,216,287
201807031007_001,65,86,Miscboat,831,896,207,293
201807031007_002,84,111,Miscboat,1059,1143,191,302
201807031007_002,47,60,Passengership,269,316,243,303
201807031007_003,131,103,Passengership,3,134,252,355
201807031007_000,84,94,Passengership,357,441,221,315
201807031007_001,165,199,Passengership,100,265,151,350
201807031007_002,111,136,Passengership,164,275,193,329
201807031007_002,48,41,Passengership,338,386,249,290
201807031007_003,81,86,Passengership,273,354,222,308
201807031007_004,92,140,Passengership,0,92,200,340
201807031007_000,50,38,Motorboat,764,814,248,286
201807031007_001,55,33,Motorboat,690,745,249,282
201807031007_002,71,40,Motorboat,854,925,247,287
201807031007_003,140,81,Motorboat,1080,1220,234,315
201807031007_002,36,39,Passengership,384,420,245,284
201807031007_003,56,55,Passengership,363,419,238,293
201807031007_004,115,77,Passengership,153,268,236,313
201807031007_003,23,21,Motorboat,669,692,262,283
201807031007_004,29,27,Motorboat,587,616,267,294
201807031007_003,28,30,Motorboat,428,456,259,289
201807031007_004,32,22,Motorboat,297,329,269,291
201807031007_005,50,31,Motorboat,80,130,280,311
201807031007_006,66,40,Miscboat,294,360,256,296
201807031007_007,100,68,Miscboat,102,202,246,314
201807031007_005,28,20,Miscboat,312,340,265,285
201807031007_006,45,30,Miscboat,370,415,260,290
201807031007_007,61,38,Miscboat,217,278,268,306
201807031007_007,61,38,Miscboat,991,1052,257,295
201807031007_008,156,131,Miscboat,856,1012,204,335
201807031007_009,111,63,Passengership,1068,1179,230,293
201807031007_010,179,120,Passengership,1076,1255,190,310
201807031007_011,278,157,Passengership,1000,1278,170,327
201807031007_009,64,62,Passengership,977,1041,219,281
201807031007_010,85,64,Passengership,945,1030,217,281
201807031007_011,117,85,Passengership,806,923,207,292
201807031007_012,161,85,Passengership,1056,1217,224,309
201807031007_013,98,123,Passengership,1182,1280,203,326
201807031007_009,26,24,Motorboat,594,620,256,280
201807031007_010,31,32,Motorboat,482,513,251,283
201807031007_011,39,34,Motorboat,252,291,258,292
201807031007_012,57,48,Motorboat,352,409,254,302
201807031007_013,79,57,Motorboat,225,304,252,309
201807031007_010,39,31,Passengership,862,901,242,273
201807031007_011,52,39,Passengership,693,745,240,279
201807031007_012,62,48,Passengership,908,970,236,284
201807031007_013,83,71,Passengership,926,1009,222,293
201807031007_014,144,112,Passengership,998,1142,202,314
201807031007_010,31,29,Passengership,828,859,243,272
201807031007_011,38,38,Passengership,655,693,240,278
201807031007_012,47,46,Passengership,852,899,231,277
201807031007_013,56,77,Passengership,860,916,208,285
201807031007_014,88,102,Passengership,882,970,193,295
201807031007_015,119,185,Passengership,1161,1280,170,355
201807031007_013,25,23,Miscboat,397,422,259,282
201807031007_014,33,28,Miscboat,282,315,264,292
201807031007_015,63,37,Miscboat,183,246,272,309
201807031007_010,42,46,Miscboat,785,827,223,269
201807031007_011,50,44,Miscboat,605,655,227,271
201807031007_012,61,60,Miscboat,786,847,211,271
201807031007_013,69,72,Miscboat,784,853,207,279
201807031007_014,95,86,Miscboat,769,864,197,283
201807031007_015,178,134,Miscboat,909,1087,181,315
201807031007_016,237,262,Miscboat,1040,1277,90,352
201807031007_013,31,19,Miscboat,421,452,257,276
201807031007_014,43,26,Miscboat,316,359,262,288
201807031007_015,56,34,Miscboat,268,324,265,299
201807031007_016,122,70,Miscboat,35,157,257,327
201807031007_014,24,33,Miscboat,358,382,248,281
201807031007_015,43,35,Miscboat,330,373,253,288
201807031007_016,91,63,Miscboat,160,251,243,306
201807031007_016,56,74,Miscboat,797,853,208,282
201807031007_017,98,140,Miscboat,949,1047,161,301
201807031007_009,45,23,Ferry,690,735,248,271
201807031007_010,34,16,Ferry,560,594,252,268
201807031007_011,37,18,Ferry,364,401,256,274
201807031007_012,40,19,Ferry,534,574,255,274
201807031007_013,60,18,Ferry,493,553,252,270
201807031007_014,68,21,Ferry,473,541,252,273
201807031007_015,81,20,Ferry,590,671,258,278
201807031007_016,111,32,Ferry,621,732,246,278
201807031007_017,151,42,Ferry,798,949,245,287
201807031007_018,180,72,Ferry,1100,1280,250,322
201807031007_018,92,31,Motorboat,958,1050,262,293
201807031007_019,96,49,Motorboat,1181,1277,273,322
201807031007_014,47,34,Passengership,364,411,244,278
201807031007_015,53,51,Passengership,376,429,240,291
201807031007_016,70,58,Passengership,256,326,238,296
201807031007_017,137,151,Passengership,90,227,174,325
201807031007_014,25,32,Passengership,407,432,242,274
201807031007_015,71,53,Passengership,410,481,235,288
201807031007_016,63,46,Passengership,343,406,239,285
201807031007_017,92,129,Passengership,296,388,168,297
201807031007_018,215,201,Passengership,182,397,139,340
201807031007_019,70,30,Motorboat,1012,1082,268,298
201807031007_020,125,53,Motorboat,1152,1277,262,315
201807031007_018,38,46,Miscboat,508,546,242,288
201807031007_019,48,62,Miscboat,458,506,234,296
201807031007_020,95,106,Miscboat,307,402,219,325
201807031007_019,25,18,Boat,531,556,267,285
201807031007_020,32,26,Boat,467,499,273,299
201807031007_021,88,52,Boat,168,256,298,350
201807031007_020,42,60,Miscboat,548,590,226,286
201807031007_021,74,56,Miscboat,390,464,249,305
201807031007_022,165,128,Miscboat,207,372,217,345
201807031007_019,28,18,Motorboat,564,592,263,281
201807031007_020,19,14,Motorboat,515,534,274,288
201807031007_021,27,26,Motorboat,325,352,291,317
201807031007_021,62,36,Motorboat,341,403,273,309
201807031007_022,102,81,Motorboat,103,205,285,366
201807031007_021,151,144,Sailboat,941,1092,157,301
201807031007_022,79,181,Sailboat,1027,1106,122,303
201807031007_019,23,101,Sailboat,505,528,188,289
201807031007_020,48,203,Sailboat,401,449,107,310
201807031007_016,23,108,Sailboat,426,449,166,274
201807031007_017,30,133,Sailboat,426,456,147,280
201807031007_018,67,196,Sailboat,450,517,101,297
201807031007_019,79,284,Sailboat,380,459,28,312
201807031007_020,164,355,Sailboat,150,314,1,356
201807031007_000,130,48,Miscboat,1148,1278,254,302
201807031007_000,131,91,Miscboat,269,400,265,356
201807031007_000,213,525,Miscboat,3,216,5,530
201807031007_006,94,65,Motorboat,1049,1143,248,313
201807031007_009,139,91,Motorboat,157,296,247,338
201807031007_020,89,227,Sailboat,1059,1148,81,308
201807031007_022,17,70,Sailboat,554,571,202,272
201807031007_020,81,174,Sailboat,914,995,113,287
201807031007_021,151,315,Sailboat,1061,1212,8,323
201807031007_002,173,211,Passengership,-3,170,182,393
201807031007_019,191,180,Passengership,0,191,200,380
201807031007_018,47,74,Passengership,778,825,187,261
201807031007_008,80,25,Motorboat,679,759,274,299
201807031007_019,105,39,Boat,1080,1185,271,310
201807031007_022,25,19,Motorboat,526,551,254,273
201807031007_022,58,30,Motorboat,972,1030,264,294
201807031007_022,93,55,Motorboat,10,103,331,386
201807031007_013,36,32,Miscboat,344,380,257,289
201807031007_016,94,70,Miscboat,878,972,226,296
201807031007_022,55,76,Miscboat,376,431,228,304
201807031022_000,91,215,Sailboat,305,396,94,309
201807031022_001,183,348,Sailboat,93,276,1,349
201807031022_003,41,27,Motorboat,823,864,260,287
201807031022_004,55,37,Motorboat,847,902,263,300
201807031022_005,92,57,Motorboat,1013,1105,265,322
201807031022_000,52,141,Sailboat,783,835,111,252
201807031022_001,58,171,Sailboat,860,918,86,257
201807031022_002,74,220,Sailboat,887,961,47,267
201807031022_003,110,238,Sailboat,804,914,11,249
201807031022_004,102,256,Sailboat,833,935,1,257
201807031022_005,210,265,Sailboat,912,1122,1,266
201807031022_006,163,336,Sailboat,1117,1280,10,346
201807031022_006,55,84,Miscboat,1016,1071,223,307
201807031022_007,97,61,Militaryship,1132,1229,253,314
201807031022_005,52,70,Militaryship,833,885,204,274
201807031022_006,95,93,Militaryship,893,988,198,291
201807031022_007,178,145,Militaryship,948,1126,157,302
201807031022_008,280,209,Militaryship,1000,1280,119,328
201807031022_004,51,78,Cruiseship,757,808,187,265
201807031022_005,48,114,Cruiseship,789,837,154,268
201807031022_006,110,106,Cruiseship,812,922,179,285
201807031022_007,129,177,Cruiseship,821,950,102,279
201807031022_008,199,224,Cruiseship,801,1000,63,287
201807031022_009,359,207,Cruiseship,822,1181,100,307
201807031022_010,263,339,Cruiseship,1017,1280,1,340
201807031022_006,30,45,Militaryship,782,812,222,267
201807031022_007,35,32,Militaryship,780,815,237,269
201807031022_008,40,51,Militaryship,738,778,218,269
201807031022_009,53,71,Militaryship,738,791,206,277
201807031022_010,66,87,Militaryship,802,868,193,280
201807031022_011,98,120,Militaryship,789,887,163,283
201807031022_012,186,175,Militaryship,713,899,138,313
201807031022_013,386,373,Militaryship,847,1233,7,380
201807031022_015,71,140,Miscboat,832,903,176,316
201807031022_016,115,177,Miscboat,900,1015,146,323
201807031022_017,208,288,Miscboat,1044,1252,84,372
201807031022_018,276,187,Cargoship,1004,1280,157,344
201807031022_016,26,15,Motorboat,208,234,269,284
201807031022_017,26,15,Motorboat,146,172,273,288
201807031022_014,29,16,Motorboat,697,726,251,267
201807031022_015,32,18,Motorboat,686,718,250,268
201807031022_016,30,15,Motorboat,685,715,254,269
201807031022_017,44,22,Motorboat,663,707,250,272
201807031022_018,56,28,Motorboat,469,525,251,279
201807031022_019,31,25,Motorboat,348,379,262,287
201807031022_020,52,30,Motorboat,43,95,274,304
201807031022_019,36,21,Motorboat,311,347,266,287
201807031022_020,46,22,Motorboat,1,47,285,307
201807031022_020,4,9,Seamark,1071,1075,254,263
201807031022_021,7,15,Seamark,895,902,250,265
201807031022_022,6,14,Seamark,623,629,255,269
201807031022_023,5,15,Seamark,486,491,258,273
201807031022_024,19,23,Seamark,465,484,262,285
201807031022_025,10,29,Seamark,339,349,263,292
201807031022_026,14,45,Seamark,168,182,268,313
201807031022_020,135,68,Militaryship,782,917,198,266
201807031022_021,153,78,Militaryship,573,726,193,271
201807031022_022,235,120,Militaryship,203,438,178,298
201807031022_023,84,131,Militaryship,1,85,179,310
201807031022_024,104,70,Militaryship,1,105,238,308
201807031022_022,3,14,Seamark,566,569,259,273
201807031022_023,4,18,Seamark,413,417,265,283
201807031022_024,15,27,Seamark,339,354,272,299
201807031022_025,10,44,Seamark,36,46,294,338
201807031022_024,10,21,Seamark,268,278,270,291
201807031022_025,11,24,Seamark,79,90,279,303
201807031022_025,3,15,Seamark,280,283,272,287
201807031022_026,5,22,Seamark,160,165,275,297
201807031022_024,12,14,Seamark,238,250,266,280
201807031022_025,4,9,Seamark,145,149,274,283
201807031022_026,5,10,Seamark,71,76,278,288
201807031022_027,122,28,Militaryship,729,851,242,270
201807031022_028,153,35,Militaryship,812,965,239,274
201807031022_029,204,46,Militaryship,919,1123,236,282
201807031022_030,184,66,Militaryship,931,1115,220,286
201807031022_028,4,10,Seamark,397,401,265,275
201807031022_029,5,9,Seamark,398,403,269,278
201807031022_030,12,19,Seamark,163,175,274,293
201807031022_031,8,23,Seamark,96,104,278,301
201807031022_031,54,77,Miscboat,1073,1127,207,284
201807031022_032,96,121,Miscboat,1098,1194,179,300
201807031022_030,46,40,Passengership,426,472,231,271
201807031022_031,57,49,Passengership,472,529,224,273
201807031022_032,79,68,Passengership,235,314,219,287
201807031022_033,95,52,Passengership,71,166,240,292
201807031022_031,13,15,Motorboat,909,922,252,267
201807031022_032,25,19,Motorboat,772,797,252,271
201807031022_033,27,23,Motorboat,768,795,250,273
201807031022_034,30,35,Motorboat,473,503,256,291
201807031022_034,5,50,Seamark,1053,1058,267,317
201807031022_035,10,110,Seamark,936,946,293,403
201807031022_034,75,137,Sailboat,643,718,155,292
201807031022_035,122,217,Sailboat,64,186,114,331
201807031022_038,5,14,Seamark,52,57,276,290
201807031022_039,11,20,Seamark,23,34,274,294
201807031022_037,6,20,Seamark,66,72,278,298
201807031022_038,8,22,Seamark,208,216,271,293
201807031022_039,15,31,Seamark,152,167,271,302
201807031022_041,6,17,Seamark,552,558,256,273
201807031022_042,15,17,Seamark,171,186,268,285
201807031022_043,7,22,Seamark,144,151,270,292
201807031022_044,8,24,Seamark,105,113,272,296
201807031022_043,3,6,Seamark,902,905,252,258
201807031022_044,3,6,Seamark,950,953,251,257
201807031022_042,8,14,Seamark,901,909,251,265
201807031022_043,5,10,Seamark,948,953,251,261
201807031022_044,4,10,Seamark,1004,1008,250,260
201807031022_041,7,22,Seamark,1058,1065,253,275
201807031022_042,17,35,Seamark,773,790,249,284
201807031022_043,11,34,Seamark,837,848,250,284
201807031022_044,13,42,Seamark,927,940,249,291
201807031022_045,24,63,Seamark,936,960,249,312
201807031022_046,28,95,Seamark,934,962,244,339
201807031022_043,4,7,Seamark,733,737,252,259
201807031022_044,3,8,Seamark,774,777,250,258
201807031022_043,4,8,Seamark,709,713,254,262
201807031022_044,3,12,Seamark,750,753,249,261
201807031022_045,14,19,Seamark,667,681,245,264
201807031022_046,4,9,Seamark,526,530,259,268
201807031022_047,4,10,Seamark,473,477,260,270
201807031022_048,8,9,Seamark,419,427,262,271
201807031022_049,6,15,Seamark,388,394,260,275
201807031022_050,6,18,Seamark,311,317,262,280
201807031022_051,8,19,Seamark,261,269,265,284
201807031022_052,8,20,Seamark,233,241,266,286
201807031022_053,8,24,Seamark,189,197,268,292
201807031022_046,4,6,Seamark,552,556,257,263
201807031022_047,4,9,Seamark,505,509,256,265
201807031022_048,12,15,Seamark,458,470,256,271
201807031022_049,5,8,Seamark,439,444,260,268
201807031022_050,4,9,Seamark,376,380,262,271
201807031022_051,4,10,Seamark,348,352,261,271
201807031022_052,4,9,Seamark,348,352,263,272
201807031022_053,3,9,Seamark,346,349,264,273
201807031022_054,7,15,Seamark,264,271,264,279
201807031022_055,6,14,Seamark,194,200,269,283
201807031022_056,7,19,Seamark,65,72,274,293
201807031022_046,4,9,Seamark,821,825,254,263
201807031022_047,5,10,Seamark,798,803,255,265
201807031022_048,11,14,Seamark,773,784,252,266
201807031022_049,6,13,Seamark,776,782,253,266
201807031022_050,6,12,Seamark,739,745,256,268
201807031022_051,11,23,Seamark,738,749,250,273
201807031022_052,7,17,Seamark,776,783,256,273
201807031022_053,9,19,Seamark,819,828,257,276
201807031022_054,16,32,Seamark,864,880,258,290
201807031022_055,20,69,Seamark,1055,1075,247,316
201807031022_046,4,7,Seamark,748,752,253,260
201807031022_047,4,6,Seamark,714,718,255,261
201807031022_048,8,5,Seamark,681,689,255,260
201807031022_049,4,7,Seamark,672,676,255,262
201807031022_050,4,9,Seamark,622,626,256,265
201807031022_051,8,19,Seamark,607,615,250,269
201807031022_052,5,10,Seamark,628,633,255,265
201807031022_053,5,10,Seamark,647,652,256,266
201807031022_054,4,15,Seamark,618,622,253,268
201807031022_055,6,15,Seamark,613,619,256,271
201807031022_056,8,22,Seamark,580,588,257,279
201807031022_057,12,36,Seamark,596,608,257,293
201807031022_058,19,56,Seamark,565,584,256,312
201807031022_059,72,226,Seamark,202,274,259,485
201807031022_046,4,5,Seamark,764,768,253,258
201807031022_047,4,5,Seamark,730,734,254,259
201807031022_048,4,6,Seamark,697,701,254,260
201807031022_049,4,6,Seamark,688,692,254,260
201807031022_050,4,8,Seamark,638,642,254,262
201807031022_051,4,9,Seamark,627,631,253,262
201807031022_052,4,8,Seamark,646,650,254,262
201807031022_053,4,7,Seamark,667,671,255,262
201807031022_054,5,12,Seamark,640,645,254,266
201807031022_055,5,10,Seamark,641,646,254,264
201807031022_056,5,11,Seamark,618,623,256,267
201807031022_057,13,17,Seamark,650,663,254,271
201807031022_058,7,18,Seamark,653,660,255,273
201807031022_059,8,24,Seamark,581,589,257,281
201807031022_060,10,33,Seamark,534,544,263,296
201807031022_061,24,75,Seamark,455,479,256,331
201807031022_059,3,11,Seamark,624,627,259,270
201807031022_060,8,14,Seamark,601,609,263,277
201807031022_061,5,18,Seamark,602,607,263,281
201807031022_062,8,30,Seamark,540,548,268,298
201807031022_063,19,85,Seamark,413,432,289,374
201807031022_063,23,43,Sailboat,339,362,235,278
201807031022_064,18,59,Sailboat,260,278,222,281
201807031022_065,22,56,Sailboat,139,161,232,288
201807031022_053,63,84,Motorboat,1,64,300,384
201807031022_054,75,59,Motorboat,198,273,282,341
201807031022_055,51,41,Motorboat,341,392,268,309
201807031022_056,34,31,Motorboat,385,419,268,299
201807031022_057,27,27,Motorboat,465,492,266,293
201807031022_058,23,20,Motorboat,501,524,263,283
201807031022_059,23,17,Motorboat,452,475,265,282
201807031022_060,17,17,Motorboat,510,527,255,272
201807031022_061,15,12,Motorboat,523,538,261,273
201807031022_062,14,10,Motorboat,496,510,263,273
201807031022_063,12,12,Motorboat,529,541,261,273
201807031022_064,12,9,Motorboat,571,583,260,269
201807031022_065,12,11,Motorboat,564,576,258,269
201807031022_066,16,14,Motorboat,516,532,257,271
201807031022_067,11,10,Motorboat,378,389,262,272
201807031022_000,68,70,Motorboat,239,307,244,314
201807031022_006,59,64,Motorboat,1081,1140,239,303
201807031022_039,145,75,Miscboat,1128,1273,217,292
201807031022_016,29,58,Sailboat,84,113,231,289
201807031022_016,32,61,Sailboat,130,162,228,289
201807031022_037,40,175,Sailboat,1088,1128,121,296
201807031022_016,16,9,Motorboat,364,380,270,279
201807031022_019,28,16,Motorboat,392,420,270,286
201807031022_034,40,19,Motorboat,1011,1051,273,292
201807031022_005,118,83,Miscboat,1102,1220,278,361
201807031022_016,87,17,Miscboat,399,486,259,276
201807031022_029,3,6,Seamark,40,43,280,286
201807031022_034,2,25,Seamark,759,761,269,294
201807031022_035,6,39,Seamark,232,238,291,330
201807031022_040,5,12,Seamark,969,974,253,265
201807031022_041,3,7,Seamark,1202,1205,256,263
201807031022_041,3,6,Seamark,998,1001,254,260
201807031022_043,4,6,Seamark,923,927,251,257
201807031052_007,37,13,Motorboat,328,365,280,293
201807031052_008,34,16,Motorboat,1092,1126,267,283
201807031052_007,29,13,Boat,181,210,280,293
201807031052_008,31,13,Boat,929,960,260,273
201807031052_007,22,14,Motorboat,97,119,276,290
201807031052_008,33,16,Boat,845,878,251,267
201807031052_008,15,42,Sailboat,69,84,244,286
201807031052_009,23,61,Sailboat,759,782,205,266
201807031052_010,25,66,Sailboat,825,850,200,266
201807031052_011,27,72,Sailboat,722,749,196,268
201807031052_012,50,103,Sailboat,613,663,179,282
201807031052_013,51,104,Sailboat,557,608,179,283
201807031052_014,56,114,Sailboat,567,623,170,284
201807031052_015,58,166,Sailboat,555,613,129,295
201807031052_016,114,241,Sailboat,409,523,75,316
201807031052_008,11,46,Sailboat,88,99,240,286
201807031052_009,27,76,Sailboat,778,805,195,271
201807031052_010,27,76,Sailboat,849,876,192,268
201807031052_011,29,82,Sailboat,750,779,187,269
201807031052_012,48,125,Sailboat,659,707,159,284
201807031052_013,47,124,Sailboat,610,657,160,284
201807031052_014,49,130,Sailboat,629,678,152,282
201807031052_015,74,185,Sailboat,633,707,110,295
201807031052_016,66,250,Sailboat,525,591,68,318
201807031052_008,23,6,Boat,250,273,272,278
201807031052_009,25,7,Boat,636,661,259,266
201807031052_010,28,8,Boat,681,709,258,266
201807031052_011,26,15,Boat,556,582,255,270
201807031052_011,28,9,Motorboat,1030,1058,257,266
201807031052_012,31,10,Motorboat,993,1024,258,268
201807031052_013,34,11,Motorboat,989,1023,260,271
201807031052_014,56,14,Motorboat,1053,1109,263,277
201807031052_008,15,34,Sailboat,234,249,246,280
201807031052_009,16,37,Sailboat,950,966,227,264
201807031052_010,25,44,Sailboat,1047,1072,222,266
201807031052_011,29,51,Sailboat,996,1025,214,265
201807031052_012,32,56,Sailboat,954,986,210,266
201807031052_013,36,73,Sailboat,944,980,200,273
201807031052_014,40,84,Sailboat,1013,1053,192,276
201807031052_015,46,118,Sailboat,1175,1221,169,287
201807031052_014,27,71,Sailboat,417,444,214,285
201807031052_015,46,99,Sailboat,341,387,194,293
201807031052_011,36,65,Sailboat,840,876,204,269
201807031052_012,46,100,Sailboat,776,822,180,280
201807031052_013,46,101,Sailboat,743,789,181,282
201807031052_014,48,106,Sailboat,784,832,177,283
201807031052_015,54,123,Sailboat,855,909,176,299
201807031052_016,174,50,Motorboat,754,928,287,337
201807031052_013,28,91,Sailboat,384,412,192,283
201807031052_014,38,101,Sailboat,347,385,180,281
201807031052_015,62,131,Sailboat,265,327,158,289
201807031052_016,91,195,Sailboat,49,140,121,316
201807031052_008,28,60,Sailboat,103,131,225,285
201807031052_009,33,71,Sailboat,800,833,196,267
201807031052_010,41,89,Sailboat,872,913,184,273
201807031052_011,55,99,Sailboat,779,834,169,268
201807031052_012,67,122,Sailboat,697,764,154,276
201807031052_013,80,145,Sailboat,646,726,139,284
201807031052_014,79,166,Sailboat,690,769,114,280
201807031052_015,57,236,Sailboat,753,810,50,286
201807031052_016,83,319,Sailboat,680,763,1,320
201807031052_008,17,42,Sailboat,49,66,246,288
201807031052_009,20,50,Sailboat,735,755,215,265
201807031052_010,21,54,Sailboat,796,817,212,266
201807031052_011,27,70,Sailboat,692,719,199,269
201807031052_012,29,75,Sailboat,595,624,198,273
201807031052_013,31,81,Sailboat,532,563,197,278
201807031052_014,41,105,Sailboat,522,563,177,282
201807031052_015,53,145,Sailboat,489,542,146,291
201807031052_016,80,219,Sailboat,327,407,98,317
201807031052_008,18,39,Sailboat,23,41,252,291
201807031052_009,19,42,Sailboat,705,724,222,264
201807031052_010,21,46,Sailboat,759,780,218,264
201807031052_011,36,65,Sailboat,643,679,204,269
201807031052_012,35,63,Sailboat,541,576,204,267
201807031052_013,39,71,Sailboat,471,510,201,272
201807031052_014,30,100,Sailboat,480,510,183,283
201807031052_015,64,136,Sailboat,405,469,155,291
201807031052_016,84,199,Sailboat,218,302,118,317
201807031052_017,154,347,Sailboat,266,420,3,350
201807031052_018,118,282,Sailboat,944,1062,38,320
201807031052_017,140,307,Sailboat,119,259,41,348
201807031052_018,92,238,Sailboat,837,929,74,312
201807031052_019,5,9,Seamark,451,456,256,265
201807031052_020,7,15,Seamark,777,784,245,260
201807031052_021,6,14,Seamark,943,949,245,259
201807031052_022,5,13,Seamark,918,923,247,260
201807031052_023,4,14,Seamark,880,884,250,264
201807031052_024,12,26,Seamark,837,849,240,266
201807031052_025,6,18,Seamark,666,672,249,267
201807031052_026,6,21,Seamark,404,410,260,281
201807031052_027,12,38,Seamark,116,128,264,302
201807031052_025,7,21,Seamark,1128,1135,246,267
201807031052_027,19,43,Seamark,1003,1022,243,286
201807031052_028,23,73,Seamark,1060,1083,242,315
201807031052_019,6,13,Seamark,110,116,272,285
201807031052_020,3,11,Seamark,405,408,261,272
201807031052_021,11,20,Seamark,526,537,254,274
201807031052_022,8,25,Seamark,416,424,256,281
201807031052_023,11,26,Seamark,275,286,268,294
201807031052_024,12,37,Seamark,129,141,269,306
201807031052_019,8,21,Seamark,370,378,257,278
201807031052_020,9,20,Seamark,685,694,250,270
201807031052_021,11,26,Seamark,861,872,246,272
201807031052_022,13,40,Seamark,883,896,244,284
201807031052_023,20,55,Seamark,921,941,249,304
201807031052_024,32,97,Seamark,1000,1032,237,334
201807031052_029,6,11,Seamark,439,445,256,267
201807031052_030,7,12,Seamark,348,355,258,270
201807031052_031,6,18,Seamark,251,257,262,280
201807031052_031,6,18,Seamark,763,769,248,266
201807031052_032,6,17,Seamark,652,658,254,271
201807031052_033,10,30,Seamark,672,682,248,278
201807031052_034,11,37,Seamark,726,737,248,285
201807031052_035,12,49,Seamark,775,787,254,303
201807031052_029,19,27,Cruiseship,766,785,225,252
201807031052_030,22,32,Cruiseship,696,718,223,255
201807031052_031,24,35,Cruiseship,658,682,221,256
201807031052_032,19,32,Cruiseship,528,547,227,259
201807031052_033,20,34,Cruiseship,539,559,224,258
201807031052_034,21,36,Cruiseship,579,600,220,256
201807031052_035,23,38,Cruiseship,565,588,221,259
201807031052_037,7,22,Seamark,874,881,243,265
201807031052_038,9,22,Seamark,788,797,251,273
201807031052_039,19,45,Seamark,785,804,247,292
201807031052_040,33,102,Seamark,907,940,240,342
201807031052_035,31,14,Passengership,908,939,240,254
201807031052_036,42,27,Passengership,854,896,232,259
201807031052_037,54,36,Passengership,658,712,233,269
201807031052_038,190,117,Passengership,141,331,200,317
201807031052_038,96,38,Militaryship,1070,1166,217,255
201807031052_039,57,35,Militaryship,1087,1144,221,256
201807031052_040,100,60,Militaryship,1096,1196,206,266
201807031052_041,105,63,Militaryship,1135,1240,202,265
201807031052_042,120,85,Militaryship,1153,1273,181,266
201807031052_043,92,47,Militaryship,1145,1237,224,271
201807031052_044,83,43,Militaryship,1185,1268,227,270
201807031052_040,6,15,Seamark,870,876,248,263
201807031052_041,5,17,Seamark,877,882,248,265
201807031052_042,13,36,Seamark,852,865,243,279
201807031052_043,12,33,Seamark,836,848,247,280
201807031052_044,16,57,Seamark,837,853,249,306
201807031052_045,13,38,Seamark,1179,1192,259,297
201807031052_041,33,23,Passengership,809,842,239,262
201807031052_042,54,35,Passengership,579,633,242,277
201807031052_043,96,99,Passengership,1,97,258,357
201807031052_047,38,15,Motorboat,1153,1191,247,262
201807031052_048,83,20,Motorboat,1099,1182,241,261
201807031052_049,76,19,Motorboat,1162,1238,245,264
201807031052_050,69,17,Motorboat,1200,1269,248,265
201807031052_051,32,20,Motorboat,1249,1281,256,276
201807031052_047,35,13,Motorboat,1115,1150,250,263
201807031052_048,38,14,Motorboat,1089,1127,248,262
201807031052_049,42,15,Motorboat,1140,1182,250,265
201807031052_050,39,15,Motorboat,1159,1198,253,268
201807031052_051,51,23,Motorboat,1196,1247,250,273
201807031052_053,33,49,Sailboat,768,801,215,264
201807031052_054,53,80,Sailboat,1127,1180,183,263
201807031052_054,58,85,Cargoship,110,168,221,306
201807031052_055,138,97,Cargoship,115,253,230,327
201807031052_056,166,133,Cargoship,23,189,244,377
201807031052_057,64,101,Militaryship,410,474,190,291
201807031052_058,82,88,Militaryship,386,468,208,296
201807031052_012,25,19,Motorboat,43,68,274,293
201807031052_017,276,61,Boat,874,1150,310,371
201807031052_053,24,8,Motorboat,874,898,251,259
201807031052_053,22,10,Motorboat,898,920,248,258
201807031052_053,24,11,Motorboat,925,949,247,258
201807031052_053,28,10,Motorboat,832,860,250,260
201807031052_015,43,94,Sailboat,924,967,192,286
201807031052_014,29,89,Sailboat,448,477,195,284
201807031052_017,173,293,Sailboat,940,1113,13,306
201807031052_017,139,362,Sailboat,692,831,3,365
201807031052_018,78,217,Sailboat,753,831,91,308
201807031052_018,35,177,Sailboat,706,741,128,305
201807031052_017,69,350,Sailboat,530,599,1,351
201807031052_017,90,347,Sailboat,434,524,2,349
201807031052_017,110,274,Sailboat,5,115,67,341
201807031052_018,27,144,Sailboat,647,674,160,304
201807031052_018,36,202,Sailboat,512,548,98,300
201807031052_017,72,299,Sailboat,610,682,53,352
201807031052_019,33,77,Sailboat,1142,1175,191,268
201807031052_019,52,83,Sailboat,1091,1143,190,273
201807031052_019,34,43,Sailboat,961,995,225,268
201807031052_054,36,81,Sailboat,1084,1120,183,264
201807031052_056,42,63,Cruiseship,266,308,219,282
201807031052_004,18,8,Motorboat,209,227,275,283
201807031052_010,22,11,Motorboat,1238,1260,260,271
201807031052_013,48,16,Motorboat,689,737,264,280
201807031052_019,43,20,Motorboat,1193,1236,249,269
201807031052_019,21,8,Motorboat,836,857,255,263
201807031052_019,21,9,Motorboat,788,809,253,262
201807031052_029,6,12,Seamark,831,837,247,259
201807031052_030,7,13,Seamark,775,782,246,259
201807031052_018,51,48,Seamark,64,115,360,408
201807031052_018,20,44,Seamark,80,100,360,404
201807031052_028,5,10,Seamark,494,499,255,265
201807031052_028,5,11,Seamark,852,857,247,258
201807031122_000,57,134,Passengership,457,514,129,263
201807031122_001,51,161,Passengership,882,933,99,260
201807031122_000,121,81,Cruiseship,319,440,208,289
201807031122_001,190,257,Cruiseship,655,845,39,296
201807031122_003,212,230,Cruiseship,592,804,86,316
201807031122_004,280,390,Cruiseship,3,283,1,391
201807031122_005,207,404,Cruiseship,2,209,5,409
201807031122_005,99,145,Militaryship,162,261,168,313
201807031122_006,196,112,Militaryship,3,199,229,341
201807031122_005,81,130,Militaryship,264,345,174,304
201807031122_006,142,169,Militaryship,203,345,145,314
201807031122_007,87,75,Militaryship,100,187,255,330
201807031122_005,37,21,Motorboat,356,393,262,283
201807031122_006,48,26,Motorboat,368,416,261,287
201807031122_007,82,48,Motorboat,191,273,265,313
201807031122_005,121,228,Passengership,320,441,47,275
201807031122_006,118,261,Passengership,367,485,22,283
201807031122_007,121,298,Passengership,266,387,1,299
201807031122_008,286,333,Passengership,8,294,5,338
201807031122_009,165,339,Passengership,1,166,1,340
201807031122_008,59,23,Passengership,284,343,273,296
201807031122_009,104,41,Passengership,172,276,273,314
201807031122_008,19,7,Ferry,420,439,255,262
201807031122_009,21,8,Ferry,473,494,251,259
201807031122_010,23,9,Ferry,554,577,250,259
201807031122_011,27,7,Ferry,734,761,247,254
201807031122_008,34,25,Miscboat,338,372,261,286
201807031122_009,48,36,Miscboat,301,349,266,302
201807031122_010,92,66,Miscboat,192,284,265,331
201807031122_011,207,66,Miscboat,60,267,294,360
201807031122_007,28,57,Sailboat,535,563,211,268
201807031122_008,31,65,Sailboat,540,571,203,268
201807031122_009,36,77,Sailboat,593,629,193,270
201807031122_010,46,106,Sailboat,682,728,166,272
201807031122_011,54,128,Sailboat,906,960,145,273
201807031122_012,45,40,Sailboat,1233,1278,239,279
201807031122_014,105,207,Sailboat,865,970,86,293
201807031122_015,147,76,Sailboat,721,868,237,313
201807031122_016,294,370,Sailboat,987,1281,1,371
201807031122_017,51,82,Sailboat,358,409,204,286
201807031122_018,46,77,Sailboat,275,321,221,298
201807031122_019,65,109,Sailboat,147,212,211,320
201807031122_014,28,37,Sailboat,476,504,234,271
201807031122_015,37,62,Sailboat,235,272,224,286
201807031122_016,36,60,Sailboat,350,386,220,280
201807031122_017,42,70,Sailboat,403,445,211,281
201807031122_018,24,109,Sailboat,357,381,186,295
201807031122_019,32,143,Sailboat,351,383,164,307
201807031122_020,39,173,Sailboat,97,136,153,326
201807031122_014,21,19,Miscboat,694,715,249,268
201807031122_015,23,21,Miscboat,477,500,254,275
201807031122_016,27,25,Miscboat,621,648,248,273
201807031122_017,41,34,Miscboat,727,768,246,280
201807031122_018,47,65,Miscboat,747,794,225,290
201807031122_019,112,180,Miscboat,906,1018,136,316
201807031122_014,16,16,Miscboat,665,681,249,265
201807031122_015,18,18,Miscboat,446,464,254,272
201807031122_016,20,20,Miscboat,588,608,249,269
201807031122_017,24,23,Miscboat,689,713,250,273
201807031122_018,27,44,Miscboat,695,722,234,278
201807031122_019,57,56,Miscboat,799,856,234,290
201807031122_020,123,77,Miscboat,831,954,243,320
201807031122_021,266,152,Miscboat,1010,1276,231,383
201807031122_014,12,15,Motorboat,646,658,249,264
201807031122_015,13,16,Motorboat,427,440,255,271
201807031122_016,14,18,Motorboat,572,586,250,268
201807031122_017,19,19,Motorboat,668,687,249,268
201807031122_018,21,90,Sailboat,665,686,179,269
201807031122_019,24,28,Motorboat,760,784,243,271
201807031122_020,37,35,Motorboat,720,757,242,277
201807031122_021,57,179,Sailboat,767,824,103,282
201807031122_022,72,82,Motorboat,954,1026,218,300
201807031122_020,29,21,Motorboat,777,806,266,287
201807031122_021,41,35,Motorboat,867,908,266,301
201807031122_022,71,58,Motorboat,1151,1222,281,339
201807031122_023,132,69,Passengership,875,1007,219,288
201807031122_024,247,118,Passengership,982,1229,191,309
201807031122_023,50,43,Passengership,798,848,232,275
201807031122_024,68,51,Passengership,834,902,230,281
201807031122_025,129,98,Passengership,1039,1168,220,318
201807031122_017,43,80,Sailboat,458,501,194,274
201807031122_019,63,133,Sailboat,438,501,155,288
201807031122_020,112,191,Sailboat,228,340,108,299
201807031122_021,112,257,Sailboat,156,268,60,317
201807031122_022,87,82,Motorboat,103,190,262,344
201807031122_020,55,121,Sailboat,344,399,170,291
201807031122_021,80,178,Sailboat,308,388,139,317
201807031122_022,96,214,Sailboat,309,405,114,328
201807031122_023,107,237,Sailboat,123,230,105,342
201807031122_024,160,48,Motorboat,29,189,296,344
201807031122_025,146,91,Ferry,1,147,295,386
201807031122_023,81,29,Motorboat,275,356,278,307
201807031122_024,92,42,Motorboat,1,93,311,353
201807031122_020,41,73,Sailboat,402,443,210,283
201807031122_021,54,97,Sailboat,398,452,195,292
201807031122_018,41,14,Ferry,586,627,255,269
201807031122_019,51,17,Ferry,706,757,248,265
201807031122_020,63,22,Ferry,645,708,249,271
201807031122_021,61,22,Ferry,693,754,250,272
201807031122_022,95,36,Ferry,769,864,244,280
201807031122_023,143,43,Ferry,552,695,246,289
201807031122_024,197,60,Ferry,338,535,248,308
201807031122_025,161,69,Ferry,280,441,246,315
201807031122_026,165,71,Ferry,88,253,262,333
201807031122_017,38,11,Ferry,564,602,255,266
201807031122_023,25,15,Motorboat,771,796,257,272
201807031122_024,57,24,Motorboat,778,835,249,273
201807031122_025,82,35,Motorboat,917,999,248,283
201807031122_026,92,39,Motorboat,1015,1107,253,292
201807031122_027,68,79,Motorboat,1212,1280,262,341
201807031122_014,27,57,Sailboat,505,532,211,268
201807031122_015,28,60,Sailboat,285,313,215,275
201807031122_016,36,12,Ferry,439,475,256,268
201807031122_017,19,19,Passengership,521,540,246,265
201807031122_018,21,21,Passengership,506,527,244,265
201807031122_019,25,25,Passengership,565,590,239,264
201807031122_020,34,28,Passengership,473,507,241,269
201807031122_021,46,39,Passengership,495,541,236,275
201807031122_022,59,50,Passengership,588,647,227,277
201807031122_023,45,51,Passengership,461,506,226,277
201807031122_025,81,93,Passengership,438,519,202,295
201807031122_026,124,116,Passengership,311,435,184,300
201807031122_027,193,102,Passengership,1,194,227,329
201807031122_026,36,32,Miscboat,967,1003,252,284
201807031122_027,88,34,Miscboat,1040,1128,279,313
201807031122_027,96,54,Passengership,194,290,249,303
201807031122_023,14,8,Miscboat,751,765,258,266
201807031122_024,15,9,Miscboat,766,781,259,268
201807031122_025,16,10,Miscboat,881,897,259,269
201807031122_026,28,28,Miscboat,891,919,253,281
201807031122_027,48,32,Miscboat,875,923,254,286
201807031122_028,99,153,Miscboat,1027,1126,168,321
201807031122_023,19,16,Motorboat,729,748,250,266
201807031122_024,20,17,Motorboat,737,757,249,266
201807031122_025,22,19,Motorboat,839,861,248,267
201807031122_026,33,25,Motorboat,839,872,248,273
201807031122_027,53,34,Motorboat,777,830,247,281
201807031122_028,73,53,Motorboat,829,902,241,294
201807031122_029,122,58,Motorboat,939,1061,249,307
201807031122_026,35,28,Passengership,513,548,246,274
201807031122_027,46,21,Passengership,365,411,260,281
201807031122_028,68,72,Passengership,269,337,226,298
201807031122_029,97,59,Passengership,185,282,248,307
201807031122_030,31,20,Motorboat,269,300,270,290
201807031122_031,52,36,Motorboat,127,179,276,312
201807031122_026,15,10,Motorboat,577,592,259,269
201807031122_027,16,11,Motorboat,454,470,263,274
201807031122_028,18,12,Motorboat,418,436,266,278
201807031122_029,24,15,Motorboat,404,428,266,281
201807031122_022,107,175,Sailboat,392,499,128,303
201807031122_016,35,75,Sailboat,427,462,201,276
201807031122_026,44,61,Passengership,432,476,222,283
201807031122_029,19,9,Miscboat,521,540,259,268
201807031122_030,21,10,Miscboat,437,458,261,271
201807031122_031,23,11,Miscboat,385,408,263,274
201807031122_032,44,25,Miscboat,389,433,261,286
201807031122_033,79,37,Miscboat,45,124,276,313
201807031122_029,14,19,Miscboat,505,519,249,268
201807031122_030,15,21,Miscboat,416,431,251,272
201807031122_031,16,23,Miscboat,356,372,252,275
201807031122_032,76,49,Miscboat,306,382,243,292
201807031122_032,40,27,Miscboat,968,1008,254,281
201807031122_033,64,44,Miscboat,1018,1082,259,303
201807031122_035,60,36,Passengership,568,628,243,279
201807031122_036,75,57,Passengership,531,606,231,288
201807031122_037,121,94,Passengership,830,951,222,316
201807031122_035,36,38,Miscboat,278,314,262,300
201807031122_036,20,78,Sailboat,240,260,201,279
201807031122_037,19,73,Sailboat,509,528,194,267
201807031122_038,20,74,Sailboat,618,638,190,264
201807031122_039,28,16,Miscboat,484,512,247,263
201807031122_040,25,15,Miscboat,379,404,250,265
201807031122_041,26,16,Miscboat,487,513,247,263
201807031122_042,35,35,Miscboat,452,487,247,282
201807031122_043,63,64,Miscboat,264,327,243,307
201807031122_044,62,115,Miscboat,14,76,244,359
201807031122_035,27,25,Miscboat,472,499,247,272
201807031122_036,23,18,Ferry,388,411,254,272
201807031122_037,32,17,Ferry,669,701,250,267
201807031122_038,29,18,Miscboat,852,881,256,274
201807031122_039,54,23,Miscboat,759,813,250,273
201807031122_040,67,28,Miscboat,706,773,251,279
201807031122_041,87,37,Miscboat,954,1041,256,293
201807031122_038,63,68,Passengership,882,945,215,283
201807031122_039,103,72,Passengership,860,963,225,297
201807031122_035,23,17,Passengership,502,525,257,274
201807031122_036,46,30,Passengership,452,498,250,280
201807031122_037,51,34,Passengership,737,788,247,281
201807031122_038,62,41,Passengership,948,1010,250,291
201807031122_039,163,112,Passengership,1026,1189,208,320
201807031122_038,40,23,Miscboat,423,463,259,282
201807031122_039,52,35,Miscboat,192,244,268,303
201807031122_038,45,20,Miscboat,467,512,261,281
201807031122_039,72,21,Miscboat,261,333,271,292
201807031122_035,24,20,Motorboat,177,201,266,286
201807031122_036,43,27,Motorboat,57,100,273,300
201807031122_037,64,45,Motorboat,199,263,258,303
201807031122_038,150,82,Motorboat,23,173,253,335
201807031122_038,22,32,Passengership,515,537,244,276
201807031122_039,33,49,Passengership,337,370,242,291
201807031122_040,94,62,Passengership,100,194,248,310
201807031122_041,68,93,Passengership,7,75,241,334
201807031122_038,37,27,Passengership,536,573,245,272
201807031122_039,53,36,Passengership,371,424,246,282
201807031122_040,70,58,Passengership,196,266,242,300
201807031122_041,125,82,Passengership,123,248,232,314
201807031122_038,51,19,Ferry,797,848,248,267
201807031122_039,58,21,Ferry,628,686,248,269
201807031122_040,74,26,Ferry,448,522,249,275
201807031122_041,132,33,Ferry,382,514,264,297
201807031122_038,37,52,Sailboat,768,805,208,260
201807031122_040,102,36,Ferry,434,536,250,286
201807031122_041,49,88,Sailboat,738,787,185,273
201807031122_042,235,73,Ferry,1,236,257,330
201807031122_043,46,87,Sailboat,676,722,175,262
201807031122_044,44,83,Sailboat,739,783,175,258
201807031122_045,56,111,Sailboat,678,734,154,265
201807031122_046,59,116,Sailboat,620,679,149,265
201807031122_047,62,122,Sailboat,603,665,142,264
201807031122_048,55,123,Sailboat,667,722,132,255
201807031122_040,65,48,Miscboat,286,351,241,289
201807031122_041,48,40,Miscboat,328,376,248,288
201807031122_041,58,19,Motorboat,769,827,260,279
201807031122_042,101,31,Motorboat,865,966,263,294
201807031122_043,202,91,Motorboat,1045,1247,270,361
201807031122_042,44,180,Sailboat,411,455,104,284
201807031122_043,92,302,Sailboat,172,264,22,324
201807031122_041,14,10,Miscboat,520,534,262,272
201807031122_042,15,11,Miscboat,502,517,264,275
201807031122_043,27,22,Miscboat,367,394,269,291
201807031122_044,49,34,Miscboat,262,311,274,308
201807031122_041,18,10,Miscboat,537,555,260,270
201807031122_042,20,11,Miscboat,528,548,263,274
201807031122_043,17,13,Miscboat,407,424,271,284
201807031122_044,29,13,Miscboat,352,381,279,292
201807031122_044,34,23,Motorboat,379,413,270,293
201807031122_045,81,49,Motorboat,38,119,287,336
201807031122_044,140,344,Sailboat,1134,1274,30,374
201807031122_045,260,346,Sailboat,998,1258,8,354
201807031122_044,45,37,Miscboat,406,451,250,287
201807031122_045,146,73,Miscboat,120,266,257,330
201807031122_044,34,26,Miscboat,456,490,253,279
201807031122_045,55,46,Miscboat,287,342,251,297
201807031122_044,123,327,Sailboat,1016,1139,8,335
201807031122_046,123,381,Sailboat,1152,1275,16,397
201807031122_044,144,228,Sailboat,844,988,69,297
201807031122_045,115,249,Sailboat,912,1027,74,323
201807031122_046,163,351,Sailboat,965,1128,9,360
201807031122_044,19,66,Sailboat,573,592,199,265
201807031122_045,34,94,Sailboat,473,507,182,276
201807031122_046,36,98,Sailboat,374,410,181,279
201807031122_047,41,109,Sailboat,302,343,171,280
201807031122_048,52,137,Sailboat,300,352,149,286
201807031122_044,13,13,Motorboat,563,576,254,267
201807031122_045,14,14,Motorboat,479,493,256,270
201807031122_046,15,15,Motorboat,370,385,260,275
201807031122_047,32,26,Motorboat,273,305,259,285
201807031122_021,73,45,Motorboat,65,138,292,337
201807031122_023,79,120,Motorboat,1198,1277,234,354
201807031122_023,142,63,Motorboat,6,148,295,358
201807031122_024,64,38,Boat,246,310,262,300
201807031122_026,140,92,Passengership,1130,1270,227,319
201807031122_032,72,75,Motorboat,1089,1161,242,317
201807031122_041,146,117,Miscboat,1127,1273,231,348
201807031122_046,68,29,Boat,898,966,325,354
201807031122_011,10,28,Sailboat,783,793,227,255
201807031122_019,71,135,Sailboat,286,357,172,307
201807031122_020,82,188,Sailboat,143,225,136,324
201807031122_020,75,212,Sailboat,15,90,125,337
201807031122_023,149,317,Sailboat,1057,1206,10,327
201807031122_043,145,193,Sailboat,781,926,108,301
201807031122_045,31,168,Sailboat,419,450,133,301
201807031122_044,14,76,Sailboat,619,633,196,272
201807031122_040,329,256,Passengership,881,1210,102,358
201807031122_019,64,37,Motorboat,210,274,279,316
201807031122_021,86,55,Motorboat,954,1040,272,327
201807031122_022,93,35,Motorboat,189,282,290,325
201807031122_034,140,55,Motorboat,642,782,263,318
201807031122_046,126,61,Motorboat,846,972,262,323
201807031122_001,40,76,Militaryship,844,884,196,272
201807031122_013,146,96,Motorboat,591,737,247,343
201807031122_035,106,49,Motorboat,910,1016,267,316
201807031122_036,39,24,Motorboat,409,448,253,277
201807031122_011,32,20,Ferry,731,763,238,258
201807031122_017,33,9,Boat,357,390,274,283
201807031122_041,145,61,Ferry,377,522,242,303
201807031122_038,50,32,Boat,313,363,262,294
201807031122_035,81,40,Passengership,554,635,232,272
201807031122_023,43,27,Miscboat,415,458,257,284
201807031152_002,96,116,Motorboat,955,1051,212,328
201807031152_003,172,268,Sailboat,802,974,2,270
201807031152_004,162,108,Motorboat,1118,1280,276,384
201807031152_002,39,23,Militaryship,704,743,262,285
201807031152_003,111,88,Militaryship,777,888,245,333
201807031152_004,239,122,Motorboat,1041,1280,248,370
201807031152_005,299,347,Sailboat,970,1269,21,368
201807031152_006,92,70,Miscboat,1124,1216,260,330
201807031152_005,55,30,Militaryship,1006,1061,270,300
201807031152_006,94,86,Militaryship,1017,1111,240,326
201807031152_004,42,95,Cruiseship,876,918,174,269
201807031152_005,112,91,Cruiseship,852,964,181,272
201807031152_006,104,137,Cruiseship,714,818,132,269
201807031152_007,187,232,Cruiseship,703,890,52,284
201807031152_008,314,217,Cruiseship,964,1278,88,305
201807031152_009,202,254,Cruiseship,1079,1281,74,328
201807031152_000,80,168,Sailboat,695,775,93,261
201807031152_001,72,198,Sailboat,717,789,59,257
201807031152_002,139,245,Sailboat,738,877,10,255
201807031152_004,284,288,Sailboat,997,1281,1,289
201807031152_004,47,80,Militaryship,918,965,198,278
201807031152_005,69,61,Militaryship,910,979,222,283
201807031152_006,130,130,Militaryship,819,949,166,296
201807031152_007,350,241,Militaryship,888,1238,102,343
201807031152_006,28,51,Militaryship,696,724,220,271
201807031152_007,32,59,Militaryship,665,697,215,274
201807031152_008,47,38,Militaryship,894,941,230,268
201807031152_009,74,86,Militaryship,903,977,189,275
201807031152_010,106,124,Militaryship,828,934,160,284
201807031152_011,186,150,Militaryship,850,1036,144,294
201807031152_012,319,305,Militaryship,901,1220,45,350
201807031152_014,51,63,Militaryship,716,767,220,283
201807031152_015,74,115,Militaryship,694,768,188,303
201807031152_016,132,185,Militaryship,786,918,136,321
201807031152_017,260,351,Militaryship,966,1226,45,396
201807031152_018,236,265,Cargoship,1045,1281,139,404
201807031152_013,66,12,Boat,448,514,255,267
201807031152_014,73,13,Boat,379,452,255,268
201807031152_015,81,14,Boat,306,387,256,270
201807031152_016,87,17,Boat,327,414,259,276
201807031152_020,122,70,Militaryship,701,823,194,264
201807031152_021,91,89,Militaryship,519,610,191,280
201807031152_022,181,96,Militaryship,104,285,193,289
201807031152_020,97,43,Militaryship,732,829,220,263
201807031152_021,111,48,Militaryship,566,677,220,268
201807031152_022,154,67,Militaryship,145,299,224,291
201807031152_023,108,89,Militaryship,8,116,215,304
201807031152_021,11,13,Seamark,842,853,248,261
201807031152_022,5,14,Seamark,491,496,256,270
201807031152_023,21,28,Seamark,390,411,254,282
201807031152_024,19,25,Seamark,360,379,259,284
201807031152_025,8,25,Seamark,225,233,266,291
201807031152_026,15,40,Seamark,31,46,273,313
201807031152_021,6,13,Seamark,789,795,253,266
201807031152_022,5,16,Seamark,425,430,263,279
201807031152_023,17,34,Seamark,289,306,263,297
201807031152_024,18,36,Seamark,215,233,270,306
201807031152_024,20,21,Passengership,488,508,249,270
201807031152_025,29,35,Passengership,355,384,247,282
201807031152_026,85,53,Passengership,60,145,257,310
201807031152_028,6,8,Seamark,282,288,266,274
201807031152_029,7,9,Seamark,242,249,270,279
201807031152_030,8,10,Seamark,271,279,267,277
201807031152_031,6,16,Seamark,208,214,266,282
201807031152_032,7,18,Seamark,193,200,267,285
201807031152_033,14,29,Seamark,39,53,272,301
201807031152_029,84,26,Militaryship,618,702,235,261
201807031152_030,121,38,Militaryship,709,830,226,264
201807031152_031,189,59,Militaryship,736,925,218,277
201807031152_032,177,52,Militaryship,862,1039,219,271
201807031152_032,270,101,Militaryship,800,1070,177,278
201807031152_033,413,90,Militaryship,853,1266,210,300
201807031152_035,66,29,Passengership,388,454,242,271
201807031152_036,126,83,Passengership,228,354,202,285
201807031152_034,29,39,Sailboat,644,673,229,268
201807031152_035,36,48,Sailboat,624,660,224,272
201807031152_036,79,56,Sailboat,1004,1083,216,272
201807031152_037,67,136,Sailboat,133,200,172,308
201807031152_034,14,16,Motorboat,894,908,249,265
201807031152_035,15,18,Motorboat,912,927,249,267
201807031152_036,22,18,Motorboat,922,944,251,269
201807031152_037,27,29,Motorboat,649,676,253,282
201807031152_038,35,37,Motorboat,169,204,269,306
201807031152_037,7,47,Seamark,1152,1159,270,317
201807031152_038,9,90,Seamark,1007,1016,267,357
201807031152_036,44,10,Sailboat,1020,1064,257,267
201807031152_037,67,51,Sailboat,805,872,233,284
201807031152_038,94,18,Sailboat,372,466,285,303
201807031152_040,7,25,Seamark,81,88,274,299
201807031152_041,6,22,Seamark,341,347,265,287
201807031152_042,22,41,Seamark,459,481,253,294
201807031152_043,5,14,Seamark,1081,1086,252,266
201807031152_044,20,24,Seamark,698,718,248,272
201807031152_045,18,22,Seamark,449,467,256,278
201807031152_046,8,21,Seamark,212,220,268,289
201807031152_047,8,11,Seamark,120,128,282,293
201807031152_048,8,11,Seamark,337,345,260,271
201807031152_049,5,10,Seamark,351,356,261,271
201807031152_050,9,14,Seamark,417,426,256,270
201807031152_051,8,13,Seamark,119,127,270,283
201807031152_052,5,13,Seamark,240,245,266,279
201807031152_053,15,25,Seamark,305,320,258,283
201807031152_054,14,23,Seamark,356,370,258,281
201807031152_055,8,19,Seamark,349,357,262,281
201807031152_056,5,19,Seamark,249,254,265,284
201807031152_057,14,34,Seamark,117,131,264,298
201807031152_058,11,32,Seamark,43,54,274,306
201807031152_044,6,17,Seamark,1184,1190,255,272
201807031152_045,23,28,Seamark,1013,1036,252,280
201807031152_046,10,33,Seamark,928,938,248,281
201807031152_047,15,49,Seamark,1054,1069,252,301
201807031152_048,9,18,Seamark,317,326,261,279
201807031152_049,5,16,Seamark,303,308,263,279
201807031152_048,6,10,Seamark,554,560,255,265
201807031152_049,7,11,Seamark,596,603,254,265
201807031152_050,8,12,Seamark,696,704,251,263
201807031152_051,8,11,Seamark,432,440,258,269
201807031152_052,5,10,Seamark,616,621,254,264
201807031152_053,6,11,Seamark,749,755,252,263
201807031152_054,9,17,Seamark,846,855,247,264
201807031152_055,5,13,Seamark,892,897,250,263
201807031152_056,6,19,Seamark,855,861,246,265
201807031152_057,5,17,Seamark,815,820,250,267
201807031152_058,7,18,Seamark,858,865,249,267
201807031152_059,5,18,Seamark,969,974,250,268
201807031152_060,8,22,Seamark,1148,1156,251,273
201807031152_049,6,10,Seamark,578,584,255,265
201807031152_050,6,12,Seamark,678,684,249,261
201807031152_051,6,12,Seamark,410,416,259,271
201807031152_052,7,15,Seamark,580,587,254,269
201807031152_053,5,13,Seamark,710,715,255,268
201807031152_054,13,20,Seamark,806,819,250,270
201807031152_055,9,22,Seamark,864,873,251,273
201807031152_056,7,24,Seamark,845,852,251,275
201807031152_057,12,32,Seamark,821,833,250,282
201807031152_058,14,42,Seamark,895,909,249,291
201807031152_059,15,48,Seamark,1081,1096,255,303
201807031152_045,7,12,Seamark,1086,1093,249,261
201807031152_046,5,10,Seamark,945,950,250,260
201807031152_047,6,11,Seamark,912,918,251,262
201807031152_048,10,12,Seamark,630,640,255,267
201807031152_049,7,14,Seamark,676,683,253,267
201807031152_050,5,16,Seamark,801,806,253,269
201807031152_051,13,23,Seamark,561,574,260,283
201807031152_052,13,31,Seamark,763,776,254,285
201807031152_053,16,52,Seamark,1001,1017,252,304
201807031152_002,30,17,Boat,746,776,269,286
201807031152_005,147,87,Militaryship,898,1045,190,277
201807031152_020,87,23,Motorboat,498,585,249,272
201807031152_035,57,58,Militaryship,1146,1203,233,291
201807031152_035,67,41,Militaryship,150,217,248,289
201807031152_041,160,56,Militaryship,1054,1214,228,284
201807031152_014,31,53,Sailboat,88,119,233,286
201807031152_014,26,44,Sailboat,57,83,243,287
201807031152_014,28,48,Sailboat,148,176,232,280
201807031152_014,19,47,Sailboat,185,204,232,279
201807031152_040,42,155,Sailboat,1206,1248,139,294
201807031152_040,31,170,Sailboat,1052,1083,125,295
201807031152_020,69,35,Passengership,75,144,265,300
201807031152_002,81,67,Motorboat,956,1037,253,320
201807031152_036,39,51,Sailboat,565,604,223,274
201807031152_035,87,112,Militaryship,1139,1226,182,294
201807031152_000,70,65,Motorboat,1,71,269,334
201807031152_019,41,24,Motorboat,282,323,262,286
201807031152_019,79,33,Motorboat,281,360,252,285
201807031152_025,26,32,Seamark,219,245,260,292
201807031152_024,16,32,Seamark,174,190,257,289
201807031152_039,32,73,Seamark,102,134,296,369
201807031152_039,18,64,Seamark,113,131,304,368
201807031152_040,16,147,Seamark,1108,1124,336,483
201807031152_042,15,30,Seamark,309,324,258,288
201807031152_048,7,10,Seamark,542,549,256,266
201807031152_049,26,19,Seamark,665,691,248,267
201807031152_060,30,32,Seamark,1132,1162,242,274
201807031152_039,41,20,Miscellaneous,536,577,309,329
201807031152_042,20,11,Miscellaneous,406,426,325,336
201807031152_042,21,21,Miscellaneous,922,943,300,321
201807031152_005,25,31,Motorboat,986,1011,256,287
201807031152_035,24,20,Motorboat,258,282,263,283
201807031152_035,34,19,Motorboat,221,255,265,284
201807031152_003,62,44,Boat,861,923,268,312
201807031152_004,94,75,Motorboat,1024,1118,292,367
201807031152_005,109,83,Motorboat,1069,1178,244,327
201807031222_001,16,15,Motorboat,664,680,251,266
201807031222_002,14,15,Motorboat,884,898,251,266
201807031222_001,32,16,Motorboat,170,202,272,288
201807031222_002,16,12,Motorboat,284,300,272,284
201807031222_003,45,21,Motorboat,887,932,261,282
201807031222_003,37,173,Sailboat,13,50,144,317
201807031222_004,58,279,Sailboat,175,233,48,327
201807031222_004,131,38,Motorboat,497,628,279,317
201807031222_003,21,89,Sailboat,292,313,205,294
201807031222_004,32,124,Sailboat,677,709,170,294
201807031222_003,51,217,Sailboat,102,153,99,316
201807031222_004,78,325,Sailboat,320,398,2,327
201807031222_003,39,203,Sailboat,56,95,111,314
201807031222_004,53,317,Sailboat,258,311,7,324
201807031222_006,9,15,Seamark,386,395,265,280
201807031222_007,14,18,Seamark,663,677,255,273
201807031222_008,7,22,Seamark,814,821,250,272
201807031222_009,13,31,Seamark,754,767,250,281
201807031222_010,16,48,Seamark,839,855,246,294
201807031222_011,25,85,Seamark,1062,1087,249,334
201807031222_007,11,15,Seamark,380,391,261,276
201807031222_008,5,11,Seamark,496,501,263,274
201807031222_009,11,18,Seamark,351,362,264,282
201807031222_010,9,23,Seamark,283,292,265,288
201807031222_011,11,33,Seamark,170,181,269,302
201807031222_009,6,14,Seamark,770,776,251,265
201807031222_010,6,15,Seamark,808,814,249,264
201807031222_011,5,14,Seamark,869,874,252,266
201807031222_012,11,18,Seamark,744,755,255,273
201807031222_013,10,22,Seamark,323,333,264,286
201807031222_014,11,35,Seamark,16,27,275,310
201807031222_012,11,22,Seamark,1226,1237,250,272
201807031222_013,13,25,Seamark,985,998,249,274
201807031222_014,9,34,Seamark,968,977,255,289
201807031222_015,27,78,Seamark,1079,1106,247,325
201807031222_017,16,57,Sailboat,506,522,218,275
201807031222_018,24,18,Motorboat,387,411,267,285
201807031222_019,34,108,Sailboat,218,252,194,302
201807031222_015,6,12,Seamark,489,495,256,268
201807031222_016,7,13,Seamark,416,423,258,271
201807031222_017,4,11,Seamark,337,341,265,276
201807031222_018,10,12,Seamark,265,275,266,278
201807031222_019,11,13,Seamark,223,234,268,281
201807031222_020,12,14,Seamark,158,170,269,283
201807031222_021,9,14,Seamark,113,122,276,290
201807031222_022,7,23,Seamark,43,50,274,297
201807031222_015,5,11,Seamark,849,854,253,264
201807031222_016,6,12,Seamark,820,826,253,265
201807031222_017,7,13,Seamark,774,781,252,265
201807031222_018,8,16,Seamark,742,750,254,270
201807031222_019,7,14,Seamark,748,755,257,271
201807031222_020,5,17,Seamark,738,743,256,273
201807031222_021,13,20,Seamark,752,765,257,277
201807031222_022,11,23,Seamark,762,773,258,281
201807031222_023,10,32,Seamark,738,748,252,284
201807031222_024,15,44,Seamark,777,792,253,297
201807031222_025,24,53,Seamark,811,835,259,312
201807031222_026,46,175,Seamark,958,1004,247,422
201807031222_021,7,9,Seamark,854,861,254,263
201807031222_024,6,11,Seamark,864,870,254,265
201807031222_027,8,20,Seamark,763,771,255,275
201807031222_028,10,20,Seamark,724,734,255,275
201807031222_029,10,33,Seamark,748,758,250,283
201807031222_030,18,59,Seamark,808,826,248,307
201807031222_031,34,131,Seamark,944,978,241,372
201807031222_014,16,25,Passengership,889,905,230,255
201807031222_015,18,28,Passengership,797,815,228,256
201807031222_016,23,37,Passengership,750,773,225,262
201807031222_017,18,30,Passengership,696,714,228,258
201807031222_018,19,32,Passengership,656,675,227,259
201807031222_019,20,34,Passengership,652,672,226,260
201807031222_020,17,31,Passengership,633,650,229,260
201807031222_021,19,34,Passengership,640,659,226,260
201807031222_022,18,30,Passengership,633,651,230,260
201807031222_023,20,37,Passengership,589,609,224,261
201807031222_024,22,41,Passengership,605,627,222,263
201807031222_025,23,44,Passengership,560,583,219,263
201807031222_026,24,42,Passengership,463,487,223,265
201807031222_027,28,49,Passengership,409,437,221,270
201807031222_028,55,34,Passengership,316,371,239,273
201807031222_029,32,49,Passengership,290,322,224,273
201807031222_030,41,63,Passengership,268,309,217,280
201807031222_031,28,44,Passengership,167,195,239,283
201807031222_032,33,51,Passengership,43,76,240,291
201807031222_031,60,60,Passengership,153,213,218,278
201807031222_032,83,65,Passengership,32,115,218,283
201807031222_029,91,37,Militaryship,1092,1183,224,261
201807031222_030,127,57,Militaryship,1148,1275,216,273
201807031222_031,114,51,Militaryship,1161,1275,219,270
201807031222_032,114,54,Militaryship,1135,1249,215,269
201807031222_033,189,70,Militaryship,1091,1280,207,277
201807031222_034,165,57,Militaryship,1115,1280,213,270
201807031222_035,134,67,Militaryship,1144,1278,206,273
201807031222_036,123,74,Militaryship,1154,1277,199,273
201807031222_037,57,61,Militaryship,1223,1280,216,277
201807031222_033,5,20,Seamark,809,814,259,279
201807031222_034,6,22,Seamark,795,801,260,282
201807031222_035,6,34,Seamark,812,818,258,292
201807031222_036,15,42,Seamark,800,815,261,303
201807031222_037,17,60,Seamark,875,892,271,331
201807031222_038,11,106,Seamark,1061,1072,287,393
201807031222_033,9,20,Seamark,834,843,252,272
201807031222_034,9,24,Seamark,819,828,249,273
201807031222_035,9,26,Seamark,826,835,249,275
201807031222_036,9,29,Seamark,810,819,252,281
201807031222_037,14,37,Seamark,846,860,250,287
201807031222_038,8,43,Seamark,895,903,252,295
201807031222_036,34,21,Passengership,815,849,246,267
201807031222_037,55,24,Passengership,742,797,248,272
201807031222_038,75,33,Passengership,603,678,248,281
201807031222_039,40,71,Passengership,1,41,266,337
201807031222_039,32,80,Seamark,891,923,246,326
201807031222_041,13,83,Seamark,1201,1214,300,383
201807031222_041,191,60,Militaryship,1084,1275,237,297
201807031222_042,141,79,Militaryship,1139,1280,210,289
201807031222_042,10,10,Miscellaneous,753,763,293,303
201807031222_043,22,17,Miscellaneous,217,239,406,423
201807031222_042,30,12,Miscellaneous,800,830,288,300
201807031222_043,15,14,Miscellaneous,563,578,358,372
201807031222_029,20,13,Boat,465,485,272,285
201807031222_044,68,41,Motorboat,1207,1275,249,290
201807031222_044,56,26,Motorboat,1142,1198,254,280
201807031222_004,62,249,Sailboat,105,167,81,330
201807031222_004,54,257,Sailboat,1,55,79,336
201807031222_003,59,104,Sailboat,161,220,197,301
201807031222_005,50,234,Sailboat,1225,1275,105,339
201807031222_005,117,281,Sailboat,958,1075,43,324
201807031222_005,47,318,Sailboat,1175,1222,15,333
201807031222_005,71,271,Sailboat,1095,1166,50,321
201807031222_005,82,188,Sailboat,832,914,136,324
201807031222_005,97,220,Sailboat,727,824,95,315
201807031222_005,122,223,Sailboat,503,625,86,309
201807031222_006,41,70,Sailboat,1090,1131,200,270
201807031222_006,41,78,Sailboat,1038,1079,200,278
201807031222_006,19,34,Sailboat,920,939,238,272
201807031222_047,72,79,Sailboat,1134,1206,189,268
201807031222_003,47,14,Motorboat,314,361,278,292
201807031222_006,43,18,Motorboat,1145,1188,251,269
201807031222_046,35,32,Cargoship,90,125,265,297
201807031222_005,30,36,Seamark,93,123,366,402
201807031222_006,10,11,Seamark,429,439,261,272
201807031222_006,7,13,Seamark,122,129,276,289
201807031222_009,7,15,Seamark,1053,1060,249,264
201807031222_036,12,28,Seamark,1115,1127,254,282
201807031222_042,26,16,Miscellaneous,673,699,294,310
201807031222_043,19,12,Miscellaneous,144,163,411,423
201807031222_043,26,18,Miscellaneous,103,129,414,432
201807031222_043,15,16,Miscellaneous,28,43,424,440
201807031222_043,15,13,Miscellaneous,521,536,364,377
201807031222_043,12,13,Miscellaneous,492,504,366,379
201807031222_043,25,18,Miscellaneous,59,84,415,433
201807031222_047,62,52,Cargoship,83,145,252,304
201807031222_003,66,14,Motorboat,221,287,285,299
201807040951_000,443,328,Passengership,7,450,58,386
201807040951_001,233,272,Passengership,1,234,104,376
201807040951_002,108,49,Passengership,603,711,240,289
201807040951_003,40,20,Passengership,421,461,253,273
201807040951_004,41,21,Passengership,648,689,249,270
201807040951_005,37,19,Passengership,546,583,253,272
201807040951_006,52,22,Passengership,301,353,260,282
201807040951_007,61,36,Passengership,231,292,256,292
201807040951_008,102,53,Passengership,338,440,248,301
201807040951_009,90,47,Motorboat,46,136,268,315
201807040951_000,173,101,Miscboat,1108,1281,238,339
201807040951_001,293,236,Miscboat,819,1112,94,330
201807040951_002,221,101,Miscboat,7,228,249,350
201807040951_002,122,67,Miscboat,912,1034,209,276
201807040951_003,101,38,Passengership,95,196,263,301
201807040951_004,174,114,Passengership,108,282,205,319
201807040951_002,33,30,Motorboat,1147,1180,251,281
201807040951_003,94,80,Motorboat,701,795,230,310
201807040951_003,80,35,Passengership,223,303,255,290
201807040951_004,126,65,Passengership,345,471,233,298
201807040951_005,157,67,Passengership,160,317,237,304
201807040951_004,35,23,Motorboat,525,560,259,282
201807040951_005,40,14,Motorboat,393,433,263,277
201807040951_006,56,35,Motorboat,107,163,269,304
201807040951_005,25,17,Motorboat,588,613,256,273
201807040951_006,21,38,Motorboat,359,380,249,287
201807040951_007,37,23,Motorboat,297,334,263,286
201807040951_008,63,31,Motorboat,449,512,260,291
201807040951_009,63,18,Motorboat,899,962,266,284
201807040951_010,91,29,Motorboat,811,902,270,299
201807040951_008,45,32,Miscboat,1134,1179,257,289
201807040951_009,70,46,Miscboat,974,1044,254,300
201807040951_010,160,90,Miscboat,970,1130,254,344
201807040951_003,167,243,Miscboat,880,1047,127,370
201807040951_002,45,39,Passengership,798,843,232,271
201807040951_002,39,35,Passengership,850,889,237,272
201807040951_004,192,175,Motorboat,1082,1274,189,364
201807040951_009,33,41,Passengership,0,33,274,315
201807040951_002,44,42,Passengership,719,763,242,284
201807040951_002,37,24,Boat,1188,1225,265,289
201807041016_000,306,139,Passengership,701,1007,170,309
201807041016_001,258,174,Passengership,1019,1277,200,374
201807041016_000,135,82,Passengership,464,599,211,293
201807041016_001,162,127,Passengership,700,862,184,311
201807041016_001,52,42,Motorboat,19,71,265,307
201807041016_002,103,85,Motorboat,1,104,243,328
201807041016_000,44,35,Passengership,350,394,251,286
201807041016_001,59,51,Passengership,549,608,237,288
201807041016_002,101,92,Passengership,903,1004,216,308
201807041016_001,28,27,Miscboat,86,114,269,296
201807041016_002,37,40,Miscboat,221,258,258,298
201807041016_003,63,141,Miscboat,5,68,193,334
201807041016_000,49,32,Passengership,292,341,253,285
201807041016_001,41,45,Passengership,505,546,238,283
201807041016_002,64,67,Passengership,831,895,228,295
201807041016_003,174,169,Passengership,1107,1281,159,328
201807041016_001,21,21,Miscboat,122,143,268,289
201807041016_002,30,22,Miscboat,308,338,264,286
201807041016_003,54,36,Miscboat,248,302,268,304
201807041016_002,43,35,Miscboat,341,384,247,282
201807041016_003,62,35,Miscboat,336,398,258,293
201807041016_004,121,73,Miscboat,63,184,250,323
201807041016_002,22,33,Passengership,382,404,247,280
201807041016_003,36,40,Passengership,397,433,245,285
201807041016_004,97,59,Passengership,194,291,241,300
201807041016_005,154,87,Passengership,48,202,237,324
201807041016_004,87,76,Miscboat,915,1002,230,306
201807041016_005,148,240,Miscboat,1057,1205,87,327
201807041016_002,30,31,Passengership,403,433,245,276
201807041016_003,43,43,Passengership,442,485,242,285
201807041016_004,75,57,Passengership,298,373,238,295
201807041016_005,106,74,Passengership,218,324,231,305
201807041016_006,159,102,Passengership,11,170,230,332
201807041016_003,32,60,Miscboat,840,872,219,279
201807041016_004,55,37,Miscboat,842,897,248,285
201807041016_005,74,111,Miscboat,917,991,184,295
201807041016_006,120,64,Miscboat,947,1067,244,308
201807041016_001,40,17,Ferry,189,229,262,279
201807041016_002,67,18,Ferry,498,565,254,272
201807041016_003,64,26,Ferry,676,740,251,277
201807041016_004,104,29,Ferry,713,817,251,280
201807041016_005,116,40,Ferry,802,918,246,286
201807041016_006,152,40,Ferry,808,960,256,296
201807041016_007,268,95,Ferry,1013,1281,242,337
201807041016_002,29,54,Passengership,432,461,219,273
201807041016_003,33,62,Passengership,500,533,214,276
201807041016_004,66,82,Passengership,394,460,200,282
201807041016_005,76,106,Passengership,363,439,179,285
201807041016_006,115,123,Passengership,250,365,172,295
201807041016_007,227,238,Passengership,45,272,102,340
201807041016_008,213,355,Sailboat,1027,1240,1,356
201807041016_009,191,339,Sailboat,1090,1281,31,370
201807041016_003,52,90,Sailboat,534,586,184,274
201807041016_004,23,109,Sailboat,481,504,166,275
201807041016_005,26,122,Sailboat,471,497,155,277
201807041016_006,31,154,Sailboat,399,430,138,292
201807041016_007,53,196,Sailboat,362,415,96,292
201807041016_008,81,278,Sailboat,188,269,33,311
201807041016_009,178,316,Sailboat,22,200,9,325
201807041016_006,31,34,Motorboat,421,452,243,277
201807041016_007,31,44,Motorboat,415,446,240,284
201807041016_008,60,63,Motorboat,268,328,237,300
201807041016_009,92,83,Motorboat,209,301,234,317
201807041016_010,174,132,Motorboat,29,203,222,354
201807041016_006,62,114,Sailboat,739,801,169,283
201807041016_007,116,195,Sailboat,859,975,114,309
201807041016_008,114,238,Sailboat,862,976,78,316
201807041016_009,187,260,Sailboat,906,1093,59,319
201807041016_010,136,324,Sailboat,1040,1176,12,336
201807041016_011,139,117,Motorboat,1126,1265,211,328
201807041016_004,13,10,Motorboat,515,528,260,270
201807041016_005,14,11,Motorboat,508,522,261,272
201807041016_006,15,12,Motorboat,457,472,261,273
201807041016_007,20,16,Motorboat,465,485,263,279
201807041016_008,30,18,Motorboat,369,399,268,286
201807041016_009,33,20,Motorboat,380,413,270,290
201807041016_010,45,31,Motorboat,357,402,273,304
201807041016_011,71,39,Motorboat,264,335,282,321
201807041016_004,13,10,Motorboat,528,541,258,268
201807041016_005,14,11,Motorboat,522,536,259,270
201807041016_006,15,12,Motorboat,474,489,260,272
201807041016_007,23,17,Motorboat,491,514,258,275
201807041016_008,13,12,Motorboat,411,424,270,282
201807041016_009,14,13,Motorboat,437,451,271,284
201807041016_010,25,16,Motorboat,438,463,275,291
201807041016_011,34,22,Motorboat,399,433,281,303
201807041016_012,40,31,Motorboat,172,212,296,327
201807041016_010,27,27,Motorboat,462,489,261,288
201807041016_011,37,34,Motorboat,432,469,265,299
201807041016_012,41,41,Motorboat,215,256,279,320
201807041016_008,38,32,Miscboat,436,474,246,278
201807041016_009,44,39,Miscboat,467,511,243,282
201807041016_010,49,44,Miscboat,489,538,243,287
201807041016_011,70,46,Miscboat,471,541,248,294
201807041016_012,119,58,Miscboat,263,382,253,311
201807041016_013,122,92,Miscboat,-5,117,257,349
201807041016_010,94,206,Sailboat,890,984,89,295
201807041016_011,121,271,Sailboat,1002,1123,40,311
201807041016_012,137,175,Sailboat,965,1102,139,314
201807041016_013,199,253,Sailboat,899,1098,93,346
201807041016_014,99,288,Sailboat,1091,1190,49,337
201807041016_012,211,343,Sailboat,1070,1281,7,350
201807041016_013,210,346,Sailboat,1032,1242,6,352
201807041016_012,57,143,Sailboat,867,924,152,295
201807041016_014,83,52,Motorboat,1197,1280,297,349
201807041016_011,29,51,Miscboat,541,570,233,284
201807041016_012,36,64,Miscboat,393,429,228,292
201807041016_013,73,81,Miscboat,152,225,229,310
201807041016_014,146,130,Miscboat,2,148,216,346
201807041016_013,18,17,Miscboat,384,402,257,274
201807041016_014,22,28,Miscboat,472,494,248,276
201807041016_015,29,32,Miscboat,345,374,258,290
201807041016_016,41,33,Miscboat,351,392,260,293
201807041016_017,51,60,Miscboat,281,332,241,301
201807041016_018,74,65,Miscboat,54,128,259,324
201807041016_013,20,78,Sailboat,402,422,195,273
201807041016_014,25,90,Sailboat,494,519,185,275
201807041016_015,39,127,Sailboat,384,423,163,290
201807041016_016,48,132,Sailboat,393,441,155,287
201807041016_017,66,166,Sailboat,333,399,129,295
201807041016_018,100,204,Sailboat,132,232,107,311
201807041016_019,108,287,Sailboat,-5,103,48,335
201807041016_021,39,30,Militaryship,731,770,256,286
201807041016_022,47,30,Militaryship,748,795,259,289
201807041016_023,53,39,Militaryship,789,842,264,303
201807041016_024,55,49,Militaryship,915,970,264,313
201807041016_018,20,16,Motorboat,623,643,261,277
201807041016_019,22,18,Motorboat,633,655,261,279
201807041016_020,24,20,Motorboat,717,741,261,281
201807041016_021,24,24,Motorboat,741,765,264,288
201807041016_022,29,29,Motorboat,758,787,264,293
201807041016_025,96,75,Motorboat,1175,1271,283,358
201807041016_012,42,65,Sailboat,718,760,177,242
201807041016_013,51,81,Sailboat,594,645,168,249
201807041016_014,69,110,Sailboat,709,778,150,260
201807041016_015,68,97,Sailboat,662,730,146,243
201807041016_016,89,127,Sailboat,719,808,128,255
201807041016_017,110,157,Sailboat,716,826,110,267
201807041016_018,66,140,Sailboat,653,719,112,252
201807041016_019,83,176,Sailboat,660,743,89,265
201807041016_020,55,194,Sailboat,751,806,70,264
201807041016_021,110,200,Sailboat,762,872,51,251
201807041016_022,77,250,Sailboat,794,871,12,262
201807041016_023,86,262,Sailboat,829,915,1,263
201807041016_024,133,243,Sailboat,943,1076,9,252
201807041016_025,159,252,Sailboat,1092,1251,17,269
201807041016_026,174,334,Sailboat,1109,1283,1,335
201807041016_027,239,308,Sailboat,1042,1281,7,315
201807041016_027,48,45,Miscboat,999,1047,255,300
201807041016_028,99,47,Miscboat,1118,1217,270,317
201807041016_027,46,66,Miscboat,943,989,236,302
201807041016_028,88,69,Miscboat,1025,1113,247,316
201807041016_025,33,87,Cruiseship,1007,1040,185,272
201807041016_026,56,130,Cruiseship,937,993,148,278
201807041016_027,106,91,Cruiseship,723,829,182,273
201807041016_028,104,163,Cruiseship,717,821,115,278
201807041016_029,174,219,Cruiseship,739,913,73,292
201807041016_030,260,181,Cruiseship,742,1002,124,305
201807041016_031,385,321,Cruiseship,740,1125,1,322
201807041016_032,490,369,Cruiseship,791,1281,1,370
201807041016_025,38,64,Militaryship,1040,1078,214,278
201807041016_026,64,81,Militaryship,991,1055,200,281
201807041016_027,92,120,Militaryship,837,929,173,293
201807041016_028,135,126,Militaryship,820,955,165,291
201807041016_029,294,192,Militaryship,907,1201,131,323
201807041016_028,30,47,Militaryship,680,710,223,270
201807041016_029,38,51,Militaryship,688,726,220,271
201807041016_030,47,63,Militaryship,681,728,211,274
201807041016_031,48,69,Militaryship,656,704,209,278
201807041016_032,59,82,Militaryship,677,736,199,281
201807041016_033,93,119,Militaryship,739,832,180,299
201807041016_034,161,196,Militaryship,813,974,113,309
201807041016_035,431,397,Militaryship,850,1281,1,398
201807041016_036,385,363,Militaryship,896,1281,110,473
201807041016_037,77,17,Miscboat,395,472,262,279
201807041016_038,85,17,Miscboat,347,432,261,278
201807041016_039,105,21,Miscboat,238,343,261,282
201807041016_040,105,25,Miscboat,137,242,266,291
201807041016_037,26,13,Motorboat,651,677,257,270
201807041016_038,21,17,Motorboat,652,673,257,274
201807041016_039,23,19,Motorboat,577,600,257,276
201807041016_040,24,19,Motorboat,517,541,258,277
201807041016_041,35,29,Motorboat,364,399,258,287
201807041016_038,30,16,Motorboat,622,652,256,272
201807041016_039,33,18,Motorboat,544,577,256,274
201807041016_040,35,18,Motorboat,482,517,260,278
201807041016_041,39,24,Motorboat,325,364,263,287
201807041016_041,49,58,Militaryship,966,1015,213,271
201807041016_042,144,62,Militaryship,525,669,210,272
201807041016_043,69,77,Militaryship,431,500,204,281
201807041016_044,79,104,Militaryship,123,202,192,296
201807041016_041,37,57,Militaryship,1008,1045,213,270
201807041016_042,45,69,Militaryship,582,627,206,275
201807041016_043,48,56,Militaryship,500,548,223,279
201807041016_044,124,110,Militaryship,142,266,182,292
201807041016_044,6,15,Seamark,565,571,258,273
201807041016_045,16,27,Seamark,341,357,258,285
201807041016_046,7,20,Seamark,380,387,261,281
201807041016_047,7,26,Seamark,116,123,270,296
201807041016_048,11,39,Seamark,127,138,267,306
201807041016_045,20,18,Seamark,245,265,272,290
201807041016_046,3,21,Seamark,240,243,277,298
201807041016_013,45,18,Boat,912,957,313,331
201807041016_013,40,15,Boat,881,921,308,323
201807041016_010,156,372,Sailboat,1111,1267,0,372
201807041016_049,99,34,Militaryship,669,768,237,271
201807041016_024,38,64,Cruiseship,908,946,208,272
201807041016_033,194,388,Cruiseship,1087,1281,3,391
201807041016_037,35,16,Motorboat,45,80,274,290
201807041016_040,22,12,Motorboat,91,113,280,292
201807041016_028,61,41,Militaryship,961,1022,257,298
201807041016_043,97,54,Motorboat,163,260,241,295
201807041016_048,20,48,Seamark,125,145,258,306
201807041016_049,4,19,Seamark,41,45,280,299
201807041016_012,72,38,Motorboat,149,221,295,333
201807041016_021,15,19,Boat,782,797,269,288
201807041016_022,16,21,Boat,811,827,271,292
201807041016_023,18,23,Boat,865,883,276,299
201807041016_024,59,39,Boat,988,1047,279,318
201807041016_013,104,174,Sailboat,785,889,124,298
201807041043_001,6,18,Seamark,322,328,261,279
201807041043_002,4,20,Seamark,266,270,264,284
201807041043_003,14,30,Seamark,46,60,274,304
201807041043_001,4,8,Seamark,648,652,254,262
201807041043_002,8,20,Seamark,672,680,245,265
201807041043_003,7,18,Seamark,612,619,248,266
201807041043_004,6,16,Seamark,723,729,250,266
201807041043_005,5,17,Seamark,792,797,251,268
201807041043_006,10,23,Seamark,854,864,250,273
201807041043_007,10,26,Seamark,945,955,248,274
201807041043_008,8,32,Seamark,1026,1034,247,279
201807041043_009,15,44,Seamark,1141,1156,247,291
201807041043_001,7,18,Seamark,780,787,249,267
201807041043_002,7,22,Seamark,853,860,247,269
201807041043_003,11,33,Seamark,866,877,246,279
201807041043_004,16,58,Seamark,1148,1164,245,303
201807041043_004,4,12,Seamark,741,745,249,261
201807041043_005,6,15,Seamark,801,807,245,260
201807041043_006,6,15,Seamark,857,863,245,260
201807041043_007,5,14,Seamark,928,933,247,261
201807041043_008,4,14,Seamark,972,976,248,262
201807041043_009,10,18,Seamark,1024,1034,246,264
201807041043_010,8,19,Seamark,1092,1100,248,267
201807041043_011,7,23,Seamark,1210,1217,249,272
201807041043_000,15,35,Sailboat,443,458,232,267
201807041043_001,18,34,Sailboat,408,426,235,269
201807041043_002,19,35,Sailboat,352,371,235,270
201807041043_003,14,37,Sailboat,197,211,240,277
201807041043_004,10,40,Sailboat,202,212,240,280
201807041043_005,8,48,Sailboat,172,180,235,283
201807041043_006,15,55,Sailboat,155,170,229,284
201807041043_007,11,48,Sailboat,153,164,239,287
201807041043_008,12,53,Sailboat,108,120,236,289
201807041043_009,14,45,Sailboat,56,70,249,294
201807041043_004,5,16,Seamark,318,323,260,276
201807041043_005,4,18,Seamark,313,317,260,278
201807041043_006,7,26,Seamark,314,321,257,283
201807041043_007,8,24,Seamark,318,326,260,284
201807041043_008,7,28,Seamark,281,288,260,288
201807041043_009,10,35,Seamark,227,237,263,298
201807041043_010,11,40,Seamark,152,163,266,306
201807041043_013,19,9,Motorboat,522,541,259,268
201807041043_014,19,12,Motorboat,792,811,255,267
201807041043_015,29,13,Motorboat,1067,1096,253,266
201807041043_016,26,12,Motorboat,880,906,257,269
201807041043_017,26,16,Motorboat,612,638,262,278
201807041043_018,53,43,Motorboat,181,234,276,319
201807041043_019,66,38,Motorboat,27,93,282,320
201807041043_013,21,9,Motorboat,648,669,256,265
201807041043_014,25,10,Motorboat,924,949,254,264
201807041043_013,66,107,Sailboat,352,418,184,291
201807041043_014,90,124,Sailboat,650,740,163,287
201807041043_015,149,209,Sailboat,1055,1204,103,312
201807041043_016,153,320,Sailboat,1128,1281,29,349
201807041043_017,58,171,Sailboat,435,493,115,286
201807041043_015,33,16,Boat,960,993,290,306
201807041043_016,48,11,Boat,978,1026,321,332
201807041043_014,39,17,Motorboat,214,253,266,283
201807041043_015,43,19,Motorboat,353,396,262,281
201807041043_016,42,20,Motorboat,66,108,273,293
201807041043_014,26,66,Sailboat,524,550,207,273
201807041043_015,34,87,Sailboat,746,780,189,276
201807041043_016,41,108,Sailboat,500,541,180,288
201807041043_017,41,133,Sailboat,120,161,175,308
201807041043_014,34,77,Sailboat,557,591,193,270
201807041043_015,41,122,Sailboat,809,850,159,281
201807041043_016,38,114,Sailboat,578,616,167,281
201807041043_014,31,91,Sailboat,491,522,183,274
201807041043_015,40,119,Sailboat,705,745,161,280
201807041043_016,66,136,Sailboat,456,522,151,287
201807041043_017,94,197,Sailboat,25,119,117,314
201807041043_017,39,13,Motorboat,551,590,268,281
201807041043_018,58,21,Motorboat,110,168,286,307
201807041043_018,17,20,Seamark,484,501,306,326
201807041043_019,43,78,Seamark,347,390,309,387
201807041043_020,45,82,Seamark,39,84,468,550
201807041043_016,27,11,Motorboat,1022,1049,257,268
201807041043_017,36,14,Motorboat,769,805,260,274
201807041043_018,44,21,Motorboat,410,454,265,286
201807041043_019,52,19,Motorboat,352,404,271,290
201807041043_020,62,21,Motorboat,395,457,269,290
201807041043_021,75,30,Motorboat,986,1061,268,298
201807041043_021,192,53,Motorboat,94,286,294,347
201807041043_022,364,114,Motorboat,262,626,329,443
201807041043_024,118,238,Sailboat,356,474,75,313
201807041043_025,140,265,Sailboat,1141,1281,57,322
201807041043_025,48,22,Motorboat,799,847,253,275
201807041043_026,53,24,Motorboat,926,979,249,273
201807041043_025,45,75,Sailboat,733,778,199,274
201807041043_026,57,90,Sailboat,848,905,185,275
201807041043_025,43,79,Sailboat,647,690,200,279
201807041043_026,42,87,Sailboat,758,800,192,279
201807041043_026,14,60,Sailboat,646,660,214,274
201807041043_027,20,70,Sailboat,1245,1265,213,283
201807041043_025,7,18,Seamark,9,16,273,291
201807041043_026,5,20,Seamark,50,55,269,289
201807041043_027,10,22,Seamark,540,550,256,278
201807041043_028,9,28,Seamark,730,739,251,279
201807041043_029,9,33,Seamark,864,873,249,282
201807041043_030,15,47,Seamark,1016,1031,248,295
201807041043_031,19,62,Seamark,1231,1250,253,315
201807041043_032,4,15,Seamark,1089,1093,257,272
201807041043_033,12,25,Seamark,362,374,254,279
201807041043_034,9,21,Seamark,93,102,271,292
201807041043_035,8,24,Seamark,24,32,271,295
201807041043_027,7,20,Seamark,304,311,261,281
201807041043_028,7,17,Seamark,470,477,257,274
201807041043_029,6,22,Seamark,569,575,251,273
201807041043_030,14,27,Seamark,664,678,251,278
201807041043_031,9,29,Seamark,680,689,252,281
201807041043_032,15,41,Seamark,317,332,259,300
201807041043_034,4,9,Seamark,793,797,254,263
201807041043_035,7,14,Seamark,812,819,251,265
201807041043_036,6,13,Seamark,812,818,252,265
201807041043_037,5,12,Seamark,807,812,253,265
201807041043_038,8,16,Seamark,762,770,249,265
201807041043_039,7,15,Seamark,709,716,251,266
201807041043_040,6,14,Seamark,679,685,254,268
201807041043_041,5,14,Seamark,654,659,256,270
201807041043_042,11,31,Seamark,598,609,251,282
201807041043_043,10,28,Seamark,702,712,252,280
201807041043_044,9,38,Seamark,725,734,252,290
201807041043_045,23,79,Seamark,809,832,247,326
201807041043_034,3,7,Seamark,514,517,258,265
201807041043_035,2,9,Seamark,520,522,256,265
201807041043_036,2,8,Seamark,503,505,257,265
201807041043_037,3,8,Seamark,476,479,257,265
201807041043_033,11,29,Seamark,917,928,248,277
201807041043_034,8,25,Seamark,741,749,254,279
201807041043_035,8,29,Seamark,775,783,253,282
201807041043_036,12,43,Seamark,792,804,249,292
201807041043_037,15,50,Seamark,814,829,251,301
201807041043_038,25,67,Seamark,821,846,249,316
201807041043_039,45,150,Seamark,918,963,244,394
201807041043_043,3,9,Seamark,398,401,260,269
201807041043_044,7,22,Seamark,348,355,253,275
201807041043_045,6,20,Seamark,311,317,257,277
201807041043_046,5,18,Seamark,220,225,266,284
201807041043_038,16,26,Passengership,734,750,230,256
201807041043_039,17,28,Passengership,672,689,229,257
201807041043_040,18,30,Passengership,636,654,229,259
201807041043_041,18,28,Passengership,606,624,231,259
201807041043_042,22,34,Passengership,552,574,228,262
201807041043_043,24,37,Passengership,655,679,225,262
201807041043_044,25,34,Passengership,640,665,225,259
201807041043_047,80,34,Militaryship,1082,1162,223,257
201807041043_048,64,39,Militaryship,1081,1145,220,259
201807041043_049,31,16,Passengership,1056,1087,241,257
201807041043_043,4,9,Seamark,867,871,254,263
201807041043_044,4,10,Seamark,882,886,254,264
201807041043_045,4,11,Seamark,930,934,254,265
201807041043_046,6,14,Seamark,958,964,252,266
201807041043_047,5,20,Seamark,794,799,249,269
201807041043_048,14,29,Seamark,764,778,248,277
201807041043_049,13,43,Seamark,824,837,242,285
201807041043_023,70,244,Sailboat,945,1015,82,326
201807041043_023,38,37,Motorboat,840,878,281,318
201807041043_023,127,45,Motorboat,1040,1167,284,329
201807041043_023,703,176,Motorboat,482,1185,403,579
201807041043_010,14,52,Sailboat,1,15,248,300
201807041043_018,32,254,Sailboat,4,36,69,323
201807041043_017,42,143,Sailboat,391,433,145,288
201807041043_014,50,69,Sailboat,352,402,208,277
201807041043_014,25,67,Sailboat,407,432,206,273
201807041043_014,29,64,Sailboat,434,463,210,274
201807041043_014,25,49,Sailboat,463,488,224,273
201807041043_017,85,151,Sailboat,169,254,151,302
201807041043_017,66,141,Sailboat,262,328,159,300
201807041043_014,49,85,Sailboat,593,642,191,276
201807041043_017,62,146,Sailboat,330,392,149,295
201807041043_017,53,107,Sailboat,494,547,184,291
201807041043_022,48,201,Sailboat,502,550,119,320
201807041043_022,150,199,Sailboat,8,158,146,345
201807041043_021,89,297,Sailboat,3,92,58,355
201807041043_023,184,237,Sailboat,361,545,106,343
201807041043_023,229,509,Sailboat,16,245,1,510
201807041043_024,161,349,Sailboat,838,999,1,350
201807041043_024,146,349,Sailboat,1010,1156,4,353
201807041043_024,80,270,Sailboat,599,679,54,324
201807041043_024,100,174,Sailboat,490,590,144,318
201807041043_019,23,16,Motorboat,948,971,255,271
201807041043_033,57,34,Motorboat,4,61,301,335
201807041043_001,4,10,Seamark,392,396,259,269
201807041043_001,4,6,Seamark,664,668,253,259
201807041043_018,41,82,Seamark,172,213,442,524
201807041043_018,12,11,Seamark,259,271,349,360
201807041043_026,16,29,Seamark,898,914,324,353
201807041043_028,5,12,Seamark,1212,1217,257,269
201807041043_026,26,67,Seamark,193,219,422,489
201807041043_028,4,11,Seamark,954,958,253,264
201807041043_040,4,11,Seamark,261,265,264,275
201807041043_043,6,21,Seamark,20,26,272,293
201807041043_049,4,12,Seamark,923,927,248,260
201807041043_016,6,6,Seamark,632,638,284,290
201807041043_016,8,6,Seamark,1012,1020,275,281
201807041043_016,6,5,Seamark,899,905,289,294
201807041043_019,20,36,Seamark,359,379,339,375
201807041043_025,8,9,Seamark,1062,1070,290,299
201807041043_025,12,9,Seamark,332,344,353,362
201807041043_025,8,10,Seamark,703,711,311,321
201807041043_025,9,8,Seamark,188,197,321,329
201807041043_025,27,57,Seamark,70,97,394,451
201807041043_023,53,28,Motorboat,915,968,290,318
201807041043_023,38,34,Motorboat,887,925,286,320
201807041113_000,50,21,Passengership,844,894,238,259
201807041113_001,71,35,Passengership,545,616,238,273
201807041113_002,202,88,Passengership,36,238,230,318
201807041113_000,103,58,Militaryship,1121,1224,205,263
201807041113_001,122,69,Militaryship,1028,1150,199,268
201807041113_002,128,61,Militaryship,1069,1197,207,268
201807041113_003,135,104,Militaryship,1144,1279,172,276
201807041113_001,7,22,Seamark,777,784,246,268
201807041113_002,5,25,Seamark,768,773,246,271
201807041113_003,12,30,Seamark,778,790,251,281
201807041113_004,18,50,Seamark,847,865,248,298
201807041113_005,31,115,Seamark,1045,1076,243,358
201807041113_006,11,44,Seamark,1055,1066,269,313
201807041113_007,13,72,Seamark,1018,1031,290,362
201807041113_006,230,93,Militaryship,1051,1281,191,284
201807041113_007,402,198,Militaryship,877,1279,100,298
201807041113_008,302,103,Militaryship,966,1268,204,307
201807041113_009,190,65,Militaryship,1009,1199,205,270
201807041113_008,20,16,Motorboat,351,371,254,270
201807041113_009,25,30,Motorboat,257,282,248,278
201807041113_010,69,39,Motorboat,44,113,258,297
201807041113_008,41,32,Miscboat,920,961,244,276
201807041113_008,63,18,Motorboat,817,880,247,265
201807041113_009,68,19,Motorboat,817,885,246,265
201807041113_010,81,24,Motorboat,794,875,247,271
201807041113_011,103,36,Motorboat,902,1005,245,281
201807041113_011,19,8,Motorboat,610,629,252,260
201807041113_012,21,9,Motorboat,929,950,247,256
201807041113_013,23,10,Motorboat,1070,1093,254,264
201807041113_014,23,10,Motorboat,1155,1178,251,261
201807041113_011,18,9,Motorboat,583,601,251,260
201807041113_012,20,10,Motorboat,900,920,245,255
201807041113_013,22,11,Motorboat,1040,1062,251,262
201807041113_014,26,9,Motorboat,1121,1147,250,259
201807041113_011,19,8,Motorboat,564,583,253,261
201807041113_012,21,9,Motorboat,879,900,248,257
201807041113_013,23,10,Motorboat,1018,1041,254,264
201807041113_014,20,11,Motorboat,1100,1120,250,261
201807041113_011,35,45,Sailboat,470,505,220,265
201807041113_012,46,63,Sailboat,768,814,198,261
201807041113_013,47,73,Sailboat,900,947,193,266
201807041113_014,31,62,Sailboat,992,1023,200,262
201807041113_011,10,38,Sailboat,457,467,227,265
201807041113_012,9,35,Sailboat,760,769,223,258
201807041113_013,10,38,Sailboat,889,899,226,264
201807041113_014,19,54,Sailboat,968,987,208,262
201807041113_011,12,8,Motorboat,443,455,259,267
201807041113_012,27,11,Motorboat,738,765,248,259
201807041113_013,14,10,Motorboat,870,884,256,266
201807041113_014,17,13,Motorboat,949,966,250,263
201807041113_013,44,29,Boat,408,452,297,326
201807041113_014,19,20,Boat,556,575,284,304
201807041113_015,17,17,Boat,573,590,277,294
201807041113_016,24,17,Boat,529,553,272,289
201807041113_017,12,10,Boat,505,517,272,282
201807041113_018,13,11,Boat,519,532,269,280
201807041113_019,10,10,Boat,553,563,266,276
201807041113_020,57,86,Militaryship,384,441,194,280
201807041113_021,66,111,Militaryship,332,398,181,292
201807041113_022,95,154,Militaryship,265,360,154,308
201807041113_023,177,236,Militaryship,78,255,100,336
201807041113_022,47,115,Cruiseship,356,403,163,278
201807041113_023,80,94,Cruiseship,312,392,183,277
201807041113_024,120,124,Cruiseship,259,379,166,290
201807041113_025,174,220,Cruiseship,258,432,78,298
201807041113_026,241,173,Cruiseship,144,385,130,303
201807041113_027,266,251,Cruiseship,1,267,82,333
201807041113_026,64,77,Militaryship,390,454,201,278
201807041113_027,75,92,Militaryship,315,390,194,286
201807041113_024,30,57,Militaryship,384,414,220,277
201807041113_025,42,63,Militaryship,435,477,211,274
201807041113_028,149,142,Militaryship,105,254,170,312
201807041113_029,149,101,Militaryship,9,158,232,333
201807041113_029,72,36,Motorboat,154,226,270,306
201807041113_030,78,50,Motorboat,5,83,271,321
201807041113_026,21,22,Miscboat,461,482,247,269
201807041113_027,23,24,Miscboat,406,429,247,271
201807041113_028,49,31,Miscboat,281,330,249,280
201807041113_029,66,25,Miscboat,228,294,271,296
201807041113_023,42,127,Sailboat,401,443,144,271
201807041113_024,66,132,Sailboat,409,475,133,265
201807041113_025,59,146,Sailboat,477,536,118,264
201807041113_026,62,172,Sailboat,460,522,98,270
201807041113_027,77,174,Sailboat,403,480,92,266
201807041113_028,108,237,Sailboat,300,408,45,282
201807041113_029,185,270,Sailboat,238,423,8,278
201807041113_030,243,301,Sailboat,154,397,1,302
201807041113_031,285,316,Sailboat,84,369,1,317
201807041113_032,294,311,Sailboat,12,306,15,326
201807041113_029,35,15,Passengership,409,444,261,276
201807041113_030,38,16,Passengership,395,433,262,278
201807041113_031,42,18,Passengership,363,405,261,279
201807041113_032,71,27,Passengership,289,360,262,289
201807041113_033,102,35,Passengership,4,106,280,315
201807041113_029,27,15,Motorboat,434,461,258,273
201807041113_030,30,16,Motorboat,431,461,260,276
201807041113_031,33,18,Motorboat,410,443,259,277
201807041113_032,38,23,Motorboat,368,406,258,281
201807041113_033,58,27,Motorboat,138,196,275,302
201807041113_032,17,64,Sailboat,493,510,208,272
201807041113_033,30,60,Sailboat,339,369,226,286
201807041113_034,44,194,Sailboat,179,223,126,320
201807041113_038,22,51,Sailboat,421,443,218,269
201807041113_041,41,72,Sailboat,495,536,196,268
201807041113_042,45,88,Sailboat,322,367,191,279
201807041113_043,62,120,Sailboat,401,463,161,281
201807041113_044,98,138,Sailboat,294,392,145,283
201807041113_045,94,179,Sailboat,322,416,109,288
201807041113_046,123,209,Sailboat,253,376,96,305
201807041113_047,149,297,Sailboat,10,159,33,330
201807041113_038,30,49,Sailboat,389,419,222,271
201807041113_039,26,53,Sailboat,454,480,213,266
201807041113_040,31,56,Sailboat,485,516,213,269
201807041113_041,35,63,Sailboat,457,492,210,273
201807041113_042,52,18,Motorboat,244,296,267,285
201807041113_043,59,21,Motorboat,265,324,273,294
201807041113_044,73,26,Motorboat,112,185,279,305
201807041113_028,22,41,Sailboat,538,560,222,263
201807041113_029,23,43,Sailboat,586,609,219,262
201807041113_030,32,58,Sailboat,608,640,210,268
201807041113_031,30,55,Sailboat,614,644,210,265
201807041113_032,29,79,Sailboat,612,641,185,264
201807041113_033,24,61,Sailboat,482,506,209,270
201807041113_034,40,73,Sailboat,426,466,203,276
201807041113_035,41,105,Sailboat,503,544,169,274
201807041113_036,40,128,Sailboat,611,651,147,275
201807041113_037,61,154,Sailboat,569,630,128,282
201807041113_038,73,190,Sailboat,628,701,95,285
201807041113_039,95,263,Sailboat,698,793,40,303
201807041113_040,179,334,Sailboat,784,963,1,335
201807041113_041,248,556,Sailboat,1023,1271,9,565
201807041113_041,41,15,Motorboat,408,449,262,277
201807041113_042,45,16,Motorboat,197,242,270,286
201807041113_043,77,30,Motorboat,158,235,274,304
201807041113_038,12,16,Miscboat,482,494,244,260
201807041113_039,13,18,Miscboat,540,553,241,259
201807041113_040,14,20,Miscboat,586,600,239,259
201807041113_041,11,19,Miscboat,576,587,241,260
201807041113_035,13,17,Miscboat,466,479,247,264
201807041113_036,14,19,Miscboat,571,585,243,262
201807041113_037,15,21,Miscboat,539,554,242,263
201807041113_038,20,31,Miscboat,602,622,235,266
201807041113_039,22,34,Miscboat,666,688,231,265
201807041113_040,24,37,Miscboat,721,745,229,266
201807041113_041,32,30,Miscboat,727,759,241,271
201807041113_042,41,45,Miscboat,610,651,239,284
201807041113_043,68,144,Miscboat,760,828,158,302
201807041113_044,121,123,Miscboat,786,907,186,309
201807041113_045,199,191,Miscboat,945,1144,181,372
201807041113_042,42,16,Ferry,506,548,250,266
201807041113_043,55,16,Ferry,578,633,250,266
201807041113_044,92,120,Sailboat,137,229,181,301
201807041113_045,116,151,Sailboat,94,210,161,312
201807041113_046,101,189,Sailboat,69,170,137,326
201807041113_038,30,9,Ferry,534,564,252,261
201807041113_039,33,10,Ferry,618,651,249,259
201807041113_040,17,12,Ferry,680,697,246,258
201807041113_041,15,9,Ferry,681,696,250,259
201807041113_044,49,16,Ferry,506,555,250,266
201807041113_032,10,12,Militaryship,540,550,246,258
201807041113_033,11,13,Militaryship,408,419,249,262
201807041113_034,12,14,Militaryship,367,379,251,265
201807041113_035,11,14,Militaryship,450,461,250,264
201807041113_036,12,15,Militaryship,555,567,246,261
201807041113_037,13,16,Militaryship,522,535,246,262
201807041113_038,16,15,Militaryship,585,601,248,263
201807041113_039,18,16,Militaryship,647,665,246,262
201807041113_040,20,18,Militaryship,700,720,246,264
201807041113_041,23,22,Militaryship,701,724,243,265
201807041113_042,33,30,Militaryship,571,604,246,276
201807041113_043,42,46,Militaryship,709,751,238,284
201807041113_044,52,58,Militaryship,702,754,234,292
201807041113_045,66,103,Militaryship,796,862,198,301
201807041113_046,113,174,Militaryship,874,987,167,341
201807041113_047,261,309,Militaryship,1019,1280,157,466
201807041113_046,24,28,Motorboat,851,875,261,289
201807041113_047,41,30,Motorboat,854,895,272,302
201807041113_048,74,51,Motorboat,905,979,286,337
201807041113_044,31,120,Sailboat,684,715,148,268
201807041113_045,30,135,Sailboat,762,792,137,272
201807041113_046,36,41,Motorboat,810,846,237,278
201807041113_047,45,53,Motorboat,773,818,232,285
201807041113_048,62,56,Motorboat,761,823,240,296
201807041113_049,144,168,Motorboat,980,1124,177,345
201807041113_047,38,187,Sailboat,749,787,84,271
201807041113_048,30,237,Sailboat,741,771,46,283
201807041113_049,69,114,Passengership,840,909,176,290
201807041113_050,148,84,Passengership,827,975,207,291
201807041113_051,235,102,Passengership,835,1070,204,306
201807041113_052,295,400,Passengership,987,1282,1,401
201807041113_041,23,46,Sailboat,536,559,220,266
201807041113_044,47,66,Sailboat,437,484,207,273
201807041113_047,47,94,Sailboat,402,449,189,283
201807041113_044,42,80,Sailboat,395,437,196,276
201807041113_047,98,161,Sailboat,253,351,134,295
201807041113_049,143,242,Sailboat,51,194,79,321
201807041113_050,98,234,Sailboat,9,107,103,337
201807041113_047,47,97,Sailboat,355,402,191,288
201807041113_048,90,136,Sailboat,221,311,162,298
201807041113_050,105,180,Sailboat,133,238,135,315
201807041113_051,128,55,Ferry,0,128,261,316
201807041113_051,59,40,Miscboat,126,185,265,305
201807041113_052,101,131,Miscboat,31,132,194,325
201807041113_051,65,26,Miscboat,240,305,262,288
201807041113_052,96,39,Miscboat,213,309,261,300
201807041113_053,105,42,Miscboat,140,245,260,302
201807041113_054,111,48,Miscboat,2,113,271,319
201807041113_049,41,43,Passengership,797,838,231,274
201807041113_050,54,44,Passengership,756,810,229,273
201807041113_051,67,56,Passengership,724,791,227,283
201807041113_052,84,83,Passengership,804,888,217,300
201807041113_053,155,117,Passengership,944,1099,200,317
201807041113_054,190,182,Passengership,1091,1281,187,369
201807041113_053,37,78,Passengership,914,951,216,294
201807041113_054,116,80,Passengership,975,1091,233,313
201807041113_055,187,187,Passengership,1088,1275,182,369
201807041113_050,8,12,Miscboat,584,592,248,260
201807041113_051,9,13,Miscboat,532,541,248,261
201807041113_052,10,14,Miscboat,583,593,246,260
201807041113_053,13,14,Miscboat,628,641,244,258
201807041113_050,11,12,Motorboat,592,603,248,260
201807041113_051,12,13,Motorboat,539,551,248,261
201807041113_052,13,14,Motorboat,590,603,246,260
201807041113_053,11,9,Motorboat,641,652,249,258
201807041113_053,11,19,Motorboat,850,861,257,276
201807041113_054,53,44,Motorboat,849,902,240,284
201807041113_055,60,50,Motorboat,851,911,243,293
201807041113_056,101,50,Motorboat,941,1042,257,307
201807041113_057,125,107,Motorboat,1156,1281,249,356
201807041113_050,16,20,Passengership,739,755,249,269
201807041113_051,18,22,Passengership,703,721,250,272
201807041113_052,20,24,Passengership,772,792,248,272
201807041113_053,51,38,Passengership,862,913,244,282
201807041113_054,80,50,Passengership,888,968,244,294
201807041113_055,124,186,Passengership,914,1038,138,324
201807041113_056,170,123,Passengership,1100,1270,248,371
201807041113_047,25,19,Militaryship,512,537,244,263
201807041113_048,33,33,Militaryship,462,495,235,268
201807041113_049,35,35,Militaryship,524,559,231,266
201807041113_050,36,36,Militaryship,439,475,234,270
201807041113_051,51,50,Militaryship,361,412,229,279
201807041113_052,55,54,Militaryship,389,444,226,280
201807041113_053,58,57,Militaryship,400,458,222,279
201807041113_054,66,39,Militaryship,328,394,244,283
201807041113_055,86,72,Militaryship,203,289,228,300
201807041113_056,138,111,Militaryship,64,202,202,313
201807041113_057,84,48,Militaryship,0,84,266,314
201807041113_053,24,20,Motorboat,816,840,247,267
201807041113_054,25,21,Motorboat,810,835,249,270
201807041113_055,39,60,Motorboat,777,816,223,283
201807041113_056,50,44,Motorboat,809,859,241,285
201807041113_057,76,38,Motorboat,884,960,261,299
201807041113_058,131,161,Motorboat,1016,1147,181,342
201807041113_047,15,13,Passengership,549,564,247,260
201807041113_048,16,14,Passengership,506,522,247,261
201807041113_049,18,15,Passengership,575,593,243,258
201807041113_050,22,27,Passengership,496,518,239,266
201807041113_051,23,29,Passengership,435,458,239,268
201807041113_052,25,32,Passengership,474,499,235,267
201807041113_053,37,21,Passengership,504,541,245,266
201807041113_054,41,21,Passengership,455,496,249,270
201807041113_055,44,29,Passengership,370,414,250,279
201807041113_056,57,32,Passengership,318,375,246,278
201807041113_057,60,34,Passengership,292,352,249,283
201807041113_058,88,53,Passengership,229,317,245,298
201807041113_059,141,78,Passengership,5,146,242,320
201807041113_050,16,18,Motorboat,709,725,245,263
201807041113_051,18,20,Motorboat,664,682,246,266
201807041113_052,19,21,Motorboat,724,743,245,266
201807041113_053,26,22,Motorboat,789,815,243,265
201807041113_054,31,26,Motorboat,772,803,244,270
201807041113_055,37,32,Motorboat,727,764,241,273
201807041113_056,46,34,Motorboat,738,784,243,277
201807041113_057,44,45,Motorboat,790,834,238,283
201807041113_058,77,64,Motorboat,827,904,233,297
201807041113_059,178,94,Motorboat,931,1109,236,330
201807041113_059,37,16,Motorboat,456,493,254,270
201807041113_060,46,20,Motorboat,409,455,254,274
201807041113_061,52,22,Motorboat,391,443,254,276
201807041113_062,93,34,Motorboat,61,154,273,307
201807041113_059,20,15,Motorboat,495,515,254,269
201807041113_060,22,16,Motorboat,460,482,254,270
201807041113_061,24,18,Motorboat,462,486,255,273
201807041113_062,55,28,Motorboat,164,219,269,297
201807041113_063,90,36,Motorboat,45,135,275,311
201807041113_062,42,32,Motorboat,829,871,252,284
201807041113_063,77,46,Motorboat,1035,1112,251,297
201807041113_064,100,38,Boat,880,980,300,338
201807041113_048,164,113,Passengership,2,166,290,403
201807041113_049,162,86,Passengership,260,422,275,361
201807041113_050,117,56,Passengership,355,472,276,332
201807041113_051,69,54,Passengership,385,454,270,324
201807041113_052,77,55,Passengership,418,495,263,318
201807041113_053,72,47,Passengership,520,592,253,300
201807041113_054,46,40,Passengership,543,589,257,297
201807041113_055,52,40,Passengership,493,545,257,297
201807041113_056,43,28,Passengership,501,544,261,289
201807041113_057,36,37,Passengership,521,557,251,288
201807041113_058,40,29,Passengership,533,573,256,285
201807041113_059,38,23,Passengership,530,568,258,281
201807041113_060,37,20,Passengership,578,615,256,276
201807041113_061,40,21,Passengership,703,743,251,272
201807041113_062,30,16,Passengership,587,617,255,271
201807041113_002,8,10,Motorboat,1059,1067,250,260
201807041113_011,60,20,Motorboat,840,900,253,273
201807041113_014,19,9,Motorboat,1057,1076,254,263
201807041113_031,80,49,Boat,1153,1233,393,442
201807041113_041,155,123,Motorboat,951,1106,244,367
201807041113_047,22,37,Motorboat,944,966,290,327
201807041113_047,52,70,Motorboat,968,1020,275,345
201807041113_062,142,103,Motorboat,995,1137,233,336
201807041113_044,79,190,Sailboat,4,83,126,316
201807041113_049,73,320,Sailboat,910,983,1,321
201807041113_050,222,376,Sailboat,1032,1254,6,382
201807041113_047,35,27,Passengership,463,498,246,273
201807041113_048,106,89,Motorboat,1151,1257,324,413
201807041113_049,116,60,Motorboat,1,117,285,345
201807041113_064,82,31,Motorboat,777,859,261,292
201807041113_000,56,65,Militaryship,112,168,216,281
201807041113_003,115,70,Militaryship,1103,1218,196,266
201807041113_005,44,27,Motorboat,173,217,267,294
201807041113_059,43,26,Motorboat,192,235,272,298
201807041113_000,44,124,Seamark,975,1019,243,367
201807041113_001,4,29,Seamark,752,756,246,275
201807041113_004,38,167,Seamark,1107,1145,290,457
201807041113_010,12,44,Seamark,734,746,254,298
201807041113_016,13,27,Seamark,1068,1081,247,274
201807041113_050,136,35,Ferry,141,277,263,298
201807041113_026,23,46,Militaryship,374,397,233,279
201807041113_027,47,77,Militaryship,276,323,208,285
201807041113_045,51,99,Sailboat,428,479,184,283
201807041113_048,83,158,Sailboat,192,275,145,303
201807041143_000,108,74,Motorboat,776,884,258,332
201807041143_001,160,152,Motorboat,134,294,239,391
201807041143_002,31,29,Motorboat,97,128,272,301
201807041143_003,51,21,Ferry,59,110,269,290
201807041143_004,62,20,Ferry,380,442,257,277
201807041143_005,75,24,Ferry,639,714,250,274
201807041143_006,80,26,Ferry,627,707,250,276
201807041143_007,71,30,Ferry,740,811,249,279
201807041143_008,105,35,Ferry,805,910,244,279
201807041143_009,139,47,Ferry,852,991,239,286
201807041143_010,174,63,Ferry,921,1095,241,304
201807041143_011,73,177,Sailboat,940,1013,123,300
201807041143_012,146,274,Sailboat,1126,1272,54,328
201807041143_001,57,34,Motorboat,964,1021,257,291
201807041143_002,82,33,Motorboat,867,949,260,293
201807041143_003,134,68,Motorboat,932,1066,257,325
201807041143_001,98,68,Passengership,793,891,214,282
201807041143_002,124,55,Passengership,637,761,233,288
201807041143_003,196,136,Passengership,565,761,172,308
201807041143_004,315,237,Passengership,965,1280,119,356
201807041143_000,33,33,Militaryship,1138,1171,235,268
201807041143_001,40,33,Militaryship,625,665,241,274
201807041143_002,41,32,Militaryship,442,483,246,278
201807041143_003,52,34,Militaryship,345,397,254,288
201807041143_004,57,55,Militaryship,653,710,232,287
201807041143_005,100,77,Militaryship,938,1038,220,297
201807041143_006,212,197,Militaryship,999,1211,144,341
201807041143_005,46,25,Motorboat,273,319,271,296
201807041143_006,70,38,Motorboat,104,174,278,316
201807041143_005,56,14,Passengership,330,386,274,288
201807041143_006,79,39,Passengership,184,263,260,299
201807041143_007,104,48,Passengership,125,229,273,321
201807041143_008,113,66,Passengership,2,115,279,345
201807041143_005,48,33,Miscboat,798,846,245,278
201807041143_006,63,40,Miscboat,766,829,247,287
201807041143_007,64,60,Miscboat,872,936,238,298
201807041143_008,113,77,Miscboat,985,1098,225,302
201807041143_009,128,105,Miscboat,1153,1281,232,337
201807041143_004,23,28,Passengership,242,265,258,286
201807041143_005,39,26,Passengership,381,420,263,289
201807041143_006,60,39,Passengership,262,322,251,290
201807041143_007,82,56,Passengership,233,315,248,304
201807041143_008,141,74,Passengership,121,262,255,329
201807041143_009,145,108,Passengership,1,146,231,339
201807041143_008,63,27,Miscboat,900,963,255,282
201807041143_009,93,57,Miscboat,977,1070,235,292
201807041143_010,138,82,Miscboat,1107,1245,234,316
201807041143_002,31,12,Ferry,130,161,270,282
201807041143_011,186,64,Ferry,1083,1269,240,304
201807041143_004,26,30,Passengership,265,291,254,284
201807041143_005,41,33,Passengership,418,459,247,280
201807041143_006,52,46,Passengership,322,374,247,293
201807041143_007,70,54,Passengership,314,384,243,297
201807041143_008,89,57,Passengership,279,368,241,298
201807041143_009,145,75,Passengership,162,307,235,310
201807041143_010,179,130,Passengership,-2,177,223,353
201807041143_004,25,31,Passengership,290,315,249,280
201807041143_005,39,29,Passengership,461,500,247,276
201807041143_006,44,28,Passengership,376,420,250,278
201807041143_007,61,83,Passengership,399,460,202,285
201807041143_008,73,38,Passengership,401,474,245,283
201807041143_009,97,57,Passengership,362,459,235,292
201807041143_010,128,156,Passengership,301,429,153,309
201807041143_011,185,96,Passengership,219,404,225,321
201807041143_012,258,235,Passengership,1,259,107,342
201807041143_008,17,113,Sailboat,503,520,161,274
201807041143_009,37,126,Sailboat,494,531,150,276
201807041143_010,37,153,Sailboat,477,514,130,283
201807041143_011,38,179,Sailboat,480,518,107,286
201807041143_012,62,247,Sailboat,390,452,58,305
201807041143_013,129,348,Sailboat,98,227,1,349
201807041143_006,43,44,Sailboat,608,651,201,245
201807041143_008,41,89,Sailboat,762,803,186,275
201807041143_009,47,104,Sailboat,803,850,175,279
201807041143_010,83,135,Sailboat,839,922,154,289
201807041143_012,75,192,Sailboat,982,1057,111,303
201807041143_013,157,257,Sailboat,986,1143,60,317
201807041143_014,105,315,Sailboat,1075,1180,30,345
201807041143_015,71,377,Sailboat,1211,1282,1,378
201807041143_009,32,60,Sailboat,744,776,199,259
201807041143_010,44,64,Sailboat,749,793,187,251
201807041143_011,43,62,Sailboat,789,832,187,249
201807041143_009,30,97,Sailboat,757,787,175,272
201807041143_010,43,103,Sailboat,778,821,171,274
201807041143_011,44,97,Sailboat,817,861,173,270
201807041143_013,78,178,Sailboat,780,858,109,287
201807041143_014,92,210,Sailboat,771,863,80,290
201807041143_011,52,115,Sailboat,844,896,164,279
201807041143_012,104,153,Sailboat,870,974,136,289
201807041143_014,106,42,Motorboat,855,961,254,296
201807041143_015,160,120,Motorboat,976,1136,200,320
201807041143_013,143,250,Sailboat,921,1064,56,306
201807041143_014,142,320,Sailboat,934,1076,3,323
201807041143_016,192,344,Sailboat,1017,1209,1,345
201807041143_017,145,303,Sailboat,1135,1280,39,342
201807041143_017,130,251,Sailboat,1044,1174,72,323
201807041143_018,147,71,Motorboat,1130,1277,286,357
201807041143_017,110,177,Sailboat,876,986,120,297
201807041143_018,91,257,Sailboat,956,1047,59,316
201807041143_008,16,19,Motorboat,522,538,256,275
201807041143_009,24,30,Motorboat,519,543,246,276
201807041143_010,19,33,Motorboat,514,533,246,279
201807041143_011,35,39,Motorboat,515,550,242,281
201807041143_012,40,54,Motorboat,453,493,240,294
201807041143_013,81,89,Motorboat,229,310,234,323
201807041143_014,93,110,Motorboat,5,98,247,357
201807041143_008,10,8,Motorboat,543,553,262,270
201807041143_009,13,11,Motorboat,549,562,260,271
201807041143_010,18,14,Motorboat,539,557,261,275
201807041143_011,17,13,Motorboat,561,578,262,275
201807041143_012,23,25,Motorboat,517,540,262,287
201807041143_013,32,25,Motorboat,367,399,273,298
201807041143_014,43,26,Motorboat,237,280,285,311
201807041143_015,70,45,Motorboat,78,148,294,339
201807041143_008,12,9,Motorboat,557,569,260,269
201807041143_009,14,13,Motorboat,564,578,257,270
201807041143_010,9,14,Motorboat,568,577,259,273
201807041143_011,20,14,Motorboat,583,603,260,274
201807041143_012,24,15,Motorboat,545,569,263,278
201807041143_013,16,21,Motorboat,431,447,265,286
201807041143_014,33,21,Motorboat,327,360,274,295
201807041143_015,44,37,Motorboat,249,293,273,310
201807041143_016,66,51,Motorboat,140,206,281,332
201807041143_010,8,10,Motorboat,560,568,263,273
201807041143_011,9,12,Motorboat,583,592,264,276
201807041143_012,10,13,Motorboat,546,556,266,279
201807041143_013,18,15,Motorboat,412,430,275,290
201807041143_014,23,13,Motorboat,310,333,285,298
201807041143_015,30,23,Motorboat,224,254,291,314
201807041143_016,57,34,Motorboat,85,142,308,342
201807041143_011,28,16,Militaryship,597,625,252,268
201807041143_012,31,18,Militaryship,565,596,253,271
201807041143_013,33,19,Militaryship,445,478,257,276
201807041143_014,51,50,Militaryship,356,407,242,292
201807041143_015,79,57,Militaryship,298,377,244,301
201807041143_016,124,89,Militaryship,211,335,233,322
201807041143_017,175,158,Militaryship,4,179,205,363
201807041143_016,54,58,Miscboat,341,395,240,298
201807041143_017,81,65,Miscboat,230,311,242,307
201807041143_018,119,122,Miscboat,1,120,208,330
201807041143_014,15,65,Sailboat,493,508,204,269
201807041143_015,20,76,Sailboat,498,518,198,274
201807041143_016,19,71,Sailboat,530,549,199,270
201807041143_017,21,82,Sailboat,496,517,191,273
201807041143_018,45,88,Sailboat,413,458,190,278
201807041143_019,36,111,Sailboat,389,425,172,283
201807041143_020,53,133,Sailboat,302,355,153,286
201807041143_021,62,159,Sailboat,263,325,137,296
201807041143_022,107,221,Sailboat,130,237,94,315
201807041143_023,85,62,Sailboat,9,94,281,343
201807041143_019,18,19,Motorboat,512,530,261,280
201807041143_020,31,20,Motorboat,374,405,277,297
201807041143_021,133,55,Motorboat,1,134,300,355
201807041143_016,17,16,Motorboat,513,530,256,272
201807041143_017,19,18,Motorboat,478,497,256,274
201807041143_018,25,22,Motorboat,402,427,259,281
201807041143_019,28,35,Motorboat,361,389,250,285
201807041143_020,37,24,Motorboat,270,307,267,291
201807041143_021,46,44,Motorboat,211,257,256,300
201807041143_022,83,88,Motorboat,39,122,241,329
201807041143_024,49,29,Motorboat,786,835,244,273
201807041143_025,132,99,Motorboat,1074,1206,210,309
201807041143_023,23,19,Motorboat,777,800,255,274
201807041143_024,37,24,Motorboat,593,630,260,284
201807041143_025,44,29,Motorboat,828,872,259,288
201807041143_026,40,43,Motorboat,787,827,259,302
201807041143_027,79,57,Motorboat,823,902,253,310
201807041143_028,147,56,Passengership,987,1134,275,331
201807041143_023,17,18,Motorboat,802,819,256,274
201807041143_024,41,35,Motorboat,622,663,251,286
201807041143_025,46,39,Motorboat,866,912,249,288
201807041143_026,47,40,Motorboat,834,881,257,297
201807041143_028,150,137,Motorboat,1130,1280,253,390
201807041143_018,64,102,Sailboat,641,705,165,267
201807041143_019,74,118,Sailboat,660,734,150,268
201807041143_020,84,135,Sailboat,627,711,141,276
201807041143_021,64,140,Sailboat,666,730,125,265
201807041143_022,55,146,Sailboat,716,771,108,254
201807041143_023,104,164,Sailboat,795,899,88,252
201807041143_024,96,202,Sailboat,636,732,61,263
201807041143_025,81,256,Sailboat,871,952,1,257
201807041143_026,166,239,Sailboat,775,941,9,248
201807041143_027,214,271,Sailboat,800,1014,1,272
201807041143_028,266,261,Sailboat,915,1181,6,267
201807041143_029,346,348,Sailboat,920,1266,15,363
201807041143_029,48,102,Militaryship,926,974,180,282
201807041143_030,83,85,Militaryship,1100,1183,232,317
201807041143_028,43,69,Militaryship,915,958,204,273
201807041143_029,63,87,Militaryship,859,922,193,280
201807041143_030,180,150,Militaryship,911,1091,144,294
201807041143_031,373,265,Militaryship,907,1280,84,349
201807041143_028,38,92,Cruiseship,878,916,176,268
201807041143_029,89,83,Cruiseship,798,887,182,265
201807041143_030,119,187,Cruiseship,789,908,93,280
201807041143_031,212,252,Cruiseship,695,907,37,289
201807041143_032,368,240,Cruiseship,747,1115,69,309
201807041143_033,357,363,Cruiseship,924,1281,1,364
201807041143_030,17,17,Boat,715,732,260,277
201807041143_031,19,19,Boat,612,631,262,281
201807041143_032,20,20,Boat,632,652,260,280
201807041143_033,15,10,Boat,710,725,266,276
201807041143_029,20,23,Militaryship,779,799,240,263
201807041143_030,28,46,Militaryship,749,777,222,268
201807041143_031,41,55,Militaryship,640,681,215,270
201807041143_032,44,45,Militaryship,679,723,229,274
201807041143_033,75,86,Militaryship,770,845,188,274
201807041143_034,88,112,Militaryship,774,862,170,282
201807041143_035,139,151,Militaryship,785,924,147,298
201807041143_036,227,231,Militaryship,830,1057,88,319
201807041143_037,336,368,Militaryship,942,1278,1,369
201807041143_037,30,46,Sailboat,294,324,230,276
201807041143_038,27,44,Sailboat,181,208,234,278
201807041143_037,28,45,Sailboat,341,369,226,271
201807041143_038,34,55,Sailboat,234,268,223,278
201807041143_039,40,64,Sailboat,73,113,225,289
201807041143_040,31,57,Sailboat,30,61,230,287
201807041143_038,24,46,Sailboat,279,303,227,273
201807041143_039,38,59,Sailboat,113,151,223,282
201807041143_040,24,58,Sailboat,76,100,228,286
201807041143_041,20,9,Motorboat,191,211,272,281
201807041143_042,28,17,Motorboat,38,66,278,295
201807041143_034,49,10,Miscboat,617,666,251,261
201807041143_035,55,11,Miscboat,579,634,251,262
201807041143_036,60,12,Miscboat,586,646,250,262
201807041143_037,62,12,Miscboat,587,649,252,264
201807041143_038,62,12,Miscboat,504,566,254,266
201807041143_039,67,12,Miscboat,365,432,255,267
201807041143_040,84,17,Miscboat,339,423,257,274
201807041143_041,88,16,Miscboat,231,319,264,280
201807041143_042,91,22,Miscboat,91,182,269,291
201807041143_041,26,15,Motorboat,801,827,251,266
201807041143_042,29,21,Motorboat,578,607,251,272
201807041143_043,33,26,Motorboat,375,408,260,286
201807041143_044,56,29,Motorboat,136,192,281,310
201807041143_037,24,12,Motorboat,775,799,248,260
201807041143_038,26,13,Motorboat,707,733,247,260
201807041143_039,29,14,Motorboat,587,616,249,263
201807041143_040,33,16,Motorboat,597,630,249,265
201807041143_041,41,19,Motorboat,506,547,251,270
201807041143_042,45,21,Motorboat,389,434,253,274
201807041143_043,41,26,Motorboat,306,347,252,278
201807041143_044,36,20,Motorboat,262,298,260,280
201807041143_045,32,23,Motorboat,35,67,277,300
201807041143_041,24,26,Motorboat,547,571,245,271
201807041143_042,41,25,Motorboat,418,459,251,276
201807041143_043,28,18,Motorboat,346,374,258,276
201807041143_044,39,25,Motorboat,291,330,256,281
201807041143_045,46,28,Motorboat,73,119,268,296
201807041143_028,8,6,Boat,840,848,262,268
201807041143_029,9,7,Boat,741,750,264,271
201807041143_030,10,8,Boat,719,729,264,272
201807041143_031,10,8,Boat,616,626,267,275
201807041143_032,11,9,Boat,638,649,265,274
201807041143_034,15,13,Boat,697,712,266,279
201807041143_035,16,14,Boat,705,721,268,282
201807041143_036,17,19,Boat,738,755,266,285
201807041143_037,20,12,Boat,777,797,271,283
201807041143_038,19,12,Boat,756,775,276,288
201807041143_039,27,15,Boat,649,676,278,293
201807041143_040,18,15,Boat,689,707,271,286
201807041143_041,14,9,Boat,731,745,269,278
201807041143_042,15,10,Boat,743,758,265,275
201807041143_043,16,11,Boat,799,815,263,274
201807041143_044,79,27,Militaryship,712,791,240,267
201807041143_045,71,31,Militaryship,586,657,237,268
201807041143_046,90,36,Militaryship,494,584,237,273
201807041143_047,77,36,Militaryship,473,550,236,272
201807041143_044,37,17,Militaryship,677,714,247,264
201807041143_045,41,19,Militaryship,535,576,249,268
201807041143_046,47,31,Militaryship,456,503,243,274
201807041143_047,64,32,Militaryship,422,486,246,278
201807041143_044,77,42,Militaryship,889,966,216,258
201807041143_045,39,63,Militaryship,816,855,200,263
201807041143_046,40,64,Militaryship,755,795,201,265
201807041143_047,75,70,Militaryship,767,842,196,266
201807041143_048,51,87,Militaryship,226,277,198,285
201807041143_049,60,103,Militaryship,63,123,193,296
201807041143_050,127,92,Militaryship,35,162,213,305
201807041143_046,60,64,Militaryship,696,756,202,266
201807041143_047,59,68,Militaryship,706,765,197,265
201807041143_048,89,102,Militaryship,160,249,192,294
201807041143_049,62,100,Militaryship,1,63,201,301
201807041143_048,14,19,Seamark,533,547,252,271
201807041143_049,7,18,Seamark,425,432,256,274
201807041143_051,17,24,Seamark,99,116,265,289
201807041143_052,9,24,Seamark,177,186,264,288
201807041143_053,8,28,Seamark,108,116,269,297
201807041143_048,19,14,Boat,680,699,259,273
201807041143_049,16,13,Boat,607,623,258,271
201807041143_050,18,14,Boat,656,674,256,270
201807041143_051,15,11,Boat,373,388,265,276
201807041143_049,9,7,Boat,609,618,262,269
201807041143_050,10,8,Boat,658,668,260,268
201807041143_051,9,8,Boat,371,380,266,274
201807041143_052,7,8,Boat,528,535,262,270
201807041143_052,20,24,Motorboat,397,417,249,273
201807041143_053,24,20,Motorboat,379,403,246,266
201807041143_054,43,51,Motorboat,223,266,245,296
201807041143_055,5,10,Seamark,332,337,263,273
201807041143_056,6,11,Seamark,319,325,262,273
201807041143_057,18,17,Seamark,225,243,258,275
201807041143_058,6,14,Seamark,190,196,269,283
201807041143_059,7,15,Seamark,276,283,262,277
201807041143_060,18,22,Seamark,216,234,265,287
201807041143_061,9,24,Seamark,132,141,266,290
201807041143_056,40,17,Miscboat,433,473,249,266
201807041143_057,46,26,Miscboat,350,396,242,268
201807041143_058,46,26,Miscboat,347,393,245,271
201807041143_059,52,29,Miscboat,480,532,239,268
201807041143_060,47,21,Miscboat,447,494,251,272
201807041143_061,43,19,Miscboat,418,461,255,274
201807041143_062,39,17,Miscboat,331,370,261,278
201807041143_062,54,108,Militaryship,1053,1107,188,296
201807041143_063,136,157,Militaryship,1091,1227,156,313
201807041143_056,29,14,Miscboat,400,429,253,267
201807041143_057,32,15,Miscboat,320,352,252,267
201807041143_058,30,11,Miscboat,322,352,260,271
201807041143_059,32,14,Miscboat,439,471,252,266
201807041143_060,23,22,Miscboat,437,460,249,271
201807041143_061,34,21,Miscboat,390,424,252,273
201807041143_062,27,19,Miscboat,301,328,261,280
201807041143_056,33,19,Motorboat,473,506,247,266
201807041143_057,36,21,Motorboat,398,434,245,266
201807041143_058,40,23,Motorboat,396,436,247,270
201807041143_059,46,27,Motorboat,532,578,238,265
201807041143_060,67,39,Motorboat,534,601,231,270
201807041143_061,86,50,Motorboat,507,593,227,277
201807041143_062,67,37,Motorboat,449,516,236,273
201807041143_061,27,50,Sailboat,705,732,217,267
201807041143_062,25,46,Sailboat,671,696,219,265
201807041143_063,30,55,Sailboat,526,556,216,271
201807041143_064,66,100,Sailboat,256,322,189,289
201807041143_065,8,48,Seamark,1012,1020,268,316
201807041143_066,23,77,Seamark,1121,1144,276,353
201807041143_062,12,13,Motorboat,935,947,252,265
201807041143_063,13,14,Motorboat,844,857,253,267
201807041143_064,27,24,Motorboat,691,718,253,277
201807041143_065,30,28,Motorboat,503,533,255,283
201807041143_066,43,41,Motorboat,373,416,255,296
201807041143_067,68,75,Motorboat,156,224,239,314
201807041143_067,163,249,Sailboat,388,551,71,320
201807041143_068,118,351,Sailboat,5,123,12,363
201807041143_066,17,38,Seamark,702,719,264,302
201807041143_067,6,49,Seamark,597,603,274,323
201807041143_068,8,75,Seamark,163,171,310,385
201807041143_062,40,66,Sailboat,992,1032,201,267
201807041143_063,49,69,Sailboat,919,968,201,270
201807041143_064,64,93,Sailboat,800,864,184,277
201807041143_065,79,146,Sailboat,663,742,138,284
201807041143_066,105,178,Sailboat,567,672,118,296
201807041143_069,9,21,Seamark,94,103,267,288
201807041143_070,5,15,Seamark,237,242,260,275
201807041143_069,17,28,Seamark,249,266,260,288
201807041143_070,9,21,Seamark,395,404,260,281
201807041143_071,6,29,Seamark,53,59,268,297
201807041143_072,12,16,Seamark,866,878,250,266
201807041143_073,6,16,Seamark,836,842,249,265
201807041143_075,12,18,Seamark,462,474,255,273
201807041143_076,10,24,Seamark,257,267,259,283
201807041143_075,10,13,Seamark,1166,1176,254,267
201807041143_076,5,10,Seamark,1093,1098,251,261
201807041143_078,11,21,Seamark,698,709,247,268
201807041143_077,23,12,Miscboat,559,582,248,260
201807041143_078,30,28,Miscboat,463,493,241,269
201807041143_073,8,21,Seamark,1233,1241,252,273
201807041143_075,15,30,Seamark,1014,1029,250,280
201807041143_076,12,39,Seamark,1030,1042,247,286
201807041143_077,20,72,Seamark,884,904,247,319
201807041143_078,49,150,Seamark,989,1038,241,391
201807041143_005,65,35,Motorboat,109,174,283,318
201807041143_029,53,37,Militaryship,945,998,255,292
201807041143_050,44,15,Miscboat,725,769,242,257
201807041143_071,96,38,Motorboat,1173,1269,271,309
201807041143_071,108,43,Motorboat,1063,1171,255,298
201807041143_013,90,294,Sailboat,1190,1280,55,349
201807041143_014,91,340,Sailboat,1184,1275,24,364
201807041143_015,115,288,Sailboat,847,962,21,309
201807041143_038,38,43,Sailboat,313,351,229,272
201807041143_004,42,54,Motorboat,-4,38,277,331
201807041143_012,66,54,Motorboat,1062,1128,254,308
201807041143_018,81,41,Motorboat,1051,1132,280,321
201807041143_046,8,9,Boat,972,980,259,268
201807041143_066,53,29,Motorboat,527,580,268,297
201807041143_077,10,5,Boat,491,501,260,265
201807041143_030,91,160,Miscboat,1190,1281,177,337
201807041143_049,5,10,Seamark,251,256,263,273
201807041143_052,5,13,Seamark,64,69,273,286
201807041143_069,35,199,Seamark,1066,1101,377,576
201807041143_078,7,19,Seamark,392,399,254,273
201807041143_021,19,15,Miscboat,633,652,255,270
201807041213_000,86,50,Militaryship,267,353,231,281
201807041213_001,180,77,Militaryship,1,181,237,314
201807041213_000,6,16,Seamark,766,772,249,265
201807041213_001,11,14,Seamark,893,904,251,265
201807041213_002,8,19,Seamark,1066,1074,254,273
201807041213_003,19,37,Seamark,1242,1261,252,289
201807041213_000,6,16,Seamark,360,366,257,273
201807041213_001,11,21,Seamark,419,430,254,275
201807041213_002,5,22,Seamark,463,468,258,280
201807041213_003,17,36,Seamark,408,425,254,290
201807041213_004,18,53,Seamark,209,227,262,315
201807041213_000,5,8,Seamark,659,664,252,260
201807041213_002,4,10,Seamark,883,887,252,262
201807041213_003,13,20,Seamark,941,954,249,269
201807041213_006,11,18,Seamark,993,1004,255,273
201807041213_007,13,24,Seamark,1090,1103,248,272
201807041213_008,12,27,Seamark,1224,1236,254,281
201807041213_006,8,14,Seamark,934,942,251,265
201807041213_009,12,23,Seamark,1160,1172,248,271
201807041213_000,4,9,Seamark,422,426,257,266
201807041213_001,4,10,Seamark,507,511,255,265
201807041213_002,4,11,Seamark,586,590,254,265
201807041213_003,10,16,Seamark,599,609,253,269
201807041213_004,11,18,Seamark,538,549,254,272
201807041213_005,12,20,Seamark,494,506,255,275
201807041213_006,9,20,Seamark,458,467,256,276
201807041213_007,9,24,Seamark,478,487,254,278
201807041213_008,9,23,Seamark,513,522,256,279
201807041213_009,15,30,Seamark,517,532,257,287
201807041213_010,18,38,Seamark,539,557,253,291
201807041213_011,24,73,Seamark,381,405,257,330
201807041213_013,46,101,Sailboat,1,47,196,297
201807041213_014,42,104,Sailboat,117,159,184,288
201807041213_015,14,16,Motorboat,801,815,252,268
201807041213_016,16,21,Motorboat,742,758,251,272
201807041213_017,12,17,Motorboat,949,961,248,265
201807041213_018,15,15,Motorboat,1071,1086,251,266
201807041213_018,12,16,Seamark,78,90,308,324
201807041213_019,17,29,Seamark,306,323,331,360
201807041213_020,119,145,Sailboat,126,245,187,332
201807041213_021,41,116,Sailboat,498,539,183,299
201807041213_022,52,218,Sailboat,598,650,101,319
201807041213_023,53,221,Sailboat,746,799,99,320
201807041213_018,48,15,Motorboat,30,78,284,299
201807041213_019,83,158,Sailboat,375,458,145,303
201807041213_021,194,296,Sailboat,311,505,56,352
201807041213_022,408,467,Sailboat,170,578,1,468
201807041213_023,452,461,Sailboat,257,709,10,471
201807041213_015,25,9,Motorboat,347,372,267,276
201807041213_016,27,13,Motorboat,237,264,272,285
201807041213_017,30,11,Motorboat,380,410,267,278
201807041213_018,30,14,Motorboat,437,467,264,278
201807041213_019,42,18,Motorboat,987,1029,260,278
201807041213_020,52,22,Motorboat,902,954,264,286
201807041213_019,52,212,Sailboat,1,53,112,324
201807041213_020,75,207,Sailboat,53,128,118,325
201807041213_021,122,369,Sailboat,87,209,1,370
201807041213_022,167,226,Sailboat,55,222,122,348
201807041213_023,171,214,Sailboat,178,349,133,347
201807041213_021,35,22,Motorboat,397,432,281,303
201807041213_022,36,28,Motorboat,469,505,281,309
201807041213_023,28,28,Motorboat,624,652,287,315
201807041213_021,32,21,Motorboat,433,465,282,303
201807041213_022,54,29,Motorboat,508,562,285,314
201807041213_023,56,39,Motorboat,654,710,280,319
201807041213_021,24,22,Motorboat,468,492,281,303
201807041213_022,38,33,Motorboat,561,599,285,318
201807041213_023,26,30,Motorboat,712,738,291,321
201807041213_021,88,25,Motorboat,552,640,276,301
201807041213_022,130,44,Motorboat,664,794,278,322
201807041213_023,128,34,Motorboat,812,940,288,322
201807041213_025,93,275,Sailboat,239,332,64,339
201807041213_026,160,309,Sailboat,1035,1195,24,333
201807041213_025,61,188,Sailboat,172,233,148,336
201807041213_026,87,206,Sailboat,942,1029,120,326
201807041213_025,144,241,Sailboat,22,166,90,331
201807041213_026,143,260,Sailboat,794,937,56,316
201807041213_026,56,71,Sailboat,395,451,207,278
201807041213_027,57,83,Sailboat,810,867,188,271
201807041213_026,48,22,Motorboat,466,514,256,278
201807041213_027,57,30,Motorboat,889,946,248,278
201807041213_026,18,75,Sailboat,306,324,209,284
201807041213_027,26,92,Sailboat,692,718,191,283
201807041213_026,8,51,Sailboat,209,217,232,283
201807041213_027,20,69,Sailboat,579,599,211,280
201807041213_028,9,24,Seamark,771,780,256,280
201807041213_029,10,31,Seamark,1101,1111,245,276
201807041213_030,21,44,Seamark,1142,1163,245,289
201807041213_031,15,49,Seamark,1259,1274,258,307
201807041213_029,6,15,Seamark,826,832,253,268
201807041213_030,16,26,Seamark,793,809,246,272
201807041213_031,7,23,Seamark,736,743,256,279
201807041213_032,9,34,Seamark,459,468,259,293
201807041213_033,20,51,Seamark,91,111,269,320
201807041213_033,7,22,Seamark,869,876,250,272
201807041213_034,7,17,Seamark,399,406,265,282
201807041213_035,7,22,Seamark,100,107,274,296
201807041213_035,10,23,Seamark,734,744,254,277
201807041213_036,25,44,Seamark,787,812,250,294
201807041213_037,28,83,Seamark,799,827,246,329
201807041213_036,6,10,Seamark,521,527,258,268
201807041213_037,7,11,Seamark,372,379,265,276
201807041213_038,8,12,Seamark,353,361,265,277
201807041213_039,9,15,Seamark,239,248,269,284
201807041213_040,10,16,Seamark,193,203,271,287
201807041213_041,11,18,Seamark,210,221,271,289
201807041213_042,17,22,Seamark,137,154,271,293
201807041213_043,7,20,Seamark,165,172,273,293
201807041213_039,8,17,Seamark,694,702,253,270
201807041213_040,9,19,Seamark,694,703,251,270
201807041213_041,5,19,Seamark,784,789,252,271
201807041213_042,12,24,Seamark,787,799,252,276
201807041213_043,10,30,Seamark,915,925,249,279
201807041213_044,10,35,Seamark,928,938,250,285
201807041213_045,23,68,Seamark,1106,1129,248,316
201807041213_038,19,28,Cruiseship,725,744,229,257
201807041213_039,19,28,Cruiseship,639,658,231,259
201807041213_040,19,28,Cruiseship,633,652,230,258
201807041213_041,22,33,Cruiseship,709,731,225,258
201807041213_042,25,38,Cruiseship,694,719,221,259
201807041213_043,27,41,Cruiseship,782,809,218,259
201807041213_044,21,34,Cruiseship,723,744,223,257
201807041213_045,12,15,Seamark,441,453,258,273
201807041213_047,5,10,Seamark,237,242,272,282
201807041213_049,28,40,Cruiseship,400,428,228,268
201807041213_050,31,44,Cruiseship,321,352,226,270
201807041213_051,39,55,Cruiseship,318,357,222,277
201807041213_052,51,49,Cruiseship,276,327,225,274
201807041213_053,35,44,Cruiseship,186,221,236,280
201807041213_047,72,37,Militaryship,1198,1270,231,268
201807041213_048,83,43,Militaryship,1016,1099,226,269
201807041213_049,98,50,Militaryship,1077,1175,224,274
201807041213_050,78,33,Militaryship,1048,1126,227,260
201807041213_051,93,38,Militaryship,1080,1173,225,263
201807041213_052,90,41,Militaryship,1086,1176,223,264
201807041213_053,97,40,Militaryship,1042,1139,222,262
201807041213_042,8,12,Seamark,906,914,252,264
201807041213_043,9,13,Seamark,1012,1021,249,262
201807041213_044,4,12,Seamark,984,988,250,262
201807041213_045,9,19,Seamark,1038,1047,250,269
201807041213_046,10,21,Seamark,1057,1067,248,269
201807041213_047,10,22,Seamark,952,962,247,269
201807041213_048,10,21,Seamark,767,777,250,271
201807041213_049,12,20,Seamark,836,848,254,274
201807041213_050,7,19,Seamark,801,808,256,275
201807041213_051,10,26,Seamark,848,858,253,279
201807041213_052,14,39,Seamark,857,871,249,288
201807041213_053,17,40,Seamark,839,856,252,292
201807041213_054,36,66,Seamark,867,903,246,312
201807041213_014,51,57,Sailboat,19,70,236,293
201807041213_014,32,64,Sailboat,71,103,227,291
201807041213_014,27,57,Sailboat,161,188,229,286
201807041213_017,21,77,Sailboat,3,24,229,306
201807041213_019,48,216,Sailboat,149,197,97,313
201807041213_017,31,77,Sailboat,31,62,226,303
201807041213_019,60,251,Sailboat,201,261,62,313
201807041213_019,46,203,Sailboat,95,141,115,318
201807041213_019,75,267,Sailboat,267,342,43,310
201807041213_021,71,365,Sailboat,1,72,1,366
201807041213_023,97,472,Sailboat,8,105,12,484
201807041213_024,58,239,Sailboat,1112,1170,92,331
201807041213_024,190,231,Sailboat,492,682,115,346
201807041213_024,341,524,Sailboat,14,355,1,525
201807041213_024,558,493,Sailboat,480,1038,19,512
201807041213_025,166,365,Sailboat,1115,1281,42,407
201807041213_025,75,337,Sailboat,803,878,38,375
201807041213_025,202,385,Sailboat,886,1088,1,386
201807041213_025,150,359,Sailboat,647,797,1,360
201807041213_025,153,354,Sailboat,482,635,2,356
201807041213_025,148,312,Sailboat,331,479,32,344
201807041213_026,63,253,Sailboat,1199,1262,105,358
201807041213_046,37,184,Sailboat,1096,1133,123,307
201807041213_024,58,25,Motorboat,960,1018,288,313
201807041213_024,48,21,Motorboat,1012,1060,296,317
201807041213_024,43,33,Motorboat,1064,1107,293,326
201807041213_024,92,36,Motorboat,1188,1280,290,326
201807041213_027,24,8,Motorboat,528,552,264,272
201807041213_027,26,17,Motorboat,772,798,260,277
201807041213_027,22,10,Motorboat,496,518,261,271
201807041213_045,17,24,Motorboat,980,997,264,288
201807041213_000,3,5,Seamark,679,682,252,257
201807041213_027,18,18,Seamark,1218,1236,303,321
201807041213_027,26,34,Seamark,620,646,341,375
201807041213_027,6,14,Seamark,408,414,257,271
201807041213_036,7,12,Seamark,835,842,254,266
201807041213_004,7,14,Miscellaneous,104,111,322,336
201807041213_004,10,11,Miscellaneous,88,98,322,333
201807041213_004,25,13,Miscellaneous,119,144,322,335
201807041213_004,25,10,Miscellaneous,155,180,322,332
201807041213_004,12,12,Miscellaneous,191,203,319,331
201807041213_027,31,13,Miscellaneous,613,644,276,289
201807041213_042,11,13,Miscellaneous,861,872,251,264
201807041213_021,197,38,Sailboat,315,512,310,348
201807041244_002,20,64,Seamark,842,862,266,330
201807041244_003,27,157,Seamark,1114,1141,290,447
201807041244_004,106,36,Militaryship,1175,1281,236,272
201807041244_005,79,23,Militaryship,1199,1278,249,272
201807041244_006,138,96,Militaryship,1137,1275,180,276
201807041244_007,418,248,Militaryship,859,1277,56,304
201807041244_008,217,80,Militaryship,1057,1274,243,323
201807041244_001,145,73,Militaryship,1130,1275,202,275
201807041244_002,179,104,Militaryship,1096,1275,158,262
201807041244_001,9,46,Seamark,808,817,253,299
201807041244_002,11,35,Seamark,775,786,250,285
201807041244_003,17,51,Seamark,806,823,245,296
201807041244_004,27,80,Seamark,863,890,239,319
201807041244_005,42,155,Seamark,1032,1074,235,390
201807041244_005,35,24,Passengership,774,809,243,267
201807041244_006,63,48,Passengership,497,560,238,286
201807041244_009,9,37,Seamark,729,738,249,286
201807041244_010,5,44,Seamark,907,912,247,291
201807041244_010,42,42,Militaryship,929,971,229,271
201807041244_011,45,64,Militaryship,1099,1144,226,290
201807041244_013,19,14,Motorboat,1206,1225,246,260
201807041244_014,22,10,Motorboat,1220,1242,250,260
201807041244_013,22,14,Motorboat,1176,1198,247,261
201807041244_014,25,13,Motorboat,1185,1210,247,260
201807041244_013,14,14,Motorboat,1156,1170,246,260
201807041244_014,18,8,Motorboat,1165,1183,251,259
201807041244_013,47,73,Sailboat,1043,1090,188,261
201807041244_014,31,61,Sailboat,1064,1095,201,262
201807041244_017,25,30,Miscboat,64,89,265,295
201807041244_018,75,111,Militaryship,72,147,189,300
201807041244_020,33,37,Militaryship,409,442,233,270
201807041244_021,41,57,Militaryship,335,376,222,279
201807041244_022,66,42,Militaryship,332,398,240,282
201807041244_023,52,52,Militaryship,414,466,227,279
201807041244_024,100,91,Militaryship,308,408,197,288
201807041244_025,174,135,Militaryship,177,351,168,303
201807041244_026,195,129,Militaryship,9,204,204,333
201807041244_027,121,111,Militaryship,24,145,219,330
201807041244_017,48,44,Cruiseship,8,56,238,282
201807041244_019,60,74,Cruiseship,48,108,220,294
201807041244_020,93,90,Cruiseship,315,408,190,280
201807041244_021,121,162,Cruiseship,204,325,128,290
201807041244_022,194,131,Cruiseship,116,310,166,297
201807041244_023,298,172,Cruiseship,60,358,141,313
201807041244_024,202,336,Cruiseship,0,202,1,337
201807041244_019,12,12,Motorboat,159,171,272,284
201807041244_020,17,16,Motorboat,450,467,260,276
201807041244_021,32,13,Miscboat,379,411,259,272
201807041244_022,29,12,Miscboat,398,427,259,271
201807041244_023,26,11,Miscboat,487,513,259,270
201807041244_024,29,12,Miscboat,449,478,262,274
201807041244_025,54,26,Miscboat,381,435,259,285
201807041244_026,68,26,Miscboat,280,348,266,292
201807041244_025,41,30,Miscboat,333,374,258,288
201807041244_026,60,35,Miscboat,212,272,267,302
201807041244_022,70,62,Militaryship,311,381,218,280
201807041244_023,63,70,Militaryship,347,410,212,282
201807041244_024,98,97,Militaryship,205,303,207,304
201807041244_025,167,131,Militaryship,4,171,193,324
201807041244_019,35,98,Sailboat,114,149,181,279
201807041244_020,69,109,Sailboat,422,491,153,262
201807041244_021,51,129,Sailboat,393,444,137,266
201807041244_022,80,149,Sailboat,396,476,120,269
201807041244_023,103,157,Sailboat,466,569,109,266
201807041244_024,89,194,Sailboat,463,552,76,270
201807041244_025,135,238,Sailboat,393,528,37,275
201807041244_026,174,266,Sailboat,291,465,9,275
201807041244_027,204,296,Sailboat,278,482,1,297
201807041244_028,318,339,Sailboat,1,319,4,343
201807041244_029,158,337,Sailboat,5,163,10,347
201807041244_023,14,7,Motorboat,575,589,256,263
201807041244_024,15,8,Motorboat,566,581,256,264
201807041244_025,16,9,Motorboat,548,564,257,266
201807041244_026,23,10,Motorboat,488,511,263,273
201807041244_027,31,13,Motorboat,513,544,263,276
201807041244_028,47,30,Motorboat,378,425,259,289
201807041244_029,54,32,Motorboat,297,351,270,302
201807041244_030,88,65,Motorboat,92,180,265,330
201807041244_023,20,9,Passengership,561,581,256,265
201807041244_024,22,10,Passengership,548,570,256,266
201807041244_025,24,11,Passengership,527,551,258,269
201807041244_026,35,15,Passengership,463,498,259,274
201807041244_027,41,22,Passengership,481,522,257,279
201807041244_028,72,31,Passengership,306,378,264,295
201807041244_029,121,39,Passengership,137,258,278,317
201807041244_029,48,42,Motorboat,242,290,260,302
201807041244_030,67,104,Motorboat,26,93,226,330
201807041244_031,30,7,Ferry,388,418,258,265
201807041244_032,25,7,Ferry,541,566,253,260
201807041244_033,27,7,Ferry,616,643,250,257
201807041244_034,30,8,Ferry,631,661,249,257
201807041244_035,22,12,Ferry,571,593,249,261
201807041244_032,24,36,Sailboat,455,479,229,265
201807041244_033,27,42,Sailboat,513,540,224,266
201807041244_035,13,37,Sailboat,462,475,229,266
201807041244_024,20,36,Sailboat,683,703,223,259
201807041244_026,25,48,Ferry,637,662,215,263
201807041244_027,26,46,Sailboat,696,722,217,263
201807041244_028,26,78,Sailboat,629,655,191,269
201807041244_029,36,91,Sailboat,620,656,177,268
201807041244_030,40,101,Sailboat,552,592,172,273
201807041244_031,48,118,Sailboat,534,582,159,277
201807041244_032,55,135,Sailboat,666,721,140,275
201807041244_033,66,163,Sailboat,744,810,118,281
201807041244_034,92,219,Sailboat,800,892,73,292
201807041244_035,155,299,Sailboat,806,961,10,309
201807041244_036,332,398,Sailboat,949,1281,1,399
201807041244_035,24,49,Sailboat,378,402,224,273
201807041244_036,31,65,Sailboat,350,381,215,280
201807041244_037,41,19,Motorboat,347,388,259,278
201807041244_038,52,89,Sailboat,235,287,195,284
201807041244_040,76,105,Sailboat,209,285,186,291
201807041244_041,52,115,Sailboat,103,155,187,302
201807041244_038,29,81,Sailboat,287,316,201,282
201807041244_041,43,90,Sailboat,183,226,204,294
201807041244_043,63,56,Miscboat,0,63,290,346
201807041244_044,76,193,Sailboat,16,92,131,324
201807041244_046,99,195,Sailboat,88,187,115,310
201807041244_044,44,113,Sailboat,391,435,171,284
201807041244_046,92,139,Sailboat,208,300,156,295
201807041244_039,53,20,Motorboat,225,278,268,288
201807041244_040,60,22,Motorboat,211,271,270,292
201807041244_041,76,28,Motorboat,60,136,277,305
201807041244_031,11,16,Miscboat,449,460,251,267
201807041244_032,14,14,Miscboat,579,593,249,263
201807041244_033,22,20,Miscboat,640,662,245,265
201807041244_034,21,19,Miscboat,658,679,246,265
201807041244_035,28,16,Miscboat,594,622,249,265
201807041244_036,32,18,Miscboat,586,618,249,267
201807041244_037,89,18,Miscboat,582,671,249,267
201807041244_038,120,24,Miscboat,468,588,248,272
201807041244_039,146,37,Miscboat,471,617,239,276
201807041244_040,137,36,Miscboat,481,618,243,279
201807041244_041,113,39,Miscboat,354,467,249,288
201807041244_042,127,71,Miscboat,243,370,234,305
201807041244_043,90,162,Sailboat,202,292,127,289
201807041244_044,113,217,Sailboat,196,309,87,304
201807041244_045,81,189,Sailboat,87,168,122,311
201807041244_038,16,16,Motorboat,595,611,255,271
201807041244_039,26,21,Motorboat,647,673,251,272
201807041244_040,24,19,Motorboat,701,725,252,271
201807041244_041,21,18,Motorboat,627,648,258,276
201807041244_042,31,24,Motorboat,658,689,257,281
201807041244_043,30,28,Motorboat,662,692,259,287
201807041244_044,44,39,Motorboat,803,847,265,304
201807041244_045,63,53,Motorboat,874,937,279,332
201807041244_046,147,124,Motorboat,1133,1280,321,445
201807041244_032,18,17,Miscboat,602,620,245,262
201807041244_033,20,25,Miscboat,666,686,238,263
201807041244_034,20,25,Miscboat,689,709,239,264
201807041244_035,26,24,Miscboat,631,657,243,267
201807041244_036,32,43,Miscboat,629,661,228,271
201807041244_037,34,37,Miscboat,687,721,235,272
201807041244_038,39,43,Miscboat,626,665,235,278
201807041244_039,54,87,Miscboat,683,737,195,282
201807041244_040,63,87,Miscboat,744,807,206,293
201807041244_041,71,71,Miscboat,678,749,224,295
201807041244_042,106,176,Miscboat,731,837,142,318
201807041244_043,180,191,Miscboat,770,950,162,353
201807041244_044,158,244,Miscboat,1115,1273,267,511
201807041244_032,34,40,Sailboat,422,456,229,269
201807041244_033,36,43,Sailboat,475,511,224,267
201807041244_035,25,54,Sailboat,401,426,216,270
201807041244_037,32,68,Sailboat,397,429,207,275
201807041244_038,33,76,Sailboat,316,349,202,278
201807041244_041,51,100,Sailboat,249,300,187,287
201807041244_035,37,53,Sailboat,425,462,215,268
201807041244_038,38,29,Boat,357,395,244,273
201807041244_040,62,109,Sailboat,395,457,165,274
201807041244_041,68,114,Sailboat,280,348,165,279
201807041244_041,17,21,Motorboat,607,624,249,270
201807041244_042,28,25,Motorboat,630,658,243,268
201807041244_043,37,33,Motorboat,623,660,240,273
201807041244_044,32,41,Motorboat,756,788,239,280
201807041244_045,58,64,Motorboat,760,818,232,296
201807041244_046,86,95,Motorboat,807,893,219,314
201807041244_047,65,34,Sailboat,168,233,262,296
201807041244_049,80,126,Sailboat,0,80,190,316
201807041244_035,9,62,Sailboat,592,601,200,262
201807041244_038,17,81,Sailboat,576,593,186,267
201807041244_040,31,98,Sailboat,676,707,166,264
201807041244_041,25,96,Sailboat,599,624,165,261
201807041244_043,28,129,Sailboat,628,656,142,271
201807041244_044,38,145,Sailboat,746,784,117,262
201807041244_045,40,236,Sailboat,736,776,52,288
201807041244_046,48,294,Sailboat,764,812,1,295
201807041244_047,209,114,Passengership,846,1055,201,315
201807041244_049,355,288,Passengership,923,1278,113,401
201807041244_044,27,19,Miscboat,515,542,249,268
201807041244_045,41,24,Miscboat,422,463,249,273
201807041244_046,35,21,Miscboat,391,426,253,274
201807041244_047,76,29,Miscboat,286,362,255,284
201807041244_049,90,38,Miscboat,167,257,260,298
201807041244_050,59,46,Miscboat,7,66,269,315
201807041244_046,27,36,Passengership,715,742,237,273
201807041244_047,65,57,Passengership,766,831,226,283
201807041244_049,88,63,Passengership,753,841,225,288
201807041244_050,208,167,Passengership,852,1060,177,344
201807041244_051,251,308,Passengership,1030,1281,146,454
201807041244_050,67,46,Passengership,754,821,245,291
201807041244_051,160,233,Passengership,811,971,105,338
201807041244_044,20,21,Passengership,561,581,242,263
201807041244_045,22,23,Passengership,492,514,242,265
201807041244_046,29,24,Passengership,467,496,245,269
201807041244_047,39,23,Passengership,424,463,248,271
201807041244_049,42,34,Passengership,355,397,246,280
201807041244_050,69,35,Passengership,259,328,245,280
201807041244_051,100,76,Passengership,60,160,234,310
201807041244_051,46,86,Motorboat,764,810,215,301
201807041244_052,170,121,Motorboat,924,1094,258,379
201807041244_050,19,17,Motorboat,719,738,257,274
201807041244_051,43,33,Motorboat,694,737,253,286
201807041244_052,57,44,Motorboat,755,812,259,303
201807041244_053,106,84,Motorboat,788,894,246,330
201807041244_054,164,274,Motorboat,768,932,101,375
201807041244_055,298,197,Motorboat,962,1260,271,468
201807041244_049,20,19,Motorboat,687,707,248,267
201807041244_050,21,22,Motorboat,691,712,248,270
201807041244_051,34,29,Motorboat,660,694,247,276
201807041244_052,50,41,Motorboat,680,730,244,285
201807041244_053,51,47,Motorboat,692,743,245,292
201807041244_054,85,66,Motorboat,622,707,236,302
201807041244_055,85,76,Motorboat,734,819,237,313
201807041244_056,178,126,Motorboat,732,910,230,356
201807041244_054,36,27,Motorboat,128,164,271,298
201807041244_055,39,25,Motorboat,168,207,272,297
201807041244_044,19,10,Passengership,588,607,252,262
201807041244_045,21,11,Passengership,523,544,253,264
201807041244_046,19,17,Passengership,512,531,247,264
201807041244_047,21,18,Passengership,496,517,248,266
201807041244_049,26,22,Passengership,441,467,249,271
201807041244_050,53,15,Passengership,408,461,255,270
201807041244_044,17,13,Passengership,609,626,247,260
201807041244_045,19,14,Passengership,547,566,247,261
201807041244_046,16,19,Passengership,537,553,246,265
201807041244_047,25,18,Passengership,520,545,247,265
201807041244_049,24,23,Passengership,472,496,246,269
201807041244_051,109,39,Passengership,342,451,239,278
201807041244_052,27,35,Passengership,316,343,247,282
201807041244_053,66,43,Passengership,252,318,239,282
201807041244_054,68,54,Passengership,180,248,239,293
201807041244_055,78,54,Passengership,228,306,238,292
201807041244_056,101,44,Passengership,124,225,250,294
201807041244_052,160,34,Passengership,351,511,247,281
201807041244_053,191,44,Passengership,347,538,236,280
201807041244_054,186,60,Passengership,295,481,229,289
201807041244_055,123,47,Passengership,377,500,243,290
201807041244_056,96,68,Passengership,325,421,235,303
201807041244_057,117,63,Passengership,211,328,316,379
201807041244_058,130,70,Passengership,0,130,254,324
201807041244_058,51,25,Miscboat,467,518,252,277
201807041244_059,51,27,Miscboat,411,462,252,279
201807041244_060,93,70,Miscboat,41,134,244,314
201807041244_060,150,124,Motorboat,976,1126,224,348
201807041244_061,97,135,Motorboat,1186,1283,287,422
201807041244_058,36,16,Motorboat,528,564,257,273
201807041244_059,34,26,Motorboat,482,516,252,278
201807041244_060,58,35,Motorboat,146,204,266,301
201807041244_061,66,34,Motorboat,1,67,276,310
201807041244_001,29,16,Motorboat,1102,1131,254,270
201807041244_011,44,21,Motorboat,1063,1107,253,274
201807041244_014,24,14,Motorboat,1012,1036,249,263
201807041244_014,13,8,Motorboat,980,993,253,261
201807041244_023,21,15,Motorboat,467,488,257,272
201807041244_041,42,23,Motorboat,154,196,275,298
201807041244_046,107,42,Motorboat,36,143,273,315
201807041244_047,66,39,Motorboat,4,70,300,339
201807041244_050,14,19,Motorboat,542,556,246,265
201807041244_050,18,20,Miscboat,522,540,246,266
201807041244_061,37,38,Motorboat,808,845,249,287
201807041244_003,23,19,Motorboat,914,937,243,262
201807041244_057,300,379,Passengership,1,301,58,437
201807041244_013,30,22,Motorboat,1224,1254,268,290
201807041244_021,78,56,Motorboat,127,205,275,331
201807041244_045,168,180,Motorboat,1111,1279,278,458
201807041244_045,69,28,Motorboat,36,105,290,318
201807041244_045,64,73,Motorboat,1047,1111,326,399
201807041244_002,117,39,Militaryship,1159,1276,237,276
201807041244_008,123,46,Militaryship,947,1070,236,282
201807041244_020,154,171,Militaryship,10,164,155,326
201807041244_027,117,94,Miscboat,161,278,221,315
201807041244_036,52,88,Miscboat,895,947,242,330
201807041244_000,7,20,Seamark,759,766,252,272
201807041244_000,5,24,Seamark,744,749,257,281
201807041244_006,7,43,Seamark,1098,1105,264,307
201807041244_007,12,115,Seamark,1266,1278,304,419
201807041244_015,15,28,Seamark,996,1011,246,274
201807041244_005,61,27,Motorboat,52,113,280,307
201807041244_047,161,43,Ferry,16,177,267,310
201807041244_056,49,37,Motorboat,42,91,272,309
201807041244_006,162,55,Militaryship,1115,1277,225,280
201807041244_036,51,23,Militaryship,565,616,243,266
201807041244_042,143,122,Militaryship,234,377,172,294
201807041244_044,87,119,Sailboat,306,393,173,292
201807041244_014,23,61,Sailboat,1037,1060,200,261
201807041314_001,201,112,Passengership,1080,1281,201,313
201807041314_002,333,135,Passengership,940,1273,198,333
201807041314_000,42,15,Ferry,736,778,249,264
201807041314_002,45,15,Ferry,62,107,263,278
201807041314_003,41,14,Ferry,186,227,260,274
201807041314_004,67,20,Ferry,369,436,253,273
201807041314_005,88,26,Ferry,543,631,247,273
201807041314_006,96,29,Ferry,612,708,247,276
201807041314_007,99,41,Ferry,751,850,243,284
201807041314_009,93,151,Sailboat,915,1008,140,291
201807041314_010,84,183,Sailboat,946,1030,120,303
201807041314_011,81,191,Sailboat,939,1020,110,301
201807041314_012,75,230,Sailboat,946,1021,95,325
201807041314_002,22,8,Motorboat,212,234,263,271
201807041314_003,24,9,Motorboat,349,373,260,269
201807041314_004,26,10,Motorboat,518,544,257,267
201807041314_005,36,62,Sailboat,671,707,207,269
201807041314_008,63,114,Sailboat,782,845,168,282
201807041314_011,75,172,Sailboat,895,970,120,292
201807041314_012,121,248,Sailboat,881,1002,52,300
201807041314_013,128,99,Motorboat,870,998,212,311
201807041314_014,189,74,Motorboat,1019,1208,266,340
201807041314_000,40,29,Motorboat,1193,1233,262,291
201807041314_001,52,27,Motorboat,961,1013,261,288
201807041314_002,68,35,Motorboat,744,812,261,296
201807041314_003,146,82,Motorboat,992,1138,250,332
201807041314_002,36,38,Motorboat,6,42,262,300
201807041314_003,53,44,Motorboat,16,69,263,307
201807041314_000,105,92,Motorboat,554,659,239,331
201807041314_001,164,136,Motorboat,161,325,239,375
201807041314_000,33,30,Passengership,985,1018,242,272
201807041314_001,37,45,Passengership,696,733,227,272
201807041314_002,52,24,Passengership,382,434,253,277
201807041314_003,49,43,Passengership,522,571,238,281
201807041314_004,71,69,Passengership,708,779,222,291
201807041314_005,115,73,Passengership,909,1024,226,299
201807041314_004,45,37,Passengership,212,257,249,286
201807041314_005,53,43,Passengership,300,353,242,285
201807041314_006,86,40,Passengership,148,234,266,306
201807041314_004,24,36,Passengership,255,279,247,283
201807041314_005,40,37,Passengership,352,392,245,282
201807041314_006,72,48,Passengership,235,307,244,292
201807041314_007,140,78,Passengership,68,208,238,316
201807041314_002,33,19,Miscboat,291,324,254,273
201807041314_003,53,29,Miscboat,416,469,244,273
201807041314_004,56,40,Miscboat,601,657,238,278
201807041314_005,83,50,Miscboat,755,838,235,285
201807041314_006,57,69,Sailboat,768,825,210,279
201807041314_007,60,101,Sailboat,860,920,186,287
201807041314_008,107,122,Sailboat,981,1088,182,304
201807041314_006,73,70,Miscboat,823,896,231,301
201807041314_007,128,103,Miscboat,962,1090,216,319
201807041314_008,65,97,Motorboat,1208,1273,251,348
201807041314_004,33,32,Passengership,278,311,246,278
201807041314_005,43,33,Passengership,391,434,243,276
201807041314_006,63,46,Passengership,306,369,240,286
201807041314_007,90,64,Passengership,223,313,236,300
201807041314_008,151,91,Passengership,75,226,224,315
201807041314_006,13,11,Motorboat,484,497,267,278
201807041314_007,23,19,Motorboat,461,484,274,293
201807041314_008,80,49,Motorboat,153,233,317,366
201807041314_002,24,14,Ferry,75,99,265,279
201807041314_008,126,43,Ferry,847,973,245,288
201807041314_004,30,33,Passengership,310,340,241,274
201807041314_005,42,25,Passengership,435,477,246,271
201807041314_006,52,64,Passengership,382,434,215,279
201807041314_007,80,104,Passengership,352,432,182,286
201807041314_008,99,47,Passengership,319,418,238,285
201807041314_009,163,90,Passengership,274,437,221,311
201807041314_010,293,301,Passengership,-4,289,44,345
201807041314_008,22,28,Motorboat,489,511,243,271
201807041314_009,25,39,Motorboat,541,566,238,277
201807041314_010,37,53,Motorboat,469,506,232,285
201807041314_011,57,57,Motorboat,361,418,237,294
201807041314_012,108,99,Motorboat,111,219,230,329
201807041314_008,15,11,Motorboat,518,533,257,268
201807041314_009,20,13,Motorboat,576,596,259,272
201807041314_010,21,18,Motorboat,526,547,259,277
201807041314_011,26,19,Motorboat,448,474,262,281
201807041314_012,36,25,Motorboat,304,340,271,296
201807041314_013,59,36,Motorboat,137,196,279,315
201807041314_005,20,81,Sailboat,487,507,186,267
201807041314_006,27,124,Sailboat,444,471,155,279
201807041314_007,26,120,Sailboat,456,482,154,274
201807041314_008,28,134,Sailboat,460,488,140,274
201807041314_009,40,166,Sailboat,501,541,115,281
201807041314_010,60,229,Sailboat,410,470,65,294
201807041314_011,92,298,Sailboat,271,363,6,304
201807041314_012,116,352,Sailboat,-4,112,1,353
201807041314_010,147,244,Sailboat,1046,1193,75,319
201807041314_011,149,251,Sailboat,1024,1173,70,321
201807041314_012,183,309,Sailboat,1021,1204,26,335
201807041314_013,246,352,Sailboat,1029,1275,1,353
201807041314_010,12,10,Motorboat,553,565,263,273
201807041314_011,17,12,Motorboat,480,497,265,277
201807041314_012,21,13,Motorboat,357,378,273,286
201807041314_013,28,19,Motorboat,242,270,279,298
201807041314_014,33,24,Motorboat,113,146,291,315
201807041314_008,15,12,Motorboat,535,550,255,267
201807041314_009,19,13,Motorboat,599,618,256,269
201807041314_010,11,16,Motorboat,566,577,256,272
201807041314_011,18,17,Motorboat,495,513,260,277
201807041314_012,26,20,Motorboat,377,403,264,284
201807041314_013,33,30,Motorboat,270,303,265,295
201807041314_014,51,29,Motorboat,149,200,278,307
201807041314_014,164,317,Sailboat,917,1081,1,318
201807041314_015,243,354,Sailboat,975,1218,1,355
201807041314_010,59,143,Sailboat,868,927,144,287
201807041314_011,90,137,Sailboat,805,895,141,278
201807041314_012,78,176,Sailboat,762,840,110,286
201807041314_013,112,238,Sailboat,769,881,61,299
201807041314_014,147,204,Sailboat,833,980,111,315
201807041314_010,21,31,Miscboat,584,605,238,269
201807041314_011,24,29,Miscboat,523,547,242,271
201807041314_012,29,36,Miscboat,420,449,242,278
201807041314_013,42,53,Miscboat,346,388,229,282
201807041314_014,50,37,Miscboat,291,341,247,284
201807041314_015,83,82,Miscboat,119,202,225,307
201807041314_016,217,152,Miscboat,-2,215,193,345
201807041314_013,14,15,Motorboat,460,474,252,267
201807041314_014,15,16,Motorboat,446,461,251,267
201807041314_015,16,18,Motorboat,405,421,251,269
201807041314_016,24,27,Motorboat,639,663,244,271
201807041314_017,27,20,Motorboat,490,517,252,272
201807041314_018,35,28,Motorboat,441,476,250,278
201807041314_019,38,37,Motorboat,372,410,249,286
201807041314_020,57,37,Motorboat,249,306,258,295
201807041314_021,81,75,Motorboat,129,210,240,315
201807041314_008,16,63,Sailboat,601,617,197,260
201807041314_009,18,69,Sailboat,675,693,192,261
201807041314_010,20,76,Sailboat,643,663,187,263
201807041314_011,19,41,Sailboat,593,612,220,261
201807041314_012,21,45,Sailboat,510,531,218,263
201807041314_013,16,63,Sailboat,474,490,202,265
201807041314_014,20,69,Sailboat,458,478,199,268
201807041314_015,41,79,Sailboat,406,447,193,272
201807041314_016,29,96,Sailboat,663,692,172,268
201807041314_017,39,100,Sailboat,512,551,173,273
201807041314_018,39,115,Sailboat,475,514,160,275
201807041314_019,50,143,Sailboat,410,460,138,281
201807041314_020,65,169,Sailboat,307,372,117,286
201807041314_021,102,223,Sailboat,213,315,76,299
201807041314_022,133,303,Sailboat,0,133,22,325
201807041314_017,19,15,Motorboat,781,800,251,266
201807041314_018,21,16,Motorboat,765,786,249,265
201807041314_019,19,15,Motorboat,749,768,250,265
201807041314_020,17,14,Motorboat,719,736,253,267
201807041314_021,25,24,Motorboat,736,761,248,272
201807041314_022,23,22,Motorboat,678,701,251,273
201807041314_023,22,21,Motorboat,677,699,255,276
201807041314_024,37,35,Motorboat,780,817,246,281
201807041314_025,45,43,Motorboat,795,840,249,292
201807041314_026,89,59,Motorboat,898,987,275,334
201807041314_027,92,187,Motorboat,1189,1281,278,465
201807041314_017,13,14,Motorboat,764,777,251,265
201807041314_018,21,19,Motorboat,751,772,251,270
201807041314_019,20,18,Motorboat,732,752,251,269
201807041314_020,18,16,Motorboat,699,717,253,269
201807041314_021,23,19,Motorboat,716,739,252,271
201807041314_022,21,17,Motorboat,656,677,255,272
201807041314_023,24,19,Motorboat,649,673,257,276
201807041314_024,43,33,Motorboat,739,782,254,287
201807041314_025,44,34,Motorboat,745,789,260,294
201807041314_026,90,80,Motorboat,806,896,247,327
201807041314_027,166,54,Passengership,1013,1179,282,336
201807041314_017,61,107,Sailboat,784,845,142,249
201807041314_018,69,122,Sailboat,769,838,131,253
201807041314_019,79,139,Sailboat,744,823,120,259
201807041314_020,76,131,Sailboat,711,787,122,253
201807041314_021,51,149,Sailboat,742,793,103,252
201807041314_022,61,181,Sailboat,677,738,83,264
201807041314_023,114,187,Sailboat,657,771,65,252
201807041314_024,78,231,Sailboat,776,854,26,257
201807041314_025,85,247,Sailboat,776,861,1,248
201807041314_026,228,245,Sailboat,757,985,13,258
201807041314_027,277,296,Sailboat,947,1224,0,296
201807041314_028,308,375,Sailboat,971,1279,1,376
201807041314_029,245,385,Sailboat,1028,1273,4,389
201807041314_028,44,47,Motorboat,913,957,249,296
201807041314_029,63,58,Motorboat,919,982,247,305
201807041314_023,7,40,Sailboat,624,631,223,263
201807041314_024,15,50,Sailboat,689,704,214,264
201807041314_025,19,74,Sailboat,607,626,195,269
201807041314_026,31,138,Sailboat,453,484,148,286
201807041314_027,71,277,Sailboat,375,446,44,321
201807041314_027,44,71,Militaryship,946,990,205,276
201807041314_028,68,92,Militaryship,837,905,190,282
201807041314_029,89,116,Militaryship,784,873,169,285
201807041314_030,198,169,Militaryship,863,1061,141,310
201807041314_031,350,273,Militaryship,932,1282,87,360
201807041314_032,193,226,Militaryship,1076,1269,149,375
201807041314_026,49,73,Cruiseship,783,832,195,268
201807041314_027,38,96,Cruiseship,909,947,172,268
201807041314_028,57,106,Cruiseship,780,837,163,269
201807041314_029,105,101,Cruiseship,712,817,172,273
201807041314_030,121,200,Cruiseship,743,864,83,283
201807041314_031,183,254,Cruiseship,752,935,44,298
201807041314_032,283,212,Cruiseship,763,1046,103,315
201807041314_033,473,370,Cruiseship,804,1277,1,371
201807041314_034,558,443,Cruiseship,720,1278,1,444
201807041314_035,369,469,Cruiseship,905,1274,35,504
201807041314_029,24,27,Militaryship,690,714,238,265
201807041314_030,42,73,Militaryship,711,753,203,276
201807041314_031,40,69,Militaryship,712,752,204,273
201807041314_032,36,62,Militaryship,714,750,209,271
201807041314_033,58,80,Militaryship,698,756,194,274
201807041314_034,73,92,Militaryship,562,635,188,280
201807041314_035,81,112,Militaryship,643,724,174,286
201807041314_036,118,171,Militaryship,743,861,124,295
201807041314_037,247,315,Militaryship,809,1056,29,344
201807041314_038,236,354,Militaryship,1029,1265,73,427
201807041314_034,32,25,Passengership,511,543,241,266
201807041314_035,28,32,Passengership,542,570,237,269
201807041314_036,60,62,Passengership,526,586,215,277
201807041314_037,175,148,Passengership,241,416,164,312
201807041314_040,26,13,Motorboat,800,826,248,261
201807041314_041,29,14,Motorboat,540,569,250,264
201807041314_042,32,15,Motorboat,362,394,256,271
201807041314_043,38,14,Motorboat,245,283,261,275
201807041314_044,40,17,Motorboat,107,147,269,286
201807041314_040,21,17,Motorboat,824,845,244,261
201807041314_041,46,17,Motorboat,542,588,243,260
201807041314_042,55,21,Motorboat,362,417,249,270
201807041314_043,28,19,Motorboat,280,308,255,274
201807041314_044,44,25,Motorboat,138,182,257,282
201807041314_045,32,26,Motorboat,1,33,269,295
201807041314_041,37,17,Miscboat,637,674,242,259
201807041314_042,40,18,Miscboat,472,512,248,266
201807041314_043,44,20,Miscboat,371,415,249,269
201807041314_044,54,25,Miscboat,269,323,251,276
201807041314_044,51,27,Militaryship,612,663,237,264
201807041314_045,69,37,Militaryship,537,606,233,270
201807041314_046,87,47,Militaryship,435,522,231,278
201807041314_047,93,34,Militaryship,168,261,250,284
201807041314_044,41,55,Militaryship,784,825,205,260
201807041314_045,70,70,Militaryship,721,791,194,264
201807041314_046,71,71,Militaryship,665,736,195,266
201807041314_047,68,76,Militaryship,426,494,194,270
201807041314_048,82,86,Militaryship,317,399,189,275
201807041314_049,96,108,Militaryship,0,96,178,286
201807041314_044,34,55,Militaryship,828,862,205,260
201807041314_045,40,66,Militaryship,780,820,199,265
201807041314_046,44,59,Militaryship,735,779,207,266
201807041314_047,45,76,Militaryship,497,542,194,270
201807041314_048,85,83,Militaryship,375,460,188,271
201807041314_046,5,12,Seamark,989,994,248,260
201807041314_047,7,15,Seamark,770,777,247,262
201807041314_048,6,14,Seamark,711,717,248,262
201807041314_049,7,16,Seamark,406,413,253,269
201807041314_050,4,17,Seamark,231,235,260,277
201807041314_051,7,21,Seamark,208,215,260,281
201807041314_052,8,26,Seamark,133,141,264,290
201807041314_053,8,28,Seamark,22,30,269,297
201807041314_049,4,8,Seamark,224,228,258,266
201807041314_051,5,9,Seamark,61,66,267,276
201807041314_052,5,11,Seamark,31,36,269,280
201807041314_048,16,10,Motorboat,616,632,249,259
201807041314_049,16,11,Motorboat,353,369,255,266
201807041314_051,19,19,Motorboat,246,265,260,279
201807041314_052,54,34,Motorboat,80,134,268,302
201807041314_049,13,16,Passengership,601,614,247,263
201807041314_050,10,11,Passengership,455,465,254,265
201807041314_051,23,27,Passengership,474,497,243,270
201807041314_052,46,43,Passengership,411,457,240,283
201807041314_053,72,39,Passengership,245,317,249,288
201807041314_057,3,9,Seamark,414,417,257,266
201807041314_058,5,10,Seamark,409,414,256,266
201807041314_060,5,13,Seamark,225,230,260,273
201807041314_061,6,13,Seamark,221,227,261,274
201807041314_062,5,14,Seamark,252,257,262,276
201807041314_063,7,16,Seamark,274,281,263,279
201807041314_064,9,20,Seamark,211,220,261,281
201807041314_066,67,75,Militaryship,1114,1181,219,294
201807041314_067,82,119,Militaryship,1167,1249,191,310
201807041314_062,20,13,Miscboat,412,432,255,268
201807041314_063,22,14,Miscboat,464,486,253,267
201807041314_064,24,15,Miscboat,445,469,250,265
201807041314_065,48,19,Miscboat,354,402,255,274
201807041314_056,14,12,Miscboat,420,434,251,263
201807041314_057,15,13,Miscboat,511,526,247,260
201807041314_058,16,14,Miscboat,515,531,246,260
201807041314_062,30,19,Miscboat,433,463,248,267
201807041314_063,33,21,Miscboat,488,521,245,266
201807041314_064,36,23,Miscboat,474,510,242,265
201807041314_065,29,17,Miscboat,404,433,255,272
201807041314_056,38,16,Miscboat,434,472,246,262
201807041314_059,35,16,Miscboat,405,440,249,265
201807041314_062,39,32,Miscboat,464,503,234,266
201807041314_065,50,17,Miscboat,436,486,254,271
201807041314_056,33,27,Militaryship,473,506,234,261
201807041314_057,46,38,Militaryship,565,611,226,264
201807041314_058,53,43,Militaryship,571,624,223,266
201807041314_059,58,30,Militaryship,440,498,233,263
201807041314_060,72,37,Militaryship,415,487,229,266
201807041314_061,85,44,Militaryship,436,521,224,268
201807041314_062,47,38,Militaryship,529,576,226,264
201807041314_063,59,48,Militaryship,590,649,221,269
201807041314_064,84,68,Militaryship,583,667,209,277
201807041314_065,70,52,Militaryship,514,584,216,268
201807041314_066,105,78,Militaryship,453,558,200,278
201807041314_067,130,96,Militaryship,353,483,193,289
201807041314_068,93,68,Militaryship,98,191,212,280
201807041314_064,39,61,Sailboat,816,855,206,267
201807041314_066,52,75,Sailboat,738,790,196,271
201807041314_067,58,84,Sailboat,678,736,190,274
201807041314_068,69,102,Sailboat,476,545,177,279
201807041314_069,110,176,Sailboat,232,342,127,303
201807041314_067,42,72,Sailboat,624,666,201,273
201807041314_068,54,88,Sailboat,402,456,190,278
201807041314_069,68,124,Sailboat,166,234,165,289
201807041314_069,8,47,Seamark,1142,1150,271,318
201807041314_070,9,64,Seamark,1185,1194,276,340
201807041314_069,3,27,Seamark,928,931,266,293
201807041314_070,6,34,Seamark,778,784,265,299
201807041314_065,13,11,Motorboat,960,973,254,265
201807041314_066,15,15,Motorboat,955,970,253,268
201807041314_067,18,18,Motorboat,917,935,253,271
201807041314_068,23,19,Motorboat,777,800,253,272
201807041314_069,28,29,Motorboat,680,708,254,283
201807041314_070,35,38,Motorboat,441,476,253,291
201807041314_071,6,46,Seamark,423,429,276,322
201807041314_072,9,78,Seamark,85,94,304,382
201807041314_070,97,165,Sailboat,632,729,128,293
201807041314_071,147,264,Sailboat,207,354,55,319
201807041314_073,9,17,Seamark,254,263,267,284
201807041314_074,5,21,Seamark,389,394,260,281
201807041314_075,9,20,Seamark,186,195,270,290
201807041314_077,5,17,Seamark,1110,1115,249,266
201807041314_078,8,25,Seamark,1046,1054,256,281
201807041314_011,123,57,Motorboat,1148,1271,281,338
201807041314_014,90,51,Motorboat,1178,1268,315,366
201807041314_029,56,52,Motorboat,994,1050,262,314
201807041314_029,41,44,Motorboat,876,917,252,296
201807041314_038,27,16,Motorboat,348,375,250,266
201807041314_038,30,15,Motorboat,402,432,245,260
201807041314_038,22,15,Motorboat,379,401,246,261
201807041314_047,59,27,Militaryship,106,165,257,284
201807041314_056,15,10,Miscboat,400,415,253,263
201807041314_062,39,29,Miscboat,504,543,237,266
201807041314_068,74,72,Sailboat,868,942,200,272
201807041314_073,30,172,Sailboat,1163,1193,124,296
201807041314_073,71,224,Sailboat,873,944,85,309
201807041314_074,67,309,Sailboat,1188,1255,22,331
201807041314_015,63,51,Motorboat,915,978,277,328
201807041314_016,77,57,Motorboat,1204,1281,281,338
201807041314_030,138,99,Militaryship,1071,1209,237,336
201807041314_029,89,86,Militaryship,844,933,170,256
201807041314_044,64,44,Militaryship,836,900,212,256
201807041314_006,86,60,Motorboat,13,99,270,330
201807041314_025,175,141,Sailboat,1100,1275,202,343
201807041314_049,141,106,Militaryship,19,160,180,286
201807041314_078,6,5,Miscellaneous,1169,1175,258,263
201807041314_078,6,9,Miscellaneous,1116,1122,255,264
201807041314_048,4,8,Seamark,536,540,251,259
201807041314_051,6,23,Seamark,31,37,279,302
201807041314_057,3,6,Seamark,130,133,265,271
201807041314_058,4,5,Seamark,118,122,264,269
201807041314_072,3,15,Seamark,1007,1010,260,275
201807041314_073,16,150,Seamark,882,898,337,487
201807041314_078,4,7,Seamark,1203,1207,258,265
201807041314_078,4,6,Seamark,988,992,256,262
201807041314_078,5,14,Seamark,482,487,261,275
201807041344_000,14,43,Seamark,985,999,259,302
201807041344_001,21,60,Seamark,1012,1033,258,318
201807041344_002,3,8,Seamark,688,691,255,263
201807041344_003,3,9,Seamark,718,721,254,263
201807041344_007,3,6,Seamark,346,349,262,268
201807041344_008,2,7,Seamark,287,289,264,271
201807041344_010,4,14,Seamark,203,207,265,279
201807041344_011,5,15,Seamark,172,177,269,284
201807041344_012,7,21,Seamark,101,108,272,293
201807041344_004,4,11,Seamark,391,395,261,272
201807041344_005,4,14,Seamark,341,345,262,276
201807041344_006,9,21,Seamark,284,293,260,281
201807041344_007,5,16,Seamark,226,231,266,282
201807041344_008,6,20,Seamark,91,97,272,292
201807041344_002,4,11,Seamark,776,780,255,266
201807041344_003,6,12,Seamark,820,826,254,266
201807041344_004,4,12,Seamark,798,802,256,268
201807041344_005,4,12,Seamark,792,796,256,268
201807041344_006,11,17,Seamark,785,796,254,271
201807041344_007,7,16,Seamark,798,805,255,271
201807041344_008,7,22,Seamark,816,823,254,276
201807041344_009,13,43,Seamark,1010,1023,251,294
201807041344_010,3,10,Seamark,678,681,253,263
201807041344_011,3,11,Seamark,760,763,253,264
201807041344_013,3,16,Seamark,816,819,251,267
201807041344_014,6,18,Seamark,846,852,248,266
201807041344_015,10,27,Seamark,1157,1167,251,278
201807041344_008,3,12,Seamark,606,609,252,264
201807041344_010,5,17,Seamark,654,659,253,270
201807041344_011,8,21,Seamark,732,740,253,274
201807041344_012,11,31,Seamark,789,800,253,284
201807041344_013,11,41,Seamark,822,833,249,290
201807041344_014,17,49,Seamark,894,911,252,301
201807041344_013,11,9,Motorboat,534,545,263,272
201807041344_014,16,13,Motorboat,438,454,269,282
201807041344_016,27,72,Sailboat,63,90,210,282
201807041344_017,29,80,Sailboat,165,194,198,278
201807041344_016,16,6,Motorboat,212,228,268,274
201807041344_017,17,6,Motorboat,340,357,262,268
201807041344_018,19,7,Motorboat,109,128,278,285
201807041344_019,16,8,Motorboat,97,113,280,288
201807041344_020,23,12,Motorboat,289,312,265,277
201807041344_021,34,15,Motorboat,567,601,260,275
201807041344_022,44,14,Motorboat,795,839,258,272
201807041344_023,54,17,Motorboat,769,823,263,280
201807041344_024,60,27,Motorboat,1182,1242,265,292
201807041344_023,94,170,Sailboat,67,161,137,307
201807041344_024,53,135,Sailboat,398,451,158,293
201807041344_025,46,179,Sailboat,621,667,122,301
201807041344_021,30,148,Sailboat,57,87,149,297
201807041344_022,46,192,Sailboat,223,269,103,295
201807041344_022,45,20,Motorboat,356,401,260,280
201807041344_023,60,22,Motorboat,185,245,270,292
201807041344_024,82,26,Motorboat,456,538,268,294
201807041344_025,97,34,Motorboat,681,778,267,301
201807041344_024,80,338,Sailboat,67,147,1,339
201807041344_025,261,344,Sailboat,251,512,22,366
201807041344_024,45,343,Sailboat,1,46,1,344
201807041344_025,101,388,Sailboat,38,139,4,392
201807041344_021,28,93,Sailboat,147,175,201,294
201807041344_023,27,117,Sailboat,149,176,178,295
201807041344_021,56,134,Sailboat,1,57,169,303
201807041344_022,38,159,Sailboat,132,170,136,295
201807041344_024,177,216,Sailboat,184,361,100,316
201807041344_020,14,13,Motorboat,880,894,246,259
201807041344_025,32,26,Motorboat,530,562,273,299
201807041344_025,36,25,Motorboat,588,624,275,300
201807041344_016,24,70,Sailboat,35,59,213,283
201807041344_017,26,78,Sailboat,136,162,200,278
201807041344_017,22,67,Sailboat,46,68,218,285
201807041344_017,38,61,Sailboat,98,136,220,281
201807041344_017,24,65,Sailboat,72,96,218,283
201807041344_017,26,67,Sailboat,18,44,218,285
201807041344_022,35,138,Sailboat,42,77,163,301
201807041344_021,45,160,Sailboat,97,142,140,300
201807041344_022,32,106,Sailboat,275,307,178,284
201807041344_022,24,117,Sailboat,8,32,180,297
201807041344_022,39,136,Sailboat,94,133,160,296
201807041344_000,13,25,Seamark,62,75,270,295
201807041344_005,2,8,Seamark,663,665,255,263
201807041344_003,4,8,Seamark,689,693,254,262
201807041418_004,34,44,Cruiseship,267,301,213,257
201807041418_005,47,69,Militaryship,282,329,207,276
201807041418_006,74,126,Militaryship,197,271,162,288
201807041418_007,117,161,Militaryship,121,238,142,303
201807041418_008,138,220,Militaryship,5,143,109,329
201807041418_005,9,8,Miscboat,409,418,256,264
201807041418_006,9,9,Miscboat,383,392,256,265
201807041418_007,7,4,Miscboat,422,429,259,263
201807041418_008,8,4,Miscboat,487,495,257,261
201807041418_009,6,6,Miscboat,547,553,255,261
201807041418_006,40,71,Cruiseship,269,309,201,272
201807041418_007,73,75,Cruiseship,255,328,198,273
201807041418_008,94,93,Cruiseship,271,365,181,274
201807041418_009,122,169,Cruiseship,283,405,116,285
201807041418_010,202,155,Cruiseship,120,322,142,297
201807041418_011,284,197,Cruiseship,13,297,119,316
201807041418_012,278,331,Cruiseship,-2,276,5,336
201807041418_013,165,306,Cruiseship,6,171,30,336
201807041418_011,55,87,Militaryship,287,342,201,288
201807041418_012,66,97,Militaryship,274,340,192,289
201807041418_013,96,77,Militaryship,179,275,224,301
201807041418_014,44,134,Militaryship,2,46,181,315
201807041418_000,14,13,Motorboat,137,151,258,271
201807041418_001,15,14,Motorboat,210,225,259,273
201807041418_002,16,15,Motorboat,302,318,257,272
201807041418_003,28,16,Motorboat,332,360,255,271
201807041418_004,26,14,Motorboat,385,411,256,270
201807041418_005,10,10,Motorboat,384,394,257,267
201807041418_006,12,10,Motorboat,364,376,256,266
201807041418_007,9,6,Motorboat,401,410,258,264
201807041418_008,10,7,Motorboat,465,475,256,263
201807041418_009,12,7,Motorboat,528,540,254,261
201807041418_010,13,8,Motorboat,505,518,254,262
201807041418_011,9,35,Motorboat,523,532,225,260
201807041418_013,27,22,Miscboat,387,414,254,276
201807041418_014,43,41,Miscboat,229,272,246,287
201807041418_015,82,53,Miscboat,86,168,253,306
201807041418_008,22,46,Militaryship,370,392,222,268
201807041418_009,36,52,Militaryship,405,441,216,268
201807041418_010,52,40,Militaryship,343,395,235,275
201807041418_011,52,77,Militaryship,347,399,205,282
201807041418_012,74,88,Militaryship,342,416,196,284
201807041418_013,102,106,Militaryship,285,387,184,290
201807041418_014,177,158,Militaryship,49,226,155,313
201807041418_011,14,9,Motorboat,454,468,263,272
201807041418_012,21,11,Motorboat,429,450,272,283
201807041418_013,33,23,Motorboat,279,312,286,309
201807041418_013,43,20,Miscboat,415,458,254,274
201807041418_014,54,32,Miscboat,281,335,253,285
201807041418_015,72,40,Miscboat,177,249,256,296
201807041418_006,28,103,Sailboat,308,336,158,261
201807041418_007,35,101,Sailboat,335,370,161,262
201807041418_008,70,117,Sailboat,375,445,143,260
201807041418_009,40,135,Sailboat,447,487,127,262
201807041418_010,68,148,Sailboat,400,468,116,264
201807041418_011,87,165,Sailboat,411,498,94,259
201807041418_012,84,183,Sailboat,449,533,82,265
201807041418_013,133,202,Sailboat,402,535,60,262
201807041418_014,162,236,Sailboat,283,445,32,268
201807041418_015,155,285,Sailboat,249,404,1,286
201807041418_016,275,316,Sailboat,8,283,2,318
201807041418_017,135,318,Sailboat,7,142,6,324
201807041418_014,31,13,Passengership,423,454,254,267
201807041418_015,34,14,Passengership,403,437,252,266
201807041418_016,56,21,Passengership,272,328,259,280
201807041418_017,91,42,Passengership,145,236,259,301
201807041418_018,143,37,Passengership,6,149,276,313
201807041418_014,21,14,Motorboat,444,465,251,265
201807041418_015,23,15,Motorboat,432,455,249,264
201807041418_016,33,22,Motorboat,334,367,256,278
201807041418_017,46,28,Motorboat,272,318,260,288
201807041418_018,65,33,Motorboat,221,286,265,298
201807041418_017,27,39,Motorboat,240,267,254,293
201807041418_018,66,46,Motorboat,155,221,259,305
201807041418_017,10,9,Motorboat,467,477,255,264
201807041418_018,14,12,Motorboat,493,507,251,263
201807041418_019,19,16,Motorboat,406,425,259,275
201807041418_020,52,55,Motorboat,296,348,262,317
201807041418_011,20,39,Sailboat,594,614,217,256
201807041418_013,21,37,Sailboat,656,677,218,255
201807041418_014,21,45,Sailboat,578,599,211,256
201807041418_015,25,46,Sailboat,590,615,210,256
201807041418_016,27,48,Sailboat,551,578,211,259
201807041418_017,30,86,Sailboat,600,630,175,261
201807041418_018,36,93,Sailboat,640,676,169,262
201807041418_019,44,108,Sailboat,586,630,159,267
201807041418_020,53,140,Sailboat,653,706,133,273
201807041418_021,77,195,Sailboat,651,728,87,282
201807041418_022,120,277,Sailboat,909,1029,19,296
201807041418_023,203,325,Sailboat,977,1180,7,332
201807041418_023,70,64,Motorboat,954,1024,239,303
201807041418_024,106,102,Motorboat,1175,1281,312,414
201807041418_026,46,21,Motorboat,281,327,260,281
201807041418_027,59,26,Motorboat,199,258,264,290
201807041418_028,78,26,Motorboat,57,135,277,303
201807041418_028,62,24,Motorboat,153,215,267,291
201807041418_029,67,25,Motorboat,45,112,284,309
201807041418_024,35,38,Miscboat,678,713,227,265
201807041418_025,36,36,Miscboat,655,691,232,268
201807041418_026,41,41,Miscboat,708,749,232,273
201807041418_027,58,99,Miscboat,711,769,185,284
201807041418_028,86,81,Miscboat,735,821,211,292
201807041418_029,153,129,Miscboat,837,990,191,320
201807041418_030,229,301,Miscboat,1051,1280,153,454
201807041418_026,40,93,Sailboat,305,345,181,274
201807041418_028,76,114,Sailboat,230,306,169,283
201807041418_029,70,134,Sailboat,202,272,156,290
201807041418_030,89,165,Sailboat,1,90,147,312
201807041418_026,50,90,Sailboat,407,457,177,267
201807041418_027,57,103,Sailboat,358,415,169,272
201807041418_028,67,122,Sailboat,318,385,154,276
201807041418_029,95,149,Sailboat,281,376,131,280
201807041418_030,113,195,Sailboat,161,274,100,295
201807041418_031,140,258,Sailboat,1,141,55,313
201807041418_029,63,99,Sailboat,375,438,174,273
201807041418_030,71,113,Sailboat,334,405,165,278
201807041418_031,42,80,Sailboat,316,358,202,282
201807041418_032,73,139,Sailboat,240,313,152,291
201807041418_033,60,110,Sailboat,236,296,183,293
201807041418_034,84,150,Sailboat,102,186,158,308
201807041418_032,99,187,Sailboat,137,236,114,301
201807041418_033,111,181,Sailboat,149,260,121,302
201807041418_034,77,246,Sailboat,5,82,81,327
201807041418_028,24,25,Motorboat,676,700,250,275
201807041418_029,33,24,Motorboat,728,761,257,281
201807041418_030,39,36,Motorboat,752,791,260,296
201807041418_031,66,51,Motorboat,809,875,272,323
201807041418_032,183,131,Motorboat,1003,1186,296,427
201807041418_030,25,24,Motorboat,723,748,258,282
201807041418_031,33,29,Motorboat,753,786,265,294
201807041418_032,54,45,Motorboat,827,881,280,325
201807041418_033,120,104,Motorboat,1030,1150,299,403
201807041418_026,16,17,Motorboat,647,663,242,259
201807041418_027,19,20,Motorboat,644,663,242,262
201807041418_028,21,27,Motorboat,650,671,235,262
201807041418_029,27,33,Motorboat,692,719,234,267
201807041418_030,32,45,Motorboat,689,721,227,272
201807041418_031,43,59,Motorboat,695,738,218,277
201807041418_032,56,63,Motorboat,730,786,230,293
201807041418_033,80,102,Motorboat,798,878,205,307
201807041418_034,143,137,Motorboat,872,1015,207,344
201807041418_026,29,67,Sailboat,448,477,197,264
201807041418_029,34,68,Sailboat,439,473,200,268
201807041418_032,64,111,Sailboat,305,369,175,286
201807041418_034,74,132,Sailboat,252,326,159,291
201807041418_031,17,25,Passengership,672,689,239,264
201807041418_032,22,28,Passengership,692,714,237,265
201807041418_033,23,30,Passengership,732,755,235,265
201807041418_034,35,34,Passengership,747,782,237,271
201807041418_035,115,96,Passengership,686,801,209,305
201807041418_034,40,315,Sailboat,826,866,2,317
201807041418_035,291,518,Passengership,977,1268,5,523
201807041418_036,219,284,Passengership,1062,1281,149,433
201807041418_034,40,21,Miscboat,391,431,249,270
201807041418_035,112,50,Miscboat,6,118,247,297
201807041418_036,87,61,Miscboat,-2,85,253,314
201807041418_029,12,64,Sailboat,515,527,200,264
201807041418_030,18,77,Sailboat,475,493,192,269
201807041418_031,37,83,Sailboat,449,486,189,272
201807041418_032,72,75,Sailboat,444,516,203,278
201807041418_033,62,116,Sailboat,497,559,163,279
201807041418_034,43,145,Sailboat,510,553,140,285
201807041418_030,9,4,Boat,559,568,256,260
201807041418_031,9,4,Boat,568,577,260,264
201807041418_032,11,9,Boat,587,598,260,269
201807041418_033,14,11,Boat,627,641,261,272
201807041418_034,23,16,Boat,603,626,268,284
201807041418_035,45,33,Passengership,641,686,250,283
201807041418_036,82,138,Passengership,899,981,161,299
201807041418_037,85,62,Motorboat,979,1064,253,315
201807041418_038,83,141,Motorboat,1196,1279,246,387
201807041418_037,66,103,Sailboat,859,925,182,285
201807041418_038,111,152,Sailboat,861,972,151,303
201807041418_034,37,37,Militaryship,477,514,229,266
201807041418_035,51,57,Militaryship,247,298,222,279
201807041418_036,74,53,Militaryship,361,435,226,279
201807041418_037,137,108,Militaryship,136,273,188,296
201807041418_037,42,36,Motorboat,811,853,237,273
201807041418_038,68,58,Motorboat,753,821,228,286
201807041418_039,130,86,Motorboat,830,960,229,315
201807041418_035,23,15,Motorboat,374,397,250,265
201807041418_036,25,16,Motorboat,553,578,244,260
201807041418_037,28,18,Motorboat,452,480,246,264
201807041418_038,37,33,Motorboat,316,353,239,272
201807041418_039,46,28,Motorboat,182,228,259,287
201807041418_035,18,10,Passengership,465,483,249,259
201807041418_036,20,11,Passengership,667,687,245,256
201807041418_037,22,12,Passengership,590,612,245,257
201807041418_038,23,21,Passengership,489,512,239,260
201807041418_039,31,26,Passengership,447,478,237,263
201807041418_040,43,21,Passengership,431,474,247,268
201807041418_041,58,38,Passengership,329,387,239,277
201807041418_042,69,36,Passengership,285,354,246,282
201807041418_043,86,43,Passengership,229,315,243,286
201807041418_044,113,57,Passengership,75,188,243,300
201807041418_035,12,9,Motorboat,483,495,249,258
201807041418_036,13,10,Motorboat,686,699,245,255
201807041418_037,14,11,Motorboat,610,624,246,257
201807041418_038,18,16,Motorboat,514,532,242,258
201807041418_039,22,17,Motorboat,478,500,245,262
201807041418_040,25,18,Motorboat,477,502,248,266
201807041418_041,34,21,Motorboat,389,423,252,273
201807041418_042,42,21,Motorboat,359,401,254,275
201807041418_043,55,37,Motorboat,327,382,245,282
201807041418_044,63,35,Motorboat,212,275,253,288
201807041418_045,81,45,Motorboat,19,100,257,302
201807041418_044,53,34,Motorboat,972,1025,254,288
201807041418_045,78,44,Motorboat,951,1029,257,301
201807041418_046,117,60,Motorboat,826,943,255,315
201807041418_047,39,26,Miscboat,332,371,250,276
201807041418_048,38,29,Miscboat,146,184,252,281
201807041418_049,42,26,Miscboat,487,529,252,278
201807041418_050,52,36,Miscboat,648,700,244,280
201807041418_047,59,27,Motorboat,609,668,259,286
201807041418_048,80,35,Motorboat,433,513,264,299
201807041418_049,115,50,Motorboat,817,932,275,325
201807041418_050,131,110,Motorboat,1148,1279,277,387
201807041418_005,36,32,Motorboat,341,377,270,302
201807041418_029,79,32,Motorboat,136,215,264,296
201807041418_032,77,61,Motorboat,954,1031,313,374
201807041418_032,72,27,Motorboat,21,93,292,319
201807041418_037,163,140,Passengership,1111,1274,233,373
201807041418_043,93,91,Motorboat,1051,1144,239,330
201807041418_046,75,19,Motorboat,718,793,267,286
201807041418_050,41,18,Miscboat,572,613,253,271
201807041418_050,30,21,Miscboat,323,353,247,268
201807041418_050,29,24,Motorboat,295,324,249,273
201807041418_050,44,27,Passengership,246,290,251,278
201807041418_050,34,24,Miscboat,209,243,257,281
201807041418_050,29,31,Miscboat,150,179,258,289
201807041418_050,64,56,Motorboat,8,72,253,309
201807041418_005,24,65,Sailboat,451,475,195,260
201807041418_026,49,73,Sailboat,366,415,197,270
201807041418_028,60,149,Sailboat,108,168,146,295
201807041418_031,46,122,Sailboat,264,310,169,291
201807041418_034,74,138,Sailboat,177,251,161,299
201807041418_033,91,245,Sailboat,38,129,74,319
201807041418_034,37,61,Passengership,781,818,223,284
201807041418_036,80,122,Passengership,984,1064,210,332
201807041418_033,71,35,Motorboat,129,200,273,308
201807041418_024,119,181,Miscboat,1046,1165,167,348
201807041418_027,14,8,Miscboat,514,528,254,262
201807041418_000,7,25,Seamark,757,764,246,271
201807041418_015,24,13,Miscellaneous,792,816,293,306
201807041418_022,33,8,Ferry,746,779,242,250
201807041418_026,44,16,Ferry,488,532,243,259
201807041448_000,85,31,Motorboat,138,223,256,287
201807041448_001,64,66,Motorboat,1,65,251,317
201807041448_000,71,41,Motorboat,232,303,243,284
201807041448_001,119,71,Motorboat,82,201,232,303
201807041448_002,53,80,Motorboat,2,55,237,317
201807041448_000,64,44,Miscboat,796,860,252,296
201807041448_001,140,102,Miscboat,888,1028,234,336
201807041448_002,241,336,Sailboat,1028,1269,50,386
201807041448_003,175,265,Sailboat,1009,1184,86,351
201807041448_004,139,213,Sailboat,793,932,93,306
201807041448_005,228,339,Sailboat,970,1198,18,357
201807041448_006,243,337,Sailboat,1028,1271,18,355
201807041448_007,185,332,Sailboat,1075,1260,30,362
201807041448_008,158,328,Sailboat,1080,1238,12,340
201807041448_009,143,355,Sailboat,1094,1237,0,355
201807041448_010,119,63,Motorboat,1062,1181,285,348
201807041448_000,9,11,Motorboat,554,563,254,265
201807041448_003,6,9,Boat,580,586,258,267
201807041448_004,20,7,Boat,588,608,260,267
201807041448_005,36,22,Motorboat,529,565,252,274
201807041448_006,19,14,Boat,505,524,271,285
201807041448_000,57,78,Sailboat,738,795,202,280
201807041448_001,70,113,Miscboat,795,865,184,297
201807041448_002,111,156,Sailboat,821,932,150,306
201807041448_000,20,110,Sailboat,428,448,157,267
201807041448_001,28,21,Motorboat,407,435,247,268
201807041448_000,89,18,Ferry,651,740,257,275
201807041448_001,129,39,Ferry,545,674,246,285
201807041448_002,194,59,Ferry,394,588,242,301
201807041448_003,235,70,Ferry,217,452,244,314
201807041448_004,150,81,Ferry,1,151,275,356
201807041448_000,57,29,Passengership,336,393,245,274
201807041448_001,87,113,Passengership,261,348,172,285
201807041448_002,108,52,Passengership,174,282,236,288
201807041448_003,162,61,Passengership,92,254,234,295
201807041448_003,73,140,Sailboat,697,770,151,291
201807041448_004,124,217,Sailboat,746,870,91,308
201807041448_005,169,256,Sailboat,859,1028,78,334
201807041448_001,18,118,Sailboat,397,415,154,272
201807041448_002,43,131,Sailboat,333,376,141,272
201807041448_003,50,155,Sailboat,351,401,122,277
201807041448_004,58,206,Sailboat,322,380,84,290
201807041448_005,86,263,Sailboat,215,301,33,296
201807041448_006,134,325,Sailboat,55,189,0,325
201807041448_004,20,16,Motorboat,456,476,259,275
201807041448_005,24,16,Motorboat,425,449,262,278
201807041448_006,24,17,Motorboat,389,413,266,283
201807041448_003,17,17,Motorboat,503,520,249,266
201807041448_004,21,25,Motorboat,533,554,242,267
201807041448_004,10,8,Boat,594,604,261,269
201807041448_006,34,22,Boat,497,531,267,289
201807041448_007,51,42,Boat,411,462,288,330
201807041448_006,175,266,Sailboat,859,1034,48,314
201807041448_007,113,350,Sailboat,1158,1271,8,358
201807041448_008,95,377,Sailboat,1181,1276,7,384
201807041448_003,33,21,Motorboat,381,414,248,269
201807041448_004,41,49,Motorboat,381,422,235,284
201807041448_005,64,55,Motorboat,306,370,237,292
201807041448_006,99,48,Motorboat,191,290,255,303
201807041448_007,167,122,Motorboat,37,204,213,335
201807041448_007,152,264,Sailboat,957,1109,37,301
201807041448_008,143,59,Motorboat,968,1111,260,319
201807041448_003,14,12,Motorboat,555,569,254,266
201807041448_004,20,16,Motorboat,572,592,255,271
201807041448_006,61,43,Motorboat,419,480,258,301
201807041448_007,43,25,Motorboat,371,414,269,294
201807041448_008,60,37,Motorboat,136,196,279,316
201807041448_007,23,16,Motorboat,457,480,268,284
201807041448_008,24,14,Motorboat,275,299,278,292
201807041448_009,56,27,Motorboat,59,115,297,324
201807041448_003,16,9,Motorboat,472,488,259,268
201807041448_004,12,13,Motorboat,502,514,257,270
201807041448_005,22,14,Motorboat,480,502,258,272
201807041448_003,5,7,Miscellaneous,635,640,260,267
201807041448_006,7,6,Miscellaneous,735,742,257,263
201807041448_007,30,25,Motorboat,480,510,259,284
201807041448_008,36,32,Motorboat,303,339,262,294
201807041448_009,76,37,Motorboat,100,176,278,315
201807041448_006,88,165,Sailboat,810,898,117,282
201807041448_008,146,282,Sailboat,846,992,26,308
201807041448_009,239,334,Sailboat,947,1186,0,334
201807041448_009,126,229,Sailboat,923,1049,74,303
201807041448_002,71,121,Sailboat,648,719,163,284
201807041448_003,94,152,Sailboat,725,819,144,296
201807041448_007,96,205,Sailboat,899,995,88,293
201807041448_008,90,163,Sailboat,854,944,140,303
201807041448_010,75,198,Sailboat,875,950,106,304
201807041448_011,154,342,Sailboat,957,1111,9,351
201807041448_005,70,175,Sailboat,792,862,120,295
201807041448_006,63,95,Sailboat,784,847,160,255
201807041448_007,56,85,Sailboat,840,896,168,253
201807041448_008,53,79,Sailboat,720,773,170,249
201807041448_009,68,127,Sailboat,734,802,132,259
201807041448_010,63,116,Sailboat,684,747,138,254
201807041448_011,56,104,Sailboat,598,654,143,247
201807041448_012,89,164,Sailboat,629,718,102,266
201807041448_013,80,146,Sailboat,625,705,109,255
201807041448_014,73,133,Sailboat,666,739,114,247
201807041448_015,122,203,Sailboat,756,878,65,268
201807041448_016,112,185,Sailboat,725,837,73,258
201807041448_017,108,179,Sailboat,673,781,71,250
201807041448_018,92,239,Sailboat,675,767,17,256
201807041448_019,93,240,Sailboat,767,860,8,248
201807041448_020,160,240,Sailboat,863,1023,5,245
201807041448_021,128,230,Sailboat,973,1101,31,261
201807041448_022,137,245,Sailboat,959,1096,1,246
201807041448_023,349,239,Sailboat,887,1236,8,247
201807041448_024,253,181,Sailboat,1028,1281,159,340
201807041448_025,226,368,Sailboat,1056,1282,1,369
201807041448_007,148,328,Sailboat,1015,1163,3,331
201807041448_007,35,42,Miscboat,556,591,231,273
201807041448_008,44,53,Miscboat,407,451,225,278
201807041448_009,56,31,Miscboat,342,398,252,283
201807041448_010,88,90,Miscboat,141,229,218,308
201807041448_010,65,46,Motorboat,947,1012,280,326
201807041448_011,86,79,Motorboat,1191,1277,332,411
201807041448_008,18,13,Passengership,609,627,248,261
201807041448_009,24,18,Passengership,595,619,244,262
201807041448_010,39,36,Passengership,494,533,239,275
201807041448_011,81,56,Passengership,277,358,235,291
201807041448_012,124,129,Passengership,3,127,241,370
201807041448_013,30,26,Motorboat,276,306,253,279
201807041448_014,48,31,Motorboat,200,248,256,287
201807041448_015,65,30,Motorboat,182,247,264,294
201807041448_016,69,91,Motorboat,1,70,230,321
201807041448_013,44,125,Sailboat,307,351,151,276
201807041448_014,67,163,Sailboat,249,316,119,282
201807041448_015,89,194,Sailboat,245,334,94,288
201807041448_016,126,248,Sailboat,85,211,61,309
201807041448_016,24,13,Motorboat,502,526,257,270
201807041448_017,25,18,Motorboat,370,395,262,280
201807041448_018,77,41,Motorboat,3,80,291,332
201807041448_009,8,8,Miscellaneous,683,691,253,261
201807041448_010,9,9,Miscellaneous,633,642,254,263
201807041448_011,10,10,Miscellaneous,535,545,253,263
201807041448_012,7,9,Miscellaneous,571,578,256,265
201807041448_013,8,10,Miscellaneous,561,569,254,264
201807041448_014,9,12,Miscellaneous,590,599,252,264
201807041448_015,6,8,Miscellaneous,699,705,256,264
201807041448_016,8,10,Miscellaneous,675,683,254,264
201807041448_017,9,11,Miscellaneous,619,628,254,265
201807041448_018,57,13,Miscellaneous,580,637,255,268
201807041448_017,25,17,Motorboat,678,703,250,267
201807041448_018,28,19,Motorboat,664,692,249,268
201807041448_019,36,24,Motorboat,755,791,247,271
201807041448_020,36,33,Motorboat,898,934,252,285
201807041448_021,58,45,Motorboat,1006,1064,252,297
201807041448_022,83,96,Motorboat,1087,1170,243,339
201807041448_012,17,12,Motorboat,616,633,248,260
201807041448_013,17,10,Motorboat,612,629,249,259
201807041448_014,19,13,Motorboat,644,663,247,260
201807041448_015,20,13,Motorboat,738,758,252,265
201807041448_016,17,14,Motorboat,710,727,247,261
201807041448_018,28,23,Motorboat,633,661,248,271
201807041448_019,38,29,Motorboat,721,759,248,277
201807041448_020,47,41,Motorboat,846,893,247,288
201807041448_021,62,47,Motorboat,942,1004,255,302
201807041448_012,70,95,Sailboat,627,697,148,243
201807041448_022,35,66,Militaryship,915,950,203,269
201807041448_023,56,81,Militaryship,859,915,192,273
201807041448_024,79,85,Militaryship,878,957,187,272
201807041448_025,118,113,Militaryship,749,867,170,283
201807041448_026,160,150,Militaryship,772,932,138,288
201807041448_027,282,191,Militaryship,906,1188,124,315
201807041448_028,356,330,Militaryship,924,1280,43,373
201807041448_017,23,17,Motorboat,655,678,250,267
201807041448_022,86,88,Motorboat,996,1082,253,341
201807041448_023,214,61,Passengership,1002,1216,274,335
201807041448_023,35,33,Miscboat,917,952,244,277
201807041448_024,44,42,Miscboat,962,1006,244,286
201807041448_025,77,57,Miscboat,904,981,248,305
201807041448_026,138,94,Miscboat,1015,1153,239,333
201807041448_026,70,58,Miscboat,937,1007,250,308
201807041448_027,99,82,Miscboat,1182,1281,254,336
201807041448_025,75,43,Motorboat,997,1072,260,303
201807041448_026,148,68,Motorboat,1132,1280,258,326
201807041448_021,7,8,Miscellaneous,858,865,255,263
201807041448_024,6,7,Miscellaneous,726,732,255,262
201807041448_027,10,6,Miscellaneous,645,655,257,263
201807041448_030,9,6,Miscellaneous,562,571,259,265
201807041448_033,11,9,Miscellaneous,494,505,257,266
201807041448_036,15,9,Miscellaneous,681,696,259,268
201807041448_039,12,6,Miscellaneous,976,988,262,268
201807041448_042,14,8,Miscellaneous,929,943,257,265
201807041448_045,13,12,Miscellaneous,464,477,263,275
201807041448_048,17,8,Miscellaneous,552,569,263,271
201807041448_051,16,11,Miscellaneous,480,496,259,270
201807041448_054,11,10,Miscellaneous,505,516,261,271
201807041448_022,34,87,Cruiseship,886,920,177,264
201807041448_023,68,75,Cruiseship,818,886,188,263
201807041448_024,85,85,Cruiseship,827,912,178,263
201807041448_025,88,154,Cruiseship,666,754,115,269
201807041448_026,105,111,Cruiseship,673,778,160,271
201807041448_027,167,126,Cruiseship,775,942,145,271
201807041448_028,241,281,Cruiseship,681,922,10,291
201807041448_029,451,307,Cruiseship,765,1216,26,333
201807041448_030,494,375,Cruiseship,787,1281,6,381
201807041448_031,317,458,Cruiseship,962,1279,1,459
201807041448_025,31,42,Militaryship,636,667,217,259
201807041448_026,33,41,Militaryship,645,678,217,258
201807041448_027,35,31,Militaryship,737,772,230,261
201807041448_028,43,56,Militaryship,628,671,208,264
201807041448_029,47,66,Militaryship,703,750,200,266
201807041448_030,66,53,Militaryship,663,729,219,272
201807041448_031,82,119,Militaryship,723,805,160,279
201807041448_032,99,137,Militaryship,690,789,147,284
201807041448_033,146,169,Militaryship,685,831,137,306
201807041448_034,357,351,Militaryship,829,1186,1,352
201807041448_035,20,13,Motorboat,771,791,249,262
201807041448_036,28,16,Motorboat,282,310,263,279
201807041448_037,51,31,Motorboat,24,75,275,306
201807041448_037,91,18,Miscboat,272,363,252,270
201807041448_038,114,22,Miscboat,195,309,251,273
201807041448_039,112,21,Miscboat,98,210,257,278
201807041448_038,30,17,Motorboat,891,921,242,259
201807041448_039,23,10,Motorboat,792,815,258,268
201807041448_040,48,22,Motorboat,356,404,267,289
201807041448_041,76,23,Militaryship,526,602,243,266
201807041448_042,59,23,Militaryship,539,598,241,264
201807041448_037,28,10,Motorboat,562,590,252,262
201807041448_038,31,11,Motorboat,517,548,252,263
201807041448_039,34,12,Motorboat,460,494,253,265
201807041448_040,36,16,Motorboat,183,219,261,277
201807041448_041,18,24,Motorboat,5,23,268,292
201807041448_037,23,16,Motorboat,588,611,247,263
201807041448_038,54,18,Motorboat,517,571,245,263
201807041448_039,60,16,Motorboat,460,520,249,265
201807041448_040,33,24,Motorboat,219,252,252,276
201807041448_041,41,26,Motorboat,29,70,261,287
201807041448_041,40,68,Sailboat,412,452,207,275
201807041448_042,55,113,Sailboat,160,215,177,290
201807041448_022,10,8,Boat,789,799,255,263
201807041448_023,11,9,Boat,727,738,253,262
201807041448_024,12,10,Boat,725,737,252,262
201807041448_025,8,8,Boat,558,566,256,264
201807041448_026,8,8,Boat,551,559,254,262
201807041448_027,8,8,Boat,644,652,253,261
201807041448_028,11,6,Boat,549,560,258,264
201807041448_029,12,7,Boat,620,632,256,263
201807041448_030,13,8,Boat,559,572,255,263
201807041448_031,11,8,Boat,597,608,257,265
201807041448_032,12,9,Boat,511,523,257,266
201807041448_034,18,8,Boat,628,646,255,263
201807041448_035,13,7,Boat,794,807,257,264
201807041448_036,14,8,Boat,685,699,258,266
201807041448_037,18,7,Boat,828,846,259,266
201807041448_038,20,8,Boat,907,927,258,266
201807041448_039,22,9,Boat,972,994,259,268
201807041448_040,15,7,Boat,874,889,259,266
201807041448_041,11,6,Boat,836,847,262,268
201807041448_043,15,10,Boat,1041,1056,259,269
201807041448_040,35,59,Militaryship,850,885,200,259
201807041448_041,74,61,Militaryship,749,823,200,261
201807041448_040,44,52,Militaryship,810,854,207,259
201807041448_041,47,58,Militaryship,702,749,204,262
201807041448_042,57,77,Militaryship,772,829,183,260
201807041448_043,67,73,Militaryship,740,807,192,265
201807041448_044,59,93,Militaryship,85,144,187,280
201807041448_043,49,73,Militaryship,800,849,192,265
201807041448_044,94,92,Militaryship,146,240,186,278
201807041448_045,2,11,Seamark,185,187,257,268
201807041448_046,5,9,Seamark,84,89,261,270
201807041448_047,6,10,Seamark,93,99,254,264
201807041448_048,6,10,Seamark,146,152,260,270
201807041448_049,3,11,Seamark,102,105,259,270
201807041448_044,3,15,Seamark,445,448,249,264
201807041448_045,4,22,Seamark,359,363,250,272
201807041448_046,6,18,Seamark,249,255,254,272
201807041448_047,5,21,Seamark,247,252,247,268
201807041448_048,4,23,Seamark,284,288,253,276
201807041448_049,8,26,Seamark,210,218,253,279
201807041448_050,7,27,Seamark,89,96,259,286
201807041448_046,4,20,Seamark,133,137,262,282
201807041448_047,3,31,Seamark,93,96,258,289
201807041448_048,3,28,Seamark,77,80,273,301
201807041448_046,4,12,Seamark,96,100,264,276
201807041448_048,4,20,Seamark,100,104,262,282
201807041448_049,3,18,Seamark,16,19,267,285
201807041448_049,8,7,Motorboat,243,251,263,270
201807041448_050,9,7,Motorboat,152,161,271,278
201807041448_051,18,12,Motorboat,77,95,279,291
201807041448_046,15,14,Passengership,433,448,245,259
201807041448_047,16,15,Passengership,451,467,238,253
201807041448_048,18,16,Passengership,511,529,243,259
201807041448_049,17,21,Passengership,464,481,241,262
201807041448_050,15,19,Passengership,381,396,238,257
201807041448_051,32,28,Passengership,344,376,247,275
201807041448_052,64,71,Passengership,279,343,220,291
201807041448_044,9,8,Boat,505,514,263,271
201807041448_046,13,9,Boat,376,389,264,273
201807041448_047,11,8,Boat,432,443,259,267
201807041448_049,15,9,Boat,560,575,259,268
201807041448_050,16,10,Boat,502,518,260,270
201807041448_051,18,11,Boat,481,499,262,273
201807041448_052,12,8,Boat,497,509,257,265
201807041448_055,5,9,Seamark,406,411,257,266
201807041448_056,6,10,Seamark,406,412,258,268
201807041448_057,7,15,Seamark,322,329,259,274
201807041448_058,8,18,Seamark,189,197,262,280
201807041448_056,38,19,Miscboat,535,573,237,256
201807041448_057,39,22,Miscboat,477,516,237,259
201807041448_058,43,19,Miscboat,390,433,241,260
201807041448_059,30,25,Miscboat,349,379,242,267
201807041448_053,25,17,Boat,432,457,241,258
201807041448_056,47,21,Boat,562,609,236,257
201807041448_059,63,30,Boat,382,445,234,264
201807041448_050,24,16,Motorboat,442,466,239,255
201807041448_051,26,18,Motorboat,449,475,240,258
201807041448_052,29,20,Motorboat,477,506,236,256
201807041448_053,27,16,Motorboat,458,485,241,257
201807041448_054,30,18,Motorboat,498,528,239,257
201807041448_055,33,20,Motorboat,584,617,235,255
201807041448_056,36,23,Motorboat,612,648,234,257
201807041448_057,40,25,Motorboat,560,600,234,259
201807041448_058,50,32,Motorboat,483,533,232,264
201807041448_059,56,29,Motorboat,449,505,233,262
201807041448_060,49,51,Militaryship,970,1019,230,281
201807041448_061,96,126,Militaryship,1019,1115,170,296
201807041448_062,228,256,Militaryship,1017,1245,95,351
201807041448_058,21,53,Sailboat,684,705,208,261
201807041448_059,47,65,Sailboat,676,723,194,259
201807041448_061,58,86,Sailboat,567,625,186,272
201807041448_062,68,110,Sailboat,274,342,171,281
201807041448_063,89,147,Sailboat,194,283,142,289
201807041448_061,17,18,Motorboat,815,832,249,267
201807041448_062,16,19,Motorboat,591,607,249,268
201807041448_063,35,21,Motorboat,613,648,253,274
201807041448_064,50,59,Motorboat,522,572,229,288
201807041448_065,56,47,Motorboat,166,222,258,305
201807041448_061,43,57,Sailboat,889,932,210,267
201807041448_062,59,67,Sailboat,689,748,199,266
201807041448_069,111,45,Motorboat,1145,1256,262,307
201807041448_068,50,221,Sailboat,723,773,85,306
201807041448_069,90,364,Sailboat,938,1028,0,364
201807041448_068,84,27,Motorboat,844,928,252,279
201807041448_069,90,45,Motorboat,1000,1090,252,297
201807041448_071,32,46,Sailboat,696,728,220,266
201807041448_072,43,65,Sailboat,398,441,205,270
201807041448_073,7,17,Seamark,548,555,254,271
201807041448_074,7,20,Seamark,282,289,254,274
201807041448_076,9,26,Seamark,15,24,268,294
201807041448_072,6,22,Seamark,1248,1254,261,283
201807041448_073,9,23,Seamark,1095,1104,257,280
201807041448_074,7,30,Seamark,962,969,253,283
201807041448_075,19,40,Seamark,1073,1092,249,289
201807041448_076,15,51,Seamark,1028,1043,254,305
201807041448_077,19,86,Seamark,949,968,248,334
201807041448_075,4,9,Seamark,874,878,249,258
201807041448_076,7,17,Seamark,686,693,250,267
201807041448_077,7,16,Seamark,405,412,251,267
201807041448_078,6,15,Seamark,400,406,253,268
201807041448_079,8,22,Seamark,278,286,249,271
201807041448_080,7,20,Seamark,316,323,254,274
201807041448_081,6,18,Seamark,266,272,258,276
201807041448_075,4,13,Seamark,1116,1120,249,262
201807041448_076,9,21,Seamark,949,958,247,268
201807041448_077,8,19,Seamark,695,703,246,265
201807041448_078,7,17,Seamark,739,746,250,267
201807041448_079,10,21,Seamark,678,688,246,267
201807041448_080,9,19,Seamark,791,800,251,270
201807041448_081,8,17,Seamark,872,880,256,273
201807041448_078,2,12,Seamark,648,650,249,261
201807041448_079,4,16,Seamark,570,574,246,262
201807041448_080,4,15,Seamark,665,669,248,263
201807041448_081,4,14,Seamark,703,707,249,263
201807041448_076,4,7,Seamark,689,693,255,262
201807041448_079,6,11,Seamark,280,286,257,268
201807041448_081,11,32,Seamark,263,274,251,283
201807041448_082,10,29,Seamark,98,108,260,289
201807041448_083,9,25,Seamark,59,68,269,294
201807041448_076,5,10,Seamark,954,959,255,265
201807041448_079,7,15,Seamark,681,688,249,264
201807041448_080,5,12,Seamark,793,798,256,268
201807041448_082,10,27,Seamark,837,847,253,280
201807041448_083,8,36,Seamark,987,995,253,289
201807041448_079,4,10,Seamark,571,575,249,259
201807041448_082,5,13,Seamark,624,629,252,265
201807041448_083,4,15,Seamark,709,713,249,264
201807041448_078,20,13,Boat,336,356,266,279
201807041448_079,22,14,Boat,354,376,260,274
201807041448_080,24,15,Boat,520,544,257,272
201807041448_081,12,8,Boat,621,633,255,263
201807041448_075,55,21,Motorboat,66,121,277,298
201807041448_076,46,19,Motorboat,146,192,276,295
201807041448_077,33,16,Motorboat,97,130,273,289
201807041448_078,36,18,Boat,329,365,262,280
201807041448_080,14,9,Boat,522,536,259,268
201807041448_082,10,6,Boat,564,574,258,264
201807041448_010,56,22,Boat,975,1031,322,344
201807041448_011,176,82,Motorboat,1099,1275,298,380
201807041448_017,43,16,Miscboat,475,518,251,267
201807041448_020,120,79,Miscboat,1155,1275,251,330
201807041448_035,41,55,Sailboat,266,307,213,268
201807041448_041,36,33,Miscboat,622,658,229,262
201807041448_068,100,61,Passengership,1172,1272,229,290
201807041448_040,26,56,Sailboat,695,721,208,264
201807041448_065,156,265,Sailboat,390,546,55,320
201807041448_064,111,180,Sailboat,702,813,114,294
201807041448_082,6,18,Sailboat,656,662,239,257
201807041448_000,137,33,Passengership,0,137,271,304
201807041448_001,9,7,Motorboat,526,535,262,269
201807041448_003,21,15,Motorboat,513,534,276,291
201807041448_001,10,12,Motorboat,459,469,255,267
201807041448_004,118,46,Motorboat,333,451,327,373
201807041448_004,12,10,Motorboat,489,501,262,272
201807041448_007,55,69,Motorboat,1,56,344,413
201807041448_013,6,6,Motorboat,565,571,256,262
201807041448_023,37,50,Militaryship,914,951,195,245
201807041448_044,2,9,Seamark,269,271,254,263
201807041448_043,5,12,Seamark,1056,1061,247,259
201807041448_044,3,6,Seamark,252,255,257,263
201807041448_045,4,18,Seamark,267,271,261,279
201807041448_045,5,13,Seamark,211,216,259,272
201807041448_055,4,6,Seamark,113,117,268,274
201807041448_063,3,30,Seamark,929,932,260,290
201807041448_064,13,71,Seamark,1207,1220,280,351
201807041448_069,6,16,Seamark,40,46,273,289
201807041448_073,4,9,Seamark,1245,1249,260,269
201807041448_073,4,8,Seamark,1035,1039,256,264
201807041448_076,3,7,Seamark,886,889,255,262
201807041448_082,5,10,Seamark,643,648,251,261
201807041448_082,4,11,Seamark,301,305,256,267
201807041448_000,6,6,Miscellaneous,531,537,260,266
201807041448_006,13,12,Miscellaneous,697,710,245,257
201807041448_012,39,105,Sailboat,349,388,166,271
201807041448_015,15,10,Miscellaneous,585,600,255,265
201807041448_024,43,27,Miscboat,969,1012,258,285
201807041448_024,23,21,Miscboat,948,971,255,276
201807041448_042,6,15,Miscellaneous,1023,1029,245,260
201807041448_042,3,8,Miscellaneous,895,898,245,253
201807041448_048,4,11,Miscellaneous,149,153,261,272
201807041448_048,5,7,Miscellaneous,275,280,262,269
201807041448_051,4,19,Seamark,33,37,268,287
201807041448_054,4,12,Seamark,350,354,257,269
201807041448_075,10,24,Seamark,270,280,255,279
201807041448_075,3,11,Seamark,1064,1067,246,257
201807041448_078,3,10,Seamark,663,666,247,257
201807041448_081,4,9,Seamark,407,411,253,262
201807041448_061,39,70,Sailboat,515,554,201,271
201807041448_062,52,87,Sailboat,211,263,195,282
201807041518_000,26,25,Seamark,684,710,246,271
201807041518_001,7,19,Seamark,827,834,243,262
201807041518_000,4,17,Seamark,224,228,258,275
201807041518_001,6,19,Seamark,295,301,246,265
201807041518_002,17,38,Seamark,242,259,247,285
201807041518_003,8,32,Seamark,50,58,261,293
201807041518_002,14,33,Seamark,861,875,248,281
201807041518_003,11,38,Seamark,849,860,251,289
201807041518_004,18,57,Seamark,816,834,250,307
201807041518_002,12,22,Seamark,849,861,247,269
201807041518_003,36,42,Seamark,834,870,252,294
201807041518_004,36,62,Seamark,808,844,247,309
201807041518_005,12,29,Seamark,800,812,242,271
201807041518_006,9,30,Seamark,832,841,240,270
201807041518_007,14,44,Seamark,834,848,241,285
201807041518_008,46,94,Seamark,901,947,231,325
201807041518_005,26,26,Seamark,795,821,242,268
201807041518_006,23,32,Seamark,823,846,238,270
201807041518_007,7,21,Seamark,762,769,246,267
201807041518_010,49,118,Seamark,298,347,166,284
201807041518_011,17,63,Seamark,816,833,263,326
201807041518_012,10,67,Seamark,904,914,280,347
201807041518_002,15,29,Sailboat,807,822,235,264
201807041518_003,7,22,Sailboat,740,747,237,259
201807041518_004,6,26,Sailboat,598,604,230,256
201807041518_005,16,33,Sailboat,673,689,224,257
201807041518_006,11,37,Sailboat,647,658,214,251
201807041518_007,13,44,Sailboat,568,581,212,256
201807041518_008,27,66,Sailboat,508,535,201,267
201807041518_009,31,82,Sailboat,418,449,187,269
201807041518_011,78,204,Sailboat,77,155,120,324
201807041518_015,31,24,Motorboat,78,109,294,318
201807041518_016,15,9,Motorboat,407,422,268,277
201807041518_017,13,10,Motorboat,494,507,258,268
201807041518_021,26,13,Motorboat,36,62,266,279
201807041518_022,22,13,Motorboat,74,96,268,281
201807041518_021,14,11,Motorboat,274,288,259,270
201807041518_022,15,39,Sailboat,290,305,234,273
201807041518_023,28,57,Sailboat,90,118,237,294
201807041518_024,16,6,Sailboat,17,33,284,290
201807041518_020,26,15,Motorboat,942,968,250,265
201807041518_021,24,8,Motorboat,937,961,254,262
201807041518_022,10,8,Motorboat,1107,1117,255,263
201807041518_023,28,24,Motorboat,1095,1123,245,269
201807041518_024,36,13,Motorboat,1178,1214,261,274
201807041518_022,16,7,Motorboat,922,938,253,260
201807041518_023,18,8,Motorboat,876,894,251,259
201807041518_024,20,9,Motorboat,921,941,256,265
201807041518_025,41,12,Motorboat,904,945,254,266
201807041518_026,45,13,Motorboat,1020,1065,260,273
201807041518_027,43,16,Motorboat,1113,1156,271,287
201807041518_028,48,35,Motorboat,1229,1277,270,305
201807041518_022,23,50,Sailboat,587,610,214,264
201807041518_023,24,54,Sailboat,480,504,212,266
201807041518_024,29,67,Sailboat,471,500,204,271
201807041518_025,24,101,Sailboat,401,425,175,276
201807041518_022,26,47,Sailboat,551,577,217,264
201807041518_023,31,56,Sailboat,437,468,212,268
201807041518_024,43,80,Sailboat,420,463,199,279
201807041518_025,38,91,Sailboat,356,394,186,277
201807041518_026,46,128,Sailboat,392,438,161,289
201807041518_027,57,158,Sailboat,331,388,141,299
201807041518_028,105,238,Sailboat,267,372,70,308
201807041518_026,65,28,Motorboat,164,229,256,284
201807041518_027,52,16,Motorboat,87,139,269,285
201807041518_028,54,29,Motorboat,3,57,265,294
201807041518_022,27,64,Sailboat,481,508,203,267
201807041518_023,35,82,Sailboat,357,392,194,276
201807041518_024,64,85,Sailboat,300,364,189,274
201807041518_025,34,70,Sailboat,258,292,208,278
201807041518_026,39,87,Sailboat,260,299,202,289
201807041518_027,42,95,Sailboat,183,225,198,293
201807041518_028,68,195,Sailboat,86,154,114,309
201807041518_026,69,127,Sailboat,704,773,158,285
201807041518_027,115,178,Sailboat,697,812,116,294
201807041518_028,168,204,Sailboat,662,830,122,326
201807041518_022,28,57,Sailboat,753,781,206,263
201807041518_023,30,62,Sailboat,675,705,203,265
201807041518_024,34,70,Sailboat,691,725,200,270
201807041518_025,39,78,Sailboat,625,664,195,273
201807041518_026,71,100,Sailboat,669,740,187,287
201807041518_025,27,68,Sailboat,664,691,204,272
201807041518_026,52,80,Sailboat,737,789,201,281
201807041518_025,51,103,Sailboat,194,245,178,281
201807041518_026,64,121,Sailboat,181,245,168,289
201807041518_022,24,79,Sailboat,702,726,181,260
201807041518_023,29,97,Sailboat,610,639,167,264
201807041518_024,34,115,Sailboat,616,650,155,270
201807041518_025,51,154,Sailboat,543,594,115,269
201807041518_026,84,188,Sailboat,569,653,99,287
201807041518_027,112,252,Sailboat,541,653,62,314
201807041518_028,161,311,Sailboat,489,650,5,316
201807041518_022,14,72,Sailboat,677,691,192,264
201807041518_023,15,79,Sailboat,584,599,187,266
201807041518_024,16,87,Sailboat,587,603,183,270
201807041518_025,27,121,Sailboat,502,529,152,273
201807041518_026,35,151,Sailboat,543,578,137,288
201807041518_022,20,52,Sailboat,656,676,211,263
201807041518_023,22,58,Sailboat,557,579,208,266
201807041518_024,24,65,Sailboat,555,579,206,271
201807041518_025,19,88,Sailboat,476,495,184,272
201807041518_026,52,131,Sailboat,509,561,154,285
201807041518_027,72,182,Sailboat,460,532,122,304
201807041518_028,100,246,Sailboat,382,482,59,305
201807041518_022,28,67,Sailboat,612,640,197,264
201807041518_023,34,96,Sailboat,517,551,179,275
201807041518_024,36,101,Sailboat,513,549,176,277
201807041518_025,36,100,Sailboat,428,464,174,274
201807041518_026,65,139,Sailboat,443,508,151,290
201807041518_022,20,45,Sailboat,525,545,220,265
201807041518_023,25,57,Sailboat,407,432,215,272
201807041518_024,30,68,Sailboat,390,420,207,275
201807041518_025,58,97,Sailboat,300,358,180,277
201807041518_026,50,120,Sailboat,321,371,166,286
201807041518_027,94,158,Sailboat,189,283,139,297
201807041518_028,98,212,Sailboat,164,262,94,306
201807041518_021,19,46,Sailboat,753,772,216,262
201807041518_022,34,52,Sailboat,876,910,208,260
201807041518_023,38,57,Sailboat,823,861,201,258
201807041518_024,43,64,Sailboat,859,902,202,266
201807041518_025,49,81,Sailboat,844,893,187,268
201807041518_026,55,95,Sailboat,947,1002,182,277
201807041518_027,64,126,Sailboat,1043,1107,162,288
201807041518_020,33,20,Motorboat,725,758,243,263
201807041518_021,26,10,Motorboat,684,710,249,259
201807041518_022,34,13,Motorboat,799,833,248,261
201807041518_023,52,27,Motorboat,722,774,239,266
201807041518_024,52,18,Motorboat,745,797,248,266
201807041518_025,57,24,Motorboat,707,764,241,265
201807041518_026,60,36,Motorboat,794,854,244,280
201807041518_027,53,32,Motorboat,850,903,249,281
201807041518_028,87,50,Motorboat,877,964,239,289
201807041518_019,17,35,Sailboat,369,386,232,267
201807041518_020,23,43,Sailboat,787,810,219,262
201807041518_021,40,75,Sailboat,744,784,198,273
201807041518_028,76,155,Sailboat,1144,1220,145,300
201807041518_032,11,26,Seamark,805,816,247,273
201807041518_033,6,20,Seamark,767,773,254,274
201807041518_034,6,20,Seamark,742,748,250,270
201807041518_035,21,37,Seamark,659,680,245,282
201807041518_036,8,30,Seamark,387,395,256,286
201807041518_030,4,18,Seamark,1007,1011,250,268
201807041518_031,8,20,Seamark,961,969,253,273
201807041518_032,16,33,Seamark,1101,1117,249,282
201807041518_033,14,32,Seamark,1111,1125,254,286
201807041518_034,13,29,Seamark,1157,1170,252,281
201807041518_035,22,45,Seamark,1185,1207,253,298
201807041518_036,13,51,Seamark,1121,1134,254,305
201807041518_037,31,101,Seamark,1131,1162,247,348
201807041518_039,7,29,Seamark,123,130,259,288
201807041518_040,9,32,Seamark,34,43,263,295
201807041518_038,12,29,Seamark,733,745,247,276
201807041518_039,7,36,Seamark,725,732,241,277
201807041518_040,8,32,Seamark,891,899,255,287
201807041518_041,32,90,Seamark,989,1021,240,330
201807041518_032,38,19,Motorboat,184,222,272,291
201807041518_033,35,15,Motorboat,304,339,269,284
201807041518_034,38,13,Motorboat,460,498,268,281
201807041518_035,44,24,Motorboat,591,635,264,288
201807041518_036,35,18,Motorboat,591,626,266,284
201807041518_037,28,12,Motorboat,598,626,268,280
201807041518_038,24,17,Motorboat,486,510,267,284
201807041518_039,15,13,Motorboat,543,558,266,279
201807041518_040,14,11,Motorboat,708,722,264,275
201807041518_041,17,17,Motorboat,639,656,258,275
201807041518_042,7,9,Motorboat,529,536,261,270
201807041518_043,21,15,Motorboat,508,529,256,271
201807041518_044,19,14,Motorboat,611,630,256,270
201807041518_045,14,9,Motorboat,679,693,259,268
201807041518_046,9,6,Motorboat,711,720,260,266
201807041518_047,13,12,Motorboat,673,686,256,268
201807041518_048,11,8,Motorboat,779,790,257,265
201807041518_049,10,7,Motorboat,702,712,257,264
201807041518_050,13,14,Motorboat,732,745,255,269
201807041518_051,9,10,Motorboat,857,866,257,267
201807041518_052,8,9,Motorboat,925,933,258,267
201807041518_038,297,172,Passengership,1,298,168,340
201807041518_039,184,90,Passengership,305,489,216,306
201807041518_040,83,70,Passengership,729,812,212,282
201807041518_041,53,70,Passengership,781,834,214,284
201807041518_042,30,30,Passengership,670,700,242,272
201807041518_043,39,26,Passengership,650,689,240,266
201807041518_044,39,39,Passengership,735,774,230,269
201807041518_045,29,17,Passengership,747,776,248,265
201807041518_046,29,12,Passengership,748,777,251,263
201807041518_047,39,32,Passengership,689,728,236,268
201807041518_048,45,20,Passengership,795,840,241,261
201807041518_049,32,12,Passengership,730,762,248,260
201807041518_050,35,24,Passengership,781,816,241,265
201807041518_051,48,16,Passengership,915,963,245,261
201807041518_052,50,14,Passengership,1038,1088,249,263
201807041518_053,51,31,Passengership,1027,1078,239,270
201807041518_054,48,29,Passengership,1031,1079,240,269
201807041518_055,17,21,Passengership,1043,1060,247,268
201807041518_056,23,20,Passengership,1089,1112,246,266
201807041518_057,16,18,Passengership,1075,1091,248,266
201807041518_058,34,15,Passengership,991,1025,247,262
201807041518_059,41,21,Passengership,940,981,243,264
201807041518_061,8,8,Passengership,522,530,256,264
201807041518_062,15,12,Passengership,417,432,256,268
201807041518_052,12,7,Motorboat,943,955,257,264
201807041518_053,25,16,Motorboat,722,747,252,268
201807041518_054,25,10,Motorboat,477,502,261,271
201807041518_055,26,33,Motorboat,3,29,279,312
201807041518_053,15,14,Motorboat,896,911,255,269
201807041518_054,11,7,Motorboat,915,926,259,266
201807041518_055,10,7,Motorboat,953,963,259,266
201807041518_056,13,12,Motorboat,1048,1061,258,270
201807041518_057,10,8,Motorboat,1082,1092,263,271
201807041518_058,9,7,Motorboat,1076,1085,262,269
201807041518_059,14,13,Motorboat,1106,1120,258,271
201807041518_041,29,38,Cruiseship,868,897,226,264
201807041518_042,39,53,Cruiseship,713,752,214,267
201807041518_043,34,45,Cruiseship,678,712,218,263
201807041518_044,27,36,Cruiseship,695,722,223,259
201807041518_045,19,32,Cruiseship,652,671,223,255
201807041518_046,20,33,Cruiseship,616,636,223,256
201807041518_047,31,42,Cruiseship,513,544,221,263
201807041518_048,26,41,Cruiseship,540,566,217,258
201807041518_049,25,40,Cruiseship,372,397,219,259
201807041518_050,29,50,Cruiseship,322,351,217,267
201807041518_051,29,54,Cruiseship,326,355,207,261
201807041518_052,31,57,Cruiseship,257,288,208,265
201807041518_053,35,63,Cruiseship,67,102,217,280
201807041518_044,13,23,Seamark,189,202,256,279
201807041518_045,6,23,Seamark,56,62,264,287
201807041518_044,14,30,Seamark,807,821,247,277
201807041518_045,3,29,Seamark,803,806,249,278
201807041518_046,11,30,Seamark,794,805,252,282
201807041518_047,21,53,Seamark,735,756,247,300
201807041518_048,31,91,Seamark,879,910,252,343
201807041518_047,10,19,Seamark,790,800,247,266
201807041518_048,6,18,Seamark,849,855,247,265
201807041518_049,5,16,Seamark,722,727,249,265
201807041518_050,10,27,Seamark,713,723,248,275
201807041518_051,8,32,Seamark,794,802,247,279
201807041518_052,18,54,Seamark,858,876,248,302
201807041518_053,7,22,Seamark,818,825,251,273
201807041518_054,5,21,Seamark,762,767,256,277
201807041518_057,11,44,Seamark,794,805,247,291
201807041518_058,16,55,Seamark,773,789,248,303
201807041518_059,60,148,Seamark,893,953,237,385
201807041518_053,13,21,Seamark,850,863,248,269
201807041518_054,4,19,Seamark,789,793,250,269
201807041518_055,9,20,Seamark,740,749,253,273
201807041518_056,22,39,Seamark,781,803,243,282
201807041518_049,61,28,Militaryship,1039,1100,231,259
201807041518_050,83,44,Militaryship,1042,1125,225,269
201807041518_051,94,49,Militaryship,1128,1222,223,272
201807041518_052,60,47,Militaryship,1197,1257,223,270
201807041518_053,89,68,Militaryship,1111,1200,206,274
201807041518_054,114,69,Militaryship,1056,1170,200,269
201807041518_055,64,65,Militaryship,1064,1128,208,273
201807041518_056,130,95,Militaryship,1151,1281,189,284
201807041518_057,88,83,Militaryship,1193,1281,201,284
201807041518_058,155,97,Militaryship,1121,1276,191,288
201807041518_056,14,28,Seamark,1111,1125,265,293
201807041518_057,11,28,Seamark,1219,1230,275,303
201807041518_056,17,51,Seamark,787,804,261,312
201807041518_057,13,82,Seamark,875,888,275,357
201807041518_053,27,13,Motorboat,656,683,252,265
201807041518_054,30,14,Motorboat,540,570,253,267
201807041518_055,33,15,Motorboat,437,470,254,269
201807041518_056,37,21,Motorboat,427,464,253,274
201807041518_057,41,23,Motorboat,363,404,255,278
201807041518_058,45,15,Motorboat,235,280,264,279
201807041518_059,55,28,Motorboat,95,150,266,294
201807041518_059,18,41,Seamark,1089,1107,260,301
201807041518_060,7,38,Seamark,1110,1117,273,311
201807041518_061,19,61,Seamark,993,1012,284,345
201807041518_059,9,25,Seamark,1188,1197,250,275
201807041518_060,15,30,Seamark,1085,1100,250,280
201807041518_061,16,31,Seamark,754,770,247,278
201807041518_062,15,28,Seamark,737,752,251,279
201807041518_063,16,31,Seamark,684,700,253,284
201807041518_064,16,31,Seamark,827,843,251,282
201807041518_065,17,31,Seamark,745,762,251,282
201807041518_066,7,27,Seamark,864,871,257,284
201807041518_061,376,185,Militaryship,900,1276,118,303
201807041518_062,345,191,Militaryship,936,1281,137,328
201807041518_061,21,17,Motorboat,392,413,248,265
201807041518_062,24,30,Motorboat,356,380,243,273
201807041518_063,23,24,Passengership,242,265,250,274
201807041518_064,56,40,Passengership,163,219,249,289
201807041518_064,10,33,Seamark,879,889,255,288
201807041518_065,26,76,Seamark,907,933,250,326
201807041518_066,29,104,Seamark,1213,1242,272,376
201807041518_061,53,13,Miscboat,835,888,253,266
201807041518_062,58,14,Miscboat,826,884,254,268
201807041518_063,65,15,Miscboat,779,844,254,269
201807041518_064,72,27,Miscboat,969,1041,250,277
201807041518_065,104,50,Miscboat,954,1058,239,289
201807041518_064,36,13,Motorboat,906,942,258,271
201807041518_065,63,23,Motorboat,856,919,258,281
201807041518_066,63,23,Motorboat,993,1056,258,281
201807041518_067,92,32,Motorboat,1097,1189,264,296
201807041518_064,69,22,Motorboat,942,1011,253,275
201807041518_065,89,28,Motorboat,917,1006,248,276
201807041518_066,103,38,Motorboat,1057,1160,254,292
201807041518_067,81,45,Motorboat,1193,1274,262,307
201807041518_062,6,14,Seamark,481,487,252,266
201807041518_063,7,15,Seamark,400,407,252,267
201807041518_064,8,16,Seamark,511,519,249,265
201807041518_065,14,20,Seamark,385,399,254,274
201807041518_019,19,16,Motorboat,1041,1060,243,259
201807041518_019,22,6,Boat,389,411,260,266
201807041518_019,12,7,Boat,505,517,256,263
201807041518_027,21,13,Boat,1159,1180,274,287
201807041518_029,25,11,Boat,468,493,264,275
201807041518_030,29,7,Boat,156,185,275,282
201807041518_063,114,46,Miscboat,899,1013,238,284
201807041518_022,14,66,Sailboat,641,655,197,263
201807041518_025,16,98,Sailboat,332,348,178,276
201807041518_026,39,102,Sailboat,374,413,183,285
201807041518_026,36,75,Sailboat,294,330,210,285
201807041518_029,94,235,Sailboat,1115,1209,99,334
201807041518_029,69,175,Sailboat,1036,1105,151,326
201807041518_029,72,168,Sailboat,1204,1276,173,341
201807041518_029,163,245,Sailboat,874,1037,72,317
201807041518_029,31,79,Sailboat,433,464,203,282
201807041518_029,48,78,Sailboat,507,555,198,276
201807041518_029,22,54,Sailboat,322,344,226,280
201807041518_029,20,39,Sailboat,200,220,237,276
201807041518_038,28,87,Sailboat,1105,1133,199,286
201807041518_067,11,68,Sailboat,102,113,214,282
201807041518_029,23,14,Motorboat,246,269,265,279
201807041518_029,51,27,Motorboat,568,619,249,276
201807041518_055,65,57,Militaryship,1128,1193,217,274
201807041518_067,28,20,Miscboat,1011,1039,252,272
201807041518_009,15,29,Seamark,780,795,253,282
201807041518_027,196,285,Sailboat,450,646,18,303
201807041518_029,8,17,Seamark,123,131,262,279
201807041518_030,6,21,Seamark,115,121,263,284
201807041518_030,5,16,Seamark,762,767,250,266
201807041518_031,3,12,Seamark,693,696,253,265
201807041518_032,17,37,Seamark,33,50,264,301
201807041518_040,4,10,Seamark,982,986,253,263
201807041518_041,10,17,Seamark,548,558,248,265
201807041518_053,67,179,Seamark,961,1028,236,415
201807041518_056,13,23,Seamark,969,982,254,277
201807041518_058,4,15,Seamark,986,990,266,281
201807041518_057,1,14,Seamark,993,994,263,277
201807041518_061,5,30,Seamark,36,41,255,285
201807041518_061,5,27,Seamark,86,91,253,280
201807041518_059,12,16,Seamark,1047,1059,250,266
201807041518_061,4,24,Seamark,148,152,251,275
201807041518_061,5,23,Seamark,130,135,252,275
201807041518_026,19,17,Seamark,164,183,296,313
201807041518_029,41,42,Seamark,46,87,366,408
201807041518_033,5,30,Seamark,1118,1123,257,287
201807041518_032,11,23,Seamark,1170,1181,249,272
201807041518_033,4,12,Seamark,1152,1156,261,273
201807041518_035,15,33,Seamark,1101,1116,243,276
201807041518_036,4,16,Seamark,898,902,249,265
201807041518_037,5,19,Seamark,588,593,247,266
201807041518_000,6,5,Boat,651,657,256,261
201807041518_029,15,17,Miscellaneous,195,210,334,351
201807041518_029,11,10,Miscellaneous,495,506,305,315
201807041518_029,27,25,Miscellaneous,34,61,299,324
201807041518_047,12,12,Miscellaneous,488,500,311,323
201807041548_001,6,32,Seamark,754,760,252,284
201807041548_002,19,72,Seamark,1179,1198,255,327
201807041548_003,42,27,Miscellaneous,671,713,244,271
201807041548_004,81,105,Miscellaneous,790,871,181,286
201807041548_003,36,39,Militaryship,438,474,234,273
201807041548_004,65,104,Militaryship,387,452,173,277
201807041548_005,118,171,Militaryship,180,298,137,308
201807041548_005,12,13,Motorboat,511,523,254,267
201807041548_006,16,16,Motorboat,433,449,257,273
201807041548_007,43,41,Motorboat,338,381,264,305
201807041548_003,35,46,Cruiseship,480,515,217,263
201807041548_004,56,61,Cruiseship,458,514,204,265
201807041548_005,82,83,Cruiseship,361,443,191,274
201807041548_006,112,104,Cruiseship,267,379,175,279
201807041548_007,204,143,Cruiseship,179,383,148,291
201807041548_008,345,327,Cruiseship,1,346,1,328
201807041548_009,84,235,Cruiseship,1,85,87,322
201807041548_006,31,36,Militaryship,383,414,233,269
201807041548_007,45,40,Militaryship,402,447,234,274
201807041548_008,86,92,Militaryship,406,492,192,284
201807041548_009,102,121,Militaryship,236,338,176,297
201807041548_010,187,141,Militaryship,40,227,173,314
201807041548_007,21,42,Militaryship,378,399,233,275
201807041548_008,83,84,Militaryship,329,412,206,290
201807041548_009,141,68,Militaryship,85,226,227,295
201807041548_010,55,26,Miscboat,281,336,258,284
201807041548_011,101,63,Miscboat,29,130,250,313
201807041548_007,19,6,Motorboat,524,543,258,264
201807041548_008,20,20,Motorboat,601,621,245,265
201807041548_009,19,19,Motorboat,512,531,247,266
201807041548_010,18,18,Motorboat,457,475,251,269
201807041548_011,26,16,Motorboat,343,369,256,272
201807041548_012,36,22,Motorboat,342,378,258,280
201807041548_013,36,23,Motorboat,228,264,264,287
201807041548_014,100,51,Motorboat,139,239,256,307
201807041548_015,75,54,Motorboat,1,76,272,326
201807041548_010,31,18,Motorboat,433,464,254,272
201807041548_011,40,16,Motorboat,308,348,264,280
201807041548_012,56,25,Motorboat,284,340,261,286
201807041548_013,71,28,Motorboat,137,208,267,295
201807041548_014,95,40,Motorboat,1,96,283,323
201807041548_010,41,15,Motorboat,687,728,253,268
201807041548_011,54,25,Motorboat,446,500,252,277
201807041548_004,46,94,Sailboat,507,553,166,260
201807041548_005,66,114,Sailboat,431,497,150,264
201807041548_006,94,161,Sailboat,381,475,121,282
201807041548_007,88,150,Sailboat,441,529,114,264
201807041548_008,122,178,Sailboat,484,606,90,268
201807041548_009,109,234,Sailboat,390,499,37,271
201807041548_010,162,257,Sailboat,279,441,14,271
201807041548_011,244,290,Sailboat,83,327,1,291
201807041548_012,295,305,Sailboat,-1,294,4,309
201807041548_013,139,308,Sailboat,13,152,2,310
201807041548_016,29,8,Ferry,378,407,253,261
201807041548_017,25,12,Ferry,652,677,247,259
201807041548_018,23,11,Ferry,616,639,250,261
201807041548_019,21,10,Ferry,640,661,250,260
201807041548_020,52,14,Ferry,713,765,247,261
201807041548_021,48,14,Ferry,727,775,249,263
201807041548_022,44,13,Ferry,665,709,250,263
201807041548_023,48,14,Ferry,578,626,250,264
201807041548_024,53,15,Ferry,507,560,250,265
201807041548_025,35,20,Ferry,414,449,250,270
201807041548_007,17,32,Sailboat,620,637,228,260
201807041548_008,19,49,Sailboat,709,728,215,264
201807041548_009,25,55,Sailboat,630,655,207,262
201807041548_010,24,52,Sailboat,591,615,210,262
201807041548_011,29,63,Sailboat,519,548,204,267
201807041548_012,25,62,Sailboat,568,593,203,265
201807041548_013,31,75,Sailboat,495,526,193,268
201807041548_014,43,100,Sailboat,589,632,174,274
201807041548_015,41,103,Sailboat,591,632,167,270
201807041548_016,47,125,Sailboat,493,540,150,275
201807041548_017,75,185,Sailboat,726,801,106,291
201807041548_018,100,260,Sailboat,725,825,44,304
201807041548_019,206,347,Sailboat,802,1008,8,355
201807041548_020,177,298,Motorboat,1103,1280,142,440
201807041548_017,13,8,Boat,614,627,254,262
201807041548_018,13,8,Boat,556,569,256,264
201807041548_019,11,10,Boat,543,554,248,258
201807041548_019,29,53,Sailboat,486,515,213,266
201807041548_020,36,66,Sailboat,548,584,203,269
201807041548_021,40,74,Sailboat,540,580,199,273
201807041548_022,74,109,Sailboat,447,521,164,273
201807041548_023,93,138,Sailboat,356,449,142,280
201807041548_024,65,152,Sailboat,305,370,135,287
201807041548_025,89,119,Sailboat,246,335,164,283
201807041548_026,77,103,Sailboat,280,357,163,266
201807041548_027,97,129,Sailboat,212,309,151,280
201807041548_028,88,135,Sailboat,174,262,157,292
201807041548_023,98,163,Sailboat,135,233,141,304
201807041548_024,232,253,Miscboat,934,1166,98,351
201807041548_025,54,192,Sailboat,6,60,123,315
201807041548_026,60,215,Sailboat,67,127,104,319
201807041548_027,67,240,Sailboat,59,126,93,333
201807041548_028,69,167,Sailboat,25,94,148,315
201807041548_019,43,54,Sailboat,443,486,213,267
201807041548_020,51,65,Sailboat,496,547,204,269
201807041548_021,57,73,Sailboat,479,536,197,270
201807041548_022,58,106,Sailboat,399,457,174,280
201807041548_023,88,116,Sailboat,289,377,169,285
201807041548_024,104,138,Sailboat,187,291,159,297
201807041548_025,137,200,Sailboat,108,245,95,295
201807041548_026,99,169,Sailboat,108,207,134,303
201807041548_027,108,188,Sailboat,2,110,122,310
201807041548_019,21,39,Sailboat,515,536,224,263
201807041548_020,24,46,Sailboat,583,607,219,265
201807041548_021,34,67,Sailboat,579,613,210,277
201807041548_022,29,60,Sailboat,521,550,209,269
201807041548_022,66,23,Motorboat,273,339,267,290
201807041548_023,98,31,Motorboat,96,194,277,308
201807041548_019,30,36,Miscboat,686,716,233,269
201807041548_020,39,59,Miscboat,775,814,217,276
201807041548_021,50,76,Miscboat,800,850,208,284
201807041548_022,68,59,Miscboat,842,910,231,290
201807041548_023,115,156,Miscboat,851,966,155,311
201807041548_020,18,18,Motorboat,754,772,251,269
201807041548_021,20,20,Motorboat,771,791,252,272
201807041548_022,18,18,Motorboat,783,801,259,277
201807041548_023,30,31,Motorboat,754,784,253,284
201807041548_024,32,25,Motorboat,762,794,264,289
201807041548_025,42,38,Motorboat,751,793,265,303
201807041548_026,117,119,Motorboat,918,1035,262,381
201807041548_022,49,24,Motorboat,768,817,254,278
201807041548_023,21,19,Motorboat,736,757,258,277
201807041548_024,23,21,Motorboat,734,757,261,282
201807041548_025,29,24,Motorboat,703,732,265,289
201807041548_026,53,48,Motorboat,799,852,271,319
201807041548_027,110,85,Motorboat,959,1069,301,386
201807041548_026,35,36,Motorboat,746,781,261,297
201807041548_027,42,43,Motorboat,797,839,272,315
201807041548_028,100,76,Motorboat,871,971,283,359
201807041548_023,27,30,Motorboat,708,735,242,272
201807041548_024,35,38,Motorboat,695,730,241,279
201807041548_025,46,51,Motorboat,646,692,237,288
201807041548_026,50,53,Motorboat,720,770,239,292
201807041548_027,69,76,Motorboat,740,809,231,307
201807041548_028,88,133,Motorboat,777,865,211,344
201807041548_026,11,11,Boat,539,550,261,272
201807041548_027,14,10,Boat,471,485,269,279
201807041548_028,21,16,Boat,396,417,276,292
201807041548_023,16,22,Passengership,690,706,242,264
201807041548_024,30,43,Passengership,670,700,229,272
201807041548_025,28,40,Passengership,618,646,231,271
201807041548_026,26,37,Passengership,682,708,234,271
201807041548_027,30,22,Passengership,663,693,248,270
201807041548_028,31,31,Passengership,659,690,243,274
201807041548_029,111,107,Passengership,705,816,206,313
201807041548_030,195,169,Passengership,846,1041,189,358
201807041548_032,122,196,Motorboat,728,850,154,350
201807041548_033,259,264,Motorboat,1017,1276,266,530
201807041548_016,14,49,Sailboat,423,437,212,261
201807041548_019,11,66,Sailboat,661,672,197,263
201807041548_020,20,72,Sailboat,740,760,193,265
201807041548_022,26,99,Sailboat,747,773,168,267
201807041548_023,20,107,Sailboat,699,719,160,267
201807041548_024,39,128,Sailboat,693,732,143,271
201807041548_025,62,155,Sailboat,636,698,124,279
201807041548_026,41,201,Sailboat,702,743,79,280
201807041548_027,39,285,Sailboat,710,749,10,295
201807041548_028,74,310,Sailboat,733,807,1,311
201807041548_029,341,524,Passengership,939,1280,1,525
201807041548_028,36,21,Motorboat,314,350,252,273
201807041548_029,105,54,Motorboat,52,157,254,308
201807041548_030,74,36,Motorboat,2,76,273,309
201807041548_020,23,11,Ferry,721,744,251,262
201807041548_021,25,12,Ferry,728,753,250,262
201807041548_022,28,13,Ferry,660,688,249,262
201807041548_025,73,19,Ferry,388,461,252,271
201807041548_026,31,29,Passengership,467,498,237,266
201807041548_027,19,19,Passengership,427,446,246,265
201807041548_028,28,33,Passengership,402,430,234,267
201807041548_029,57,53,Passengership,280,337,229,282
201807041548_030,65,36,Passengership,288,353,243,279
201807041548_031,99,76,Passengership,48,147,224,300
201807041548_028,19,15,Passengership,451,470,248,263
201807041548_029,34,29,Passengership,383,417,245,274
201807041548_030,36,23,Passengership,426,462,248,271
201807041548_031,54,42,Passengership,262,316,239,281
201807041548_032,88,77,Passengership,95,183,217,294
201807041548_033,127,65,Passengership,7,134,238,303
201807041548_034,92,70,Passengership,4,96,243,313
201807041548_032,35,27,Motorboat,197,232,260,287
201807041548_033,34,26,Motorboat,160,194,264,290
201807041548_034,62,46,Motorboat,102,164,254,300
201807041548_030,21,24,Motorboat,726,747,247,271
201807041548_031,32,44,Motorboat,641,673,237,281
201807041548_032,66,65,Motorboat,649,715,237,302
201807041548_033,114,88,Motorboat,729,843,239,327
201807041548_034,267,187,Motorboat,913,1180,227,414
201807041548_029,36,28,Passengership,416,452,241,269
201807041548_030,36,25,Passengership,465,501,242,267
201807041548_031,51,31,Passengership,321,372,241,272
201807041548_032,76,53,Passengership,219,295,232,285
201807041548_033,95,35,Passengership,196,291,247,282
201807041548_034,123,61,Passengership,171,294,234,295
201807041548_029,15,13,Motorboat,451,466,253,266
201807041548_030,16,14,Motorboat,504,520,252,266
201807041548_031,18,15,Motorboat,375,393,254,269
201807041548_032,27,23,Motorboat,314,341,254,277
201807041548_033,29,18,Motorboat,331,360,256,274
201807041548_034,38,19,Motorboat,352,390,256,275
201807041548_035,49,36,Motorboat,138,187,258,294
201807041548_037,49,22,Motorboat,817,866,255,277
201807041548_038,47,20,Motorboat,857,904,260,280
201807041548_039,56,24,Motorboat,922,978,266,290
201807041548_040,61,26,Motorboat,838,899,269,295
201807041548_034,35,29,Motorboat,512,547,240,269
201807041548_035,52,38,Motorboat,333,385,237,275
201807041548_036,57,29,Motorboat,228,285,250,279
201807041548_037,73,49,Motorboat,180,253,237,286
201807041548_038,88,58,Motorboat,1,89,251,309
201807041548_034,28,18,Motorboat,548,576,249,267
201807041548_035,32,24,Motorboat,387,419,248,272
201807041548_036,33,20,Motorboat,289,322,253,273
201807041548_037,45,25,Motorboat,267,312,256,281
201807041548_038,79,43,Motorboat,102,181,257,300
201807041548_039,65,37,Motorboat,0,65,266,303
201807041548_039,75,47,Motorboat,945,1020,263,310
201807041548_040,133,65,Motorboat,900,1033,266,331
201807041548_042,139,57,Motorboat,499,638,260,317
201807041548_043,226,143,Motorboat,917,1143,240,383
201807041548_041,177,96,Passengership,869,1046,203,299
201807041548_042,162,76,Passengership,2,164,226,302
201807041548_043,205,123,Passengership,236,441,187,310
201807041548_044,298,241,Passengership,983,1281,129,370
201807041548_043,49,40,Motorboat,179,228,264,304
201807041548_044,68,62,Motorboat,920,988,258,320
201807041548_044,55,39,Motorboat,265,320,250,289
201807041548_045,88,41,Motorboat,86,174,259,300
201807041548_046,40,31,Motorboat,10,50,268,299
201807041548_047,94,67,Motorboat,17,111,257,324
201807041548_044,24,22,Motorboat,402,426,252,274
201807041548_045,28,26,Motorboat,315,343,250,276
201807041548_046,36,21,Motorboat,127,163,265,286
201807041548_047,60,41,Motorboat,267,327,257,298
201807041548_044,44,13,Ferry,656,700,253,266
201807041548_045,47,13,Ferry,568,615,252,265
201807041548_046,52,14,Ferry,397,449,254,268
201807041548_047,76,26,Ferry,594,670,246,272
201807041548_044,26,21,Miscboat,487,513,245,266
201807041548_045,29,23,Miscboat,425,454,243,266
201807041548_046,37,19,Miscboat,286,323,250,269
201807041548_044,28,25,Passengership,463,491,243,268
201807041548_045,32,29,Passengership,397,429,240,269
201807041548_046,31,22,Passengership,252,283,252,274
201807041548_047,51,44,Passengership,479,530,234,278
201807041548_044,20,24,Miscboat,448,468,246,270
201807041548_045,25,29,Miscboat,376,401,242,271
201807041548_046,29,27,Miscboat,219,248,250,277
201807041548_047,64,48,Miscboat,419,483,238,286
201807041548_044,28,25,Miscboat,426,454,249,274
201807041548_045,31,28,Miscboat,351,382,249,277
201807041548_046,40,18,Miscboat,176,216,263,281
201807041548_047,63,42,Miscboat,358,421,247,289
201807041548_044,45,44,Passengership,750,795,237,281
201807041548_045,42,40,Passengership,743,785,240,280
201807041548_046,64,60,Passengership,648,712,230,290
201807041548_047,130,160,Passengership,997,1127,172,332
201807041548_001,29,15,Motorboat,1171,1200,256,271
201807041548_001,29,9,Motorboat,1140,1169,260,269
201807041548_001,36,14,Motorboat,1205,1241,258,272
201807041548_001,18,13,Motorboat,944,962,257,270
201807041548_002,8,10,Motorboat,36,44,267,277
201807041548_015,24,24,Motorboat,103,127,281,305
201807041548_019,9,8,Motorboat,557,566,250,258
201807041548_026,39,52,Motorboat,893,932,298,350
201807041548_030,50,43,Motorboat,771,821,252,295
201807041548_031,164,105,Motorboat,778,942,234,339
201807041548_031,45,44,Motorboat,734,779,262,306
201807041548_031,39,29,Motorboat,676,715,259,288
201807041548_039,81,27,Motorboat,384,465,248,275
201807041548_041,29,22,Boat,494,523,272,294
201807041548_044,9,5,Boat,613,622,256,261
201807041548_044,6,8,Boat,602,608,254,262
201807041548_001,47,91,Sailboat,988,1035,180,271
201807041548_019,37,64,Sailboat,405,442,207,271
201807041548_028,83,163,Sailboat,98,181,145,308
201807041548_044,36,47,Sailboat,639,675,211,258
201807041548_047,28,54,Sailboat,859,887,219,273
201807041548_047,47,108,Sailboat,882,929,177,285
201807041548_031,288,250,Passengership,985,1273,229,479
201807041548_028,34,45,Passengership,695,729,240,285
201807041548_041,40,32,Passengership,565,605,239,271
201807041548_014,72,46,Motorboat,108,180,258,304
201807041548_023,65,32,Motorboat,213,278,267,299
201807041548_038,201,260,Motorboat,1080,1281,215,475
201807041548_041,95,90,Motorboat,214,309,257,347
201807041548_041,56,37,Motorboat,815,871,251,288
201807041548_010,50,40,Militaryship,227,277,249,289
201807041548_045,139,127,Miscboat,1139,1278,261,388
201807041618_000,114,65,Passengership,76,190,239,304
201807041618_001,34,90,Passengership,1,35,231,321
201807041618_000,163,111,Miscboat,909,1072,220,331
201807041618_001,165,142,Miscboat,1116,1281,244,386
201807041618_000,68,112,Miscboat,801,869,178,290
201807041618_001,122,130,Miscboat,865,987,188,318
201807041618_002,155,262,Miscboat,1126,1281,109,371
201807041618_000,129,39,Ferry,208,337,252,291
201807041618_001,165,53,Ferry,94,259,250,303
201807041618_002,213,83,Ferry,5,218,244,327
201807041618_002,214,182,Passengership,103,317,123,305
201807041618_003,106,93,Passengership,1,107,222,315
201807041618_001,69,125,Sailboat,635,704,159,284
201807041618_002,122,163,Sailboat,790,912,131,294
201807041618_003,149,248,Sailboat,813,962,70,318
201807041618_004,227,365,Sailboat,1054,1281,1,366
201807041618_005,195,345,Sailboat,1086,1281,1,346
201807041618_006,171,321,Sailboat,1016,1187,1,322
201807041618_007,122,189,Sailboat,901,1023,105,294
201807041618_008,156,241,Sailboat,925,1081,70,311
201807041618_001,21,33,Motorboat,375,396,241,274
201807041618_002,44,42,Motorboat,431,475,238,280
201807041618_003,49,49,Motorboat,317,366,238,287
201807041618_004,101,84,Motorboat,241,342,227,311
201807041618_005,192,147,Motorboat,6,198,204,351
201807041618_001,13,11,Motorboat,411,424,259,270
201807041618_002,17,18,Motorboat,495,512,257,275
201807041618_003,18,19,Motorboat,401,419,259,278
201807041618_004,35,21,Motorboat,431,466,266,287
201807041618_005,48,32,Motorboat,377,425,269,301
201807041618_006,86,40,Motorboat,124,210,288,328
201807041618_001,37,146,Sailboat,339,376,133,279
201807041618_002,48,178,Sailboat,395,443,103,281
201807041618_003,61,220,Sailboat,257,318,70,290
201807041618_004,129,322,Sailboat,114,243,1,323
201807041618_004,19,11,Motorboat,491,510,270,281
201807041618_005,24,21,Motorboat,464,488,269,290
201807041618_001,16,12,Motorboat,432,448,256,268
201807041618_002,17,15,Motorboat,526,543,255,270
201807041618_003,19,16,Motorboat,439,458,255,271
201807041618_004,23,19,Motorboat,508,531,260,279
201807041618_005,34,28,Motorboat,486,520,257,285
201807041618_006,55,37,Motorboat,337,392,266,303
201807041618_007,87,62,Motorboat,-4,83,284,346
201807041618_005,103,149,Sailboat,937,1040,156,305
201807041618_007,184,282,Sailboat,1021,1205,45,327
201807041618_004,32,31,Miscboat,560,592,240,271
201807041618_005,37,36,Miscboat,564,601,238,274
201807041618_006,45,47,Miscboat,470,515,232,279
201807041618_007,63,60,Miscboat,281,344,235,295
201807041618_008,139,108,Miscboat,1,140,218,326
201807041618_006,98,320,Sailboat,1128,1226,29,349
201807041618_008,20,18,Motorboat,402,422,253,271
201807041618_009,22,20,Motorboat,466,488,254,274
201807041618_010,33,30,Motorboat,298,331,253,283
201807041618_011,53,49,Motorboat,257,310,245,294
201807041618_012,61,42,Motorboat,187,248,259,301
201807041618_013,94,86,Motorboat,2,96,241,327
201807041618_008,8,9,Motorboat,575,583,253,262
201807041618_009,13,12,Motorboat,673,686,254,266
201807041618_010,12,11,Motorboat,559,571,257,268
201807041618_011,22,20,Motorboat,572,594,256,276
201807041618_012,28,19,Motorboat,520,548,269,288
201807041618_013,87,62,Motorboat,245,332,278,340
201807041618_013,12,7,Boat,544,556,264,271
201807041618_014,18,14,Boat,510,528,266,280
201807041618_015,27,18,Boat,350,377,281,299
201807041618_005,24,48,Sailboat,682,706,216,264
201807041618_006,27,56,Sailboat,613,640,210,266
201807041618_007,31,65,Sailboat,484,515,206,271
201807041618_008,29,75,Sailboat,421,450,195,270
201807041618_009,36,92,Sailboat,491,527,185,277
201807041618_010,45,127,Sailboat,330,375,151,278
201807041618_011,85,201,Sailboat,304,389,81,282
201807041618_012,96,200,Sailboat,251,347,98,298
201807041618_013,135,268,Sailboat,106,241,44,312
201807041618_014,101,338,Sailboat,1,102,1,339
201807041618_014,22,21,Motorboat,765,787,254,275
201807041618_015,24,23,Motorboat,780,804,255,278
201807041618_016,26,25,Motorboat,814,840,255,280
201807041618_017,42,39,Motorboat,811,853,256,295
201807041618_018,86,62,Motorboat,988,1074,269,331
201807041618_019,203,84,Motorboat,1075,1278,281,365
201807041618_005,46,81,Sailboat,847,893,176,257
201807041618_006,55,111,Sailboat,788,843,155,266
201807041618_007,54,107,Sailboat,679,733,155,262
201807041618_008,54,105,Sailboat,646,700,151,256
201807041618_009,79,126,Sailboat,738,817,135,261
201807041618_010,82,130,Sailboat,637,719,128,258
201807041618_011,86,136,Sailboat,713,799,118,254
201807041618_012,87,150,Sailboat,750,837,102,252
201807041618_013,108,177,Sailboat,742,850,82,259
201807041618_014,111,182,Sailboat,773,884,75,257
201807041618_015,116,209,Sailboat,786,902,45,254
201807041618_016,74,247,Sailboat,840,914,13,260
201807041618_017,163,273,Sailboat,791,954,1,274
201807041618_018,170,257,Sailboat,929,1099,1,258
201807041618_019,284,302,Sailboat,906,1190,1,303
201807041618_020,357,374,Sailboat,924,1281,1,375
201807041618_021,79,58,Militaryship,878,957,257,315
201807041618_022,145,100,Militaryship,1136,1281,277,377
201807041618_019,56,75,Militaryship,816,872,204,279
201807041618_020,83,92,Militaryship,832,915,193,285
201807041618_021,160,138,Militaryship,722,882,161,299
201807041618_022,303,219,Militaryship,819,1122,115,334
201807041618_023,436,399,Militaryship,845,1281,8,407
201807041618_017,36,89,Cruiseship,805,841,177,266
201807041618_018,65,69,Cruiseship,858,923,201,270
201807041618_019,53,119,Cruiseship,769,822,151,270
201807041618_020,97,132,Cruiseship,775,872,140,272
201807041618_021,132,111,Cruiseship,623,755,162,273
201807041618_022,155,227,Cruiseship,664,819,57,284
201807041618_023,238,272,Cruiseship,644,882,26,298
201807041618_024,461,342,Cruiseship,749,1210,6,348
201807041618_025,342,515,Cruiseship,939,1281,1,516
201807041618_020,29,40,Militaryship,748,777,225,265
201807041618_021,33,46,Militaryship,590,623,221,267
201807041618_022,33,50,Militaryship,629,662,216,266
201807041618_023,44,65,Militaryship,606,650,205,270
201807041618_024,51,72,Militaryship,693,744,200,272
201807041618_025,77,120,Militaryship,757,834,164,284
201807041618_027,95,150,Militaryship,767,862,143,293
201807041618_028,137,193,Militaryship,622,759,111,304
201807041618_029,224,317,Militaryship,749,973,40,357
201807041618_030,429,454,Militaryship,853,1282,1,455
201807041618_025,27,63,Sailboat,494,521,212,275
201807041618_027,42,72,Sailboat,405,447,214,286
201807041618_028,51,139,Sailboat,109,160,168,307
201807041618_028,26,113,Sailboat,423,449,168,281
201807041618_029,49,210,Sailboat,410,459,105,315
201807041618_031,27,18,Passengership,564,591,255,273
201807041618_032,52,32,Passengership,431,483,255,287
201807041618_034,64,23,Motorboat,407,471,248,271
201807041618_035,47,19,Motorboat,303,350,255,274
201807041618_036,59,24,Motorboat,131,190,258,282
201807041618_037,30,21,Motorboat,6,36,269,290
201807041618_034,26,18,Motorboat,444,470,250,268
201807041618_035,46,25,Motorboat,332,378,248,273
201807041618_036,62,34,Motorboat,163,225,248,282
201807041618_037,47,27,Motorboat,36,83,260,287
201807041618_038,8,11,Seamark,890,898,254,265
201807041618_039,6,12,Seamark,623,629,251,263
201807041618_040,5,11,Seamark,505,510,254,265
201807041618_041,7,22,Seamark,489,496,248,270
201807041618_042,9,22,Seamark,297,306,251,273
201807041618_043,8,20,Seamark,239,247,258,278
201807041618_044,11,27,Seamark,219,230,253,280
201807041618_037,50,59,Militaryship,761,811,209,268
201807041618_038,110,72,Militaryship,563,673,197,269
201807041618_039,46,78,Militaryship,258,304,190,268
201807041618_040,69,97,Militaryship,93,162,185,282
201807041618_037,38,66,Militaryship,807,845,204,270
201807041618_038,94,66,Militaryship,597,691,188,254
201807041618_039,118,84,Militaryship,309,427,184,268
201807041618_040,55,102,Militaryship,162,217,180,282
201807041618_041,115,118,Militaryship,1,116,176,294
201807041618_041,7,15,Seamark,386,393,259,274
201807041618_042,8,16,Seamark,170,178,264,280
201807041618_043,4,21,Seamark,50,54,273,294
201807041618_043,4,8,Seamark,99,103,265,273
201807041618_044,5,14,Seamark,105,110,258,272
201807041618_040,12,12,Passengership,683,695,247,259
201807041618_041,13,13,Passengership,675,688,246,259
201807041618_042,14,14,Passengership,487,501,245,259
201807041618_043,22,21,Passengership,445,467,247,268
201807041618_044,34,30,Passengership,435,469,244,274
201807041618_045,37,29,Passengership,315,352,245,274
201807041618_046,73,53,Passengership,145,218,240,293
201807041618_046,4,8,Seamark,315,319,256,264
201807041618_047,4,11,Seamark,302,306,257,268
201807041618_037,41,19,Sailboat,846,887,248,267
201807041618_038,44,20,Sailboat,670,714,245,265
201807041618_039,38,17,Sailboat,399,437,245,262
201807041618_040,10,23,Sailboat,305,315,240,263
201807041618_041,17,29,Sailboat,317,334,236,265
201807041618_042,19,32,Sailboat,154,173,236,268
201807041618_043,12,38,Sailboat,148,160,235,273
201807041618_044,18,44,Sailboat,170,188,229,273
201807041618_045,13,43,Sailboat,106,119,228,271
201807041618_046,15,55,Sailboat,65,80,222,277
201807041618_047,22,63,Sailboat,28,50,219,282
201807041618_048,22,77,Sailboat,62,84,207,284
201807041618_044,9,9,Motorboat,507,516,255,264
201807041618_045,10,9,Motorboat,425,435,253,262
201807041618_046,9,8,Motorboat,380,389,257,265
201807041618_047,14,12,Motorboat,340,354,259,271
201807041618_048,24,15,Motorboat,374,398,258,273
201807041618_049,22,14,Motorboat,133,155,272,286
201807041618_049,4,7,Seamark,260,264,260,267
201807041618_050,8,15,Seamark,385,393,255,270
201807041618_051,6,15,Seamark,390,396,253,268
201807041618_052,6,15,Seamark,186,192,260,275
201807041618_050,68,70,Motorboat,75,143,250,320
201807041618_051,27,29,Motorboat,97,124,267,296
201807041618_056,104,142,Militaryship,1009,1113,173,315
201807041618_057,182,194,Militaryship,1012,1194,140,334
201807041618_057,59,102,Militaryship,403,462,178,280
201807041618_058,80,133,Militaryship,184,264,157,290
201807041618_058,5,31,Seamark,866,871,266,297
201807041618_059,8,47,Seamark,933,941,267,314
201807041618_060,9,70,Seamark,930,939,271,341
201807041618_055,15,23,Motorboat,889,904,245,268
201807041618_056,15,24,Motorboat,817,832,246,270
201807041618_057,15,19,Motorboat,692,707,252,271
201807041618_058,25,38,Motorboat,565,590,241,279
201807041618_059,27,42,Motorboat,538,565,241,283
201807041618_060,30,38,Motorboat,342,372,252,290
201807041618_061,7,51,Seamark,658,665,285,336
201807041618_062,13,79,Seamark,224,237,297,376
201807041618_058,94,68,Sailboat,667,761,212,280
201807041618_059,76,133,Sailboat,679,755,157,290
201807041618_060,115,112,Sailboat,507,622,183,295
201807041618_061,145,229,Sailboat,485,630,89,318
201807041618_062,207,353,Sailboat,1,208,6,359
201807041618_063,69,221,Sailboat,553,622,94,315
201807041618_064,93,356,Sailboat,1130,1223,1,357
201807041618_067,7,14,Seamark,461,468,254,268
201807041618_068,10,24,Seamark,326,336,254,278
201807041618_069,11,26,Seamark,282,293,256,282
201807041618_070,10,26,Seamark,212,222,261,287
201807041618_071,20,37,Seamark,49,69,262,299
201807041618_068,25,28,Seamark,898,923,250,278
201807041618_069,19,27,Seamark,970,989,256,283
201807041618_070,19,51,Seamark,1073,1092,249,300
201807041618_071,39,63,Seamark,1162,1201,253,316
201807041618_072,7,13,Seamark,566,573,249,262
201807041618_073,6,12,Seamark,470,476,250,262
201807041618_074,5,11,Seamark,320,325,255,266
201807041618_076,4,7,Seamark,434,438,257,264
201807041618_077,6,16,Seamark,375,381,252,268
201807041618_079,4,9,Seamark,423,427,259,268
201807041618_080,11,28,Seamark,375,386,244,272
201807041618_068,5,10,Seamark,1103,1108,253,263
201807041618_069,6,11,Seamark,1124,1130,255,266
201807041618_070,4,10,Seamark,1146,1150,255,265
201807041618_071,7,14,Seamark,1100,1107,254,268
201807041618_073,3,7,Seamark,698,701,252,259
201807041618_074,6,11,Seamark,558,564,249,260
201807041618_075,7,12,Seamark,619,626,248,260
201807041618_076,4,7,Seamark,719,723,251,258
201807041618_077,6,10,Seamark,684,690,252,262
201807041618_078,7,11,Seamark,742,749,251,262
201807041618_079,4,7,Seamark,787,791,253,260
201807041618_080,6,15,Seamark,779,785,247,262
201807041618_071,11,32,Sailboat,886,897,233,265
201807041618_072,11,34,Sailboat,599,610,232,266
201807041618_073,17,68,Sailboat,464,481,203,271
201807041618_074,36,98,Sailboat,207,243,188,286
201807041618_073,5,10,Seamark,449,454,257,267
201807041618_074,6,15,Seamark,289,295,258,273
201807041618_075,7,16,Seamark,295,302,258,274
201807041618_076,5,16,Seamark,348,353,258,274
201807041618_077,9,29,Seamark,254,263,256,285
201807041618_078,12,27,Seamark,220,232,258,285
201807041618_079,11,29,Seamark,180,191,265,294
201807041618_080,26,57,Seamark,6,32,263,320
201807041618_073,4,9,Seamark,785,789,256,265
201807041618_074,6,16,Seamark,658,664,249,265
201807041618_075,7,18,Seamark,730,737,249,267
201807041618_076,6,15,Seamark,849,855,254,269
201807041618_077,14,25,Seamark,848,862,253,278
201807041618_078,11,25,Seamark,964,975,253,278
201807041618_079,10,27,Seamark,1069,1079,259,286
201807041618_080,22,55,Seamark,1190,1212,250,305
201807041618_073,4,8,Seamark,685,689,252,260
201807041618_074,6,11,Seamark,546,552,250,261
201807041618_075,6,11,Seamark,604,610,249,260
201807041618_076,5,10,Seamark,703,708,251,261
201807041618_077,6,16,Seamark,669,675,250,266
201807041618_078,7,18,Seamark,729,736,249,267
201807041618_079,4,12,Seamark,777,781,253,265
201807041618_080,7,18,Seamark,772,779,249,267
201807041618_081,8,21,Seamark,712,720,249,270
201807041618_018,50,65,Boat,1084,1134,268,333
201807041618_023,12,9,Boat,487,499,256,265
201807041618_057,113,34,Passengership,58,171,242,276
201807041618_063,90,52,Passengership,1014,1104,234,286
201807041618_066,263,63,Motorboat,1017,1280,269,332
201807041618_005,100,223,Sailboat,997,1097,82,305
201807041618_025,13,60,Sailboat,693,706,206,266
201807041618_038,10,27,Sailboat,779,789,234,261
201807041618_059,108,176,Sailboat,37,145,136,312
201807041618_058,56,108,Sailboat,115,171,184,292
201807041618_005,61,46,Motorboat,180,241,278,324
201807041618_008,100,63,Motorboat,1181,1281,307,370
201807041618_008,132,60,Motorboat,1049,1181,284,344
201807041618_031,17,12,Motorboat,428,445,257,269
201807041618_053,10,20,Seamark,134,144,263,283
201807041618_021,124,68,Motorboat,1082,1206,277,345
201807041618_021,118,103,Motorboat,957,1075,237,340
201807041618_041,222,104,Militaryship,2,224,175,279
201807041618_055,123,29,Miscboat,231,354,246,275
201807041618_055,37,8,Miscboat,184,221,269,277
201807041618_080,7,8,Miscboat,655,662,250,258
201807041618_063,23,139,Seamark,753,776,337,476
201807041618_063,58,136,Seamark,742,800,327,463
201807041618_064,10,25,Seamark,207,217,265,290
201807041618_063,8,40,Seamark,486,494,283,323
201807041618_068,28,35,Seamark,904,932,243,278
201807041618_067,8,23,Seamark,946,954,252,275
201807041618_063,66,30,Miscboat,676,742,257,287
201807041618_044,5,12,Seamark,199,204,262,274
201807041618_068,5,13,Seamark,961,966,248,261
201807041618_068,5,9,Seamark,1071,1076,252,261
201807041618_071,4,9,Seamark,849,853,251,260
201807041618_071,5,11,Seamark,1033,1038,254,265
201807041648_000,12,25,Seamark,894,906,253,278
201807041648_001,8,31,Seamark,984,992,259,290
201807041648_001,16,14,Motorboat,472,488,260,274
201807041648_002,81,50,Motorboat,205,286,265,315
201807041648_001,7,28,Seamark,148,155,259,287
201807041648_002,17,46,Seamark,116,133,258,304
201807041648_003,21,60,Seamark,56,77,262,322
201807041648_009,33,18,Motorboat,269,302,261,279
201807041648_010,33,16,Motorboat,742,775,260,276
201807041648_011,48,27,Motorboat,1046,1094,262,289
201807041648_011,139,170,Sailboat,172,311,132,302
201807041648_012,190,264,Sailboat,391,581,68,332
201807041648_010,33,188,Sailboat,36,69,109,297
201807041648_011,62,305,Sailboat,73,135,15,320
201807041648_012,64,337,Sailboat,72,136,6,343
201807041648_011,54,284,Sailboat,11,65,39,323
201807041648_012,63,336,Sailboat,147,210,1,337
201807041648_010,28,79,Sailboat,234,262,206,285
201807041648_011,55,107,Sailboat,349,404,180,287
201807041648_012,49,150,Sailboat,695,744,142,292
201807041648_017,10,16,Seamark,1009,1019,250,266
201807041648_018,24,49,Seamark,972,996,242,291
201807041648_019,27,62,Seamark,977,1004,244,306
201807041648_020,47,91,Seamark,968,1015,247,338
201807041648_021,9,19,Seamark,647,656,250,269
201807041648_022,7,19,Seamark,456,463,254,273
201807041648_023,11,28,Seamark,313,324,253,281
201807041648_016,5,18,Seamark,648,653,252,270
201807041648_017,11,22,Seamark,544,555,249,271
201807041648_018,10,24,Seamark,472,482,252,276
201807041648_019,9,28,Seamark,316,325,253,281
201807041648_020,24,44,Seamark,46,70,262,306
201807041648_015,11,22,Seamark,858,869,248,270
201807041648_016,6,27,Seamark,970,976,251,278
201807041648_017,15,38,Seamark,956,971,247,285
201807041648_023,5,13,Seamark,1033,1038,250,263
201807041648_025,3,11,Seamark,767,770,248,259
201807041648_026,8,17,Seamark,834,842,246,263
201807041648_020,9,21,Seamark,1154,1163,252,273
201807041648_021,8,24,Seamark,1102,1110,249,273
201807041648_022,6,24,Seamark,990,996,248,272
201807041648_023,14,29,Seamark,935,949,248,277
201807041648_024,12,31,Seamark,730,742,246,277
201807041648_025,11,37,Seamark,702,713,248,285
201807041648_026,23,59,Seamark,790,813,243,302
201807041648_027,32,87,Seamark,785,817,248,335
201807041648_028,81,281,Seamark,1010,1091,235,516
201807041648_029,8,16,Seamark,298,306,257,273
201807041648_030,9,18,Seamark,257,266,258,276
201807041648_031,10,20,Seamark,175,185,261,281
201807041648_032,11,21,Seamark,167,178,259,280
201807041648_028,4,13,Seamark,728,732,250,263
201807041648_029,9,17,Seamark,737,746,250,267
201807041648_030,7,21,Seamark,744,751,248,269
201807041648_031,6,19,Seamark,718,724,250,269
201807041648_032,13,26,Seamark,776,789,246,272
201807041648_033,13,25,Seamark,779,792,251,276
201807041648_034,11,29,Seamark,718,729,250,279
201807041648_035,19,43,Seamark,669,688,248,291
201807041648_036,19,52,Seamark,759,778,251,303
201807041648_037,29,87,Seamark,902,931,250,337
201807041648_038,38,244,Seamark,1243,1281,263,507
201807041648_029,6,10,Seamark,862,868,249,259
201807041648_030,7,11,Seamark,867,874,248,259
201807041648_031,8,12,Seamark,841,849,249,261
201807041648_032,7,11,Seamark,904,911,247,258
201807041648_033,8,12,Seamark,897,905,246,258
201807041648_034,9,13,Seamark,830,839,245,258
201807041648_035,6,17,Seamark,796,802,245,262
201807041648_038,9,20,Seamark,901,910,246,266
201807041648_039,4,18,Seamark,849,853,246,264
201807041648_040,4,16,Seamark,897,901,249,265
201807041648_041,12,33,Seamark,730,742,246,279
201807041648_042,16,40,Seamark,768,784,250,290
201807041648_043,26,98,Seamark,963,989,249,347
201807041648_039,34,16,Passengership,1067,1101,242,258
201807041648_040,43,16,Passengership,1028,1071,241,257
201807041648_037,61,15,Militaryship,1113,1174,245,260
201807041648_038,68,16,Militaryship,1021,1089,243,259
201807041648_039,66,16,Militaryship,945,1011,242,258
201807041648_040,73,12,Militaryship,945,1018,245,257
201807041648_041,90,37,Militaryship,720,810,223,260
201807041648_042,99,31,Militaryship,667,766,230,261
201807041648_043,114,33,Militaryship,639,753,229,262
201807041648_044,149,69,Militaryship,318,467,208,277
201807041648_045,189,55,Militaryship,169,358,228,283
201807041648_046,246,96,Militaryship,57,303,192,288
201807041648_039,56,16,Motorboat,788,844,244,260
201807041648_040,52,9,Motorboat,871,923,248,257
201807041648_041,58,45,Cruiseship,249,307,223,268
201807041648_042,48,26,Passengership,615,663,239,265
201807041648_043,72,23,Passengership,459,531,247,270
201807041648_025,14,20,Cruiseship,759,773,234,254
201807041648_026,21,26,Cruiseship,818,839,230,256
201807041648_027,25,32,Cruiseship,729,754,228,260
201807041648_028,17,22,Cruiseship,693,710,233,255
201807041648_029,18,30,Cruiseship,696,714,227,257
201807041648_030,22,36,Cruiseship,690,712,224,260
201807041648_031,19,24,Cruiseship,654,673,231,255
201807041648_032,21,33,Cruiseship,702,723,224,257
201807041648_033,23,36,Cruiseship,680,703,222,258
201807041648_034,22,33,Cruiseship,596,618,221,254
201807041648_035,27,37,Cruiseship,539,566,222,259
201807041648_036,31,43,Cruiseship,598,629,218,261
201807041648_037,23,31,Cruiseship,670,693,225,256
201807041648_038,29,44,Cruiseship,569,598,217,261
201807041648_039,24,33,Cruiseship,482,506,225,258
201807041648_040,28,38,Cruiseship,482,510,221,259
201807041648_042,32,45,Cruiseship,206,238,228,273
201807041648_043,34,61,Cruiseship,171,205,209,270
201807041648_026,62,17,Cruiseship,813,875,232,249
201807041648_027,66,18,Cruiseship,721,787,231,249
201807041648_028,74,20,Cruiseship,676,750,230,250
201807041648_029,80,20,Cruiseship,672,752,230,250
201807041648_030,93,23,Cruiseship,662,755,228,251
201807041648_031,104,25,Cruiseship,618,722,228,253
201807041648_032,76,25,Cruiseship,684,760,226,251
201807041648_033,83,27,Cruiseship,658,741,224,251
201807041648_034,98,32,Cruiseship,565,663,221,253
201807041648_035,84,23,Cruiseship,522,606,227,250
201807041648_036,95,26,Cruiseship,578,673,226,252
201807041648_037,106,29,Cruiseship,637,743,224,253
201807041648_038,102,31,Cruiseship,542,644,224,255
201807041648_039,121,36,Cruiseship,445,566,223,259
201807041648_040,152,45,Cruiseship,432,584,219,264
201807041648_041,108,30,Cruiseship,240,348,226,256
201807041648_020,29,17,Motorboat,1042,1071,277,294
201807041648_021,23,15,Motorboat,874,897,277,292
201807041648_022,20,14,Motorboat,725,745,273,287
201807041648_023,26,18,Motorboat,713,739,269,287
201807041648_024,22,16,Motorboat,524,546,272,288
201807041648_025,15,13,Motorboat,474,489,273,286
201807041648_026,21,17,Motorboat,549,570,268,285
201807041648_027,18,13,Motorboat,462,480,273,286
201807041648_028,18,11,Motorboat,439,457,271,282
201807041648_029,21,14,Motorboat,482,503,269,283
201807041648_030,17,13,Motorboat,527,544,267,280
201807041648_031,16,13,Motorboat,532,548,266,279
201807041648_032,19,15,Motorboat,621,640,263,278
201807041648_033,17,12,Motorboat,649,666,266,278
201807041648_034,13,10,Motorboat,608,621,264,274
201807041648_035,16,15,Motorboat,594,610,262,277
201807041648_036,18,16,Motorboat,688,706,260,276
201807041648_037,12,11,Motorboat,812,824,261,272
201807041648_038,20,14,Motorboat,791,811,257,271
201807041648_039,22,15,Motorboat,754,776,255,270
201807041648_040,24,16,Motorboat,812,836,254,270
201807041648_041,15,14,Motorboat,653,668,257,271
201807041648_042,16,15,Motorboat,715,731,256,271
201807041648_043,18,16,Motorboat,840,858,254,270
201807041648_044,13,11,Motorboat,695,708,259,270
201807041648_044,15,24,Seamark,737,752,246,270
201807041648_045,24,30,Seamark,686,710,250,280
201807041648_046,14,7,Motorboat,826,840,261,268
201807041648_047,15,11,Motorboat,963,978,263,274
201807041648_048,15,10,Motorboat,1034,1049,265,275
201807041648_049,14,9,Motorboat,874,888,265,274
201807041648_050,16,15,Motorboat,592,608,263,278
201807041648_051,18,13,Motorboat,703,721,264,277
201807041648_052,16,12,Motorboat,684,700,268,280
201807041648_053,22,16,Motorboat,527,549,270,286
201807041648_054,15,11,Motorboat,530,545,271,282
201807041648_055,14,10,Motorboat,585,599,272,282
201807041648_056,21,18,Motorboat,903,924,266,284
201807041648_039,67,26,Militaryship,1143,1210,232,258
201807041648_040,51,44,Militaryship,1208,1259,216,260
201807041648_041,86,49,Militaryship,1023,1109,214,263
201807041648_042,82,49,Militaryship,1072,1154,213,262
201807041648_043,54,43,Militaryship,1193,1247,221,264
201807041648_044,133,82,Militaryship,998,1131,192,274
201807041648_045,144,62,Militaryship,1016,1160,205,267
201807041648_046,145,93,Militaryship,1097,1242,181,274
201807041648_046,28,6,Passengership,460,488,262,268
201807041648_047,39,19,Passengership,411,450,257,276
201807041648_048,50,22,Passengership,285,335,260,282
201807041648_045,11,19,Seamark,720,731,249,268
201807041648_046,7,26,Seamark,766,773,247,273
201807041648_047,19,50,Seamark,837,856,244,294
201807041648_048,20,72,Seamark,940,960,245,317
201807041648_049,136,62,Militaryship,1136,1272,225,287
201807041648_050,372,161,Militaryship,909,1281,130,291
201807041648_051,93,42,Militaryship,1076,1169,236,278
201807041648_052,153,82,Militaryship,1123,1276,211,293
201807041648_049,4,30,Seamark,1024,1028,267,297
201807041648_050,15,52,Seamark,866,881,270,322
201807041648_049,20,15,Passengership,736,756,246,261
201807041648_050,22,29,Passengership,439,461,240,269
201807041648_051,27,25,Passengership,513,540,244,269
201807041648_052,43,35,Passengership,364,407,243,278
201807041648_050,8,18,Sailboat,772,780,250,268
201807041648_051,12,43,Sailboat,914,926,238,281
201807041648_052,11,39,Sailboat,911,922,243,282
201807041648_053,11,36,Sailboat,787,798,252,288
201807041648_053,15,9,Motorboat,535,550,254,263
201807041648_054,28,14,Motorboat,524,552,249,263
201807041648_055,25,13,Motorboat,544,569,252,265
201807041648_056,23,12,Motorboat,822,845,252,264
201807041648_053,15,10,Boat,387,402,260,270
201807041648_054,20,16,Boat,184,204,265,281
201807041648_055,15,6,Boat,75,90,281,287
201807041648_056,37,17,Boat,1,38,293,310
201807041648_051,64,17,Motorboat,985,1049,249,266
201807041648_052,64,28,Motorboat,985,1049,243,271
201807041648_053,79,37,Motorboat,847,926,239,276
201807041648_054,109,40,Motorboat,920,1029,246,286
201807041648_055,107,32,Motorboat,1166,1273,279,311
201807041648_054,46,19,Motorboat,816,862,254,273
201807041648_055,100,27,Motorboat,954,1054,263,290
201807041648_053,67,22,Motorboat,817,884,246,268
201807041648_054,100,25,Motorboat,870,970,248,273
201807041648_055,136,30,Motorboat,1043,1179,255,285
201807041648_055,7,30,Seamark,793,800,259,289
201807041648_056,15,50,Seamark,1224,1239,269,319
201807041648_053,15,11,Motorboat,549,564,252,263
201807041648_054,16,12,Motorboat,553,569,251,263
201807041648_055,18,13,Motorboat,573,591,251,264
201807041648_056,28,13,Motorboat,842,870,250,263
201807041648_053,17,10,Motorboat,573,590,252,262
201807041648_054,19,11,Motorboat,580,599,252,263
201807041648_055,21,12,Motorboat,603,624,252,264
201807041648_056,26,13,Motorboat,881,907,251,264
201807041648_057,30,16,Motorboat,1114,1144,254,270
201807041648_045,51,12,Miscboat,855,906,249,261
201807041648_046,58,15,Miscboat,929,987,250,265
201807041648_047,60,17,Miscboat,1044,1104,254,271
201807041648_048,55,14,Miscboat,1110,1165,258,272
201807041648_049,48,17,Miscboat,930,978,253,270
201807041648_050,55,23,Miscboat,640,695,248,271
201807041648_051,61,19,Miscboat,763,824,251,270
201807041648_052,73,22,Miscboat,703,776,251,273
201807041648_053,82,30,Miscboat,457,539,251,281
201807041648_054,87,24,Miscboat,313,400,261,285
201807041648_055,88,32,Miscboat,230,318,259,291
201807041648_056,105,47,Miscboat,369,474,250,297
201807041648_057,134,37,Miscboat,451,585,261,298
201807041648_004,29,8,Boat,197,226,265,273
201807041648_004,21,8,Boat,330,351,258,266
201807041648_012,86,26,Motorboat,756,842,269,295
201807041648_010,84,16,Motorboat,148,232,273,289
201807041648_040,31,20,Miscboat,153,184,256,276
201807041648_040,36,25,Miscboat,117,153,251,276
201807041648_044,6,19,Seamark,713,719,255,274
201807041648_056,19,16,Boat,671,690,252,268
201807041648_056,18,10,Boat,713,731,262,272
201807041648_056,29,27,Motorboat,47,76,293,320
201807041648_004,33,72,Sailboat,11,44,209,281
201807041648_004,32,67,Sailboat,44,76,213,280
201807041648_004,39,68,Sailboat,94,133,209,277
201807041648_004,28,83,Sailboat,133,161,192,275
201807041648_004,30,83,Sailboat,166,196,190,273
201807041648_010,25,155,Sailboat,7,32,151,306
201807041648_012,56,306,Sailboat,1,57,35,341
201807041648_010,52,195,Sailboat,77,129,102,297
201807041648_012,82,336,Sailboat,227,309,1,337
201807041648_013,66,376,Sailboat,1203,1269,11,387
201807041648_013,68,353,Sailboat,1121,1189,22,375
201807041648_013,69,371,Sailboat,1042,1111,1,372
201807041648_013,109,356,Sailboat,934,1043,1,357
201807041648_013,175,344,Sailboat,752,927,4,348
201807041648_013,54,322,Sailboat,701,755,19,341
201807041648_013,55,220,Sailboat,640,695,116,336
201807041648_013,48,209,Sailboat,587,635,126,335
201807041648_013,122,256,Sailboat,469,591,68,324
201807041648_013,64,178,Sailboat,401,465,141,319
201807041648_013,147,249,Sailboat,249,396,72,321
201807041648_014,52,78,Sailboat,1034,1086,196,274
201807041648_014,41,80,Sailboat,976,1017,199,279
201807041648_014,25,53,Sailboat,864,889,221,274
201807041648_056,42,60,Sailboat,707,749,205,265
201807041648_035,52,13,Miscboat,615,667,248,261
201807041648_014,53,27,Motorboat,1094,1147,250,277
201807041648_051,129,45,Militaryship,1151,1280,258,303
201807041648_029,45,20,Miscboat,362,407,244,264
201807041648_002,9,22,Seamark,1128,1137,255,277
201807041648_002,6,14,Seamark,1107,1113,259,273
201807041648_014,7,22,Seamark,307,314,256,278
201807041648_014,10,18,Seamark,73,83,266,284
201807041648_014,7,14,Seamark,416,423,254,268
201807041648_014,8,18,Seamark,643,651,249,267
201807041648_024,10,27,Seamark,2,12,266,293
201807041648_038,11,20,Seamark,185,196,258,278
201807041648_041,9,18,Seamark,842,851,246,264
201807041648_041,6,12,Seamark,805,811,251,263
201807041648_044,5,11,Seamark,881,886,255,266
201807041648_046,5,29,Seamark,738,743,260,289
201807041648_047,27,84,Seamark,889,916,274,358
201807041648_047,7,15,Seamark,1041,1048,263,278
201807041648_053,7,19,Seamark,692,699,254,273
201807041648_053,7,12,Seamark,372,379,261,273
201807041648_056,8,21,Seamark,1097,1105,253,274
201807041648_056,15,23,Seamark,537,552,251,274
201807041648_014,40,53,Seamark,452,492,387,440
201807041648_050,10,7,Miscboat,760,770,252,259
201807041648_026,2,9,Seamark,955,957,249,258
201807041648_026,8,15,Seamark,497,505,250,265
201807041648_035,8,15,Seamark,254,262,256,271
201807041648_014,10,14,Miscellaneous,1015,1025,306,320
201807041648_014,15,13,Miscellaneous,685,700,342,355
201807041648_014,9,10,Miscellaneous,517,526,309,319
201807041718_000,179,60,Miscboat,917,1096,258,318
201807041718_001,247,76,Miscboat,943,1190,258,334
201807041718_002,202,126,Miscboat,1079,1281,252,378
201807041718_001,46,65,Cruiseship,330,376,211,276
201807041718_002,58,67,Cruiseship,277,335,220,287
201807041718_003,50,69,Cruiseship,288,338,203,272
201807041718_004,68,115,Cruiseship,340,408,160,275
201807041718_003,64,116,Militaryship,228,292,175,291
201807041718_004,110,155,Militaryship,191,301,151,306
201807041718_002,14,33,Sailboat,378,392,234,267
201807041718_003,15,36,Sailboat,404,419,228,264
201807041718_004,16,32,Sailboat,511,527,228,260
201807041718_002,9,13,Boat,497,506,265,278
201807041718_004,11,7,Motorboat,538,549,263,270
201807041718_004,32,107,Sailboat,419,451,154,261
201807041718_000,41,48,Cruiseship,372,413,215,263
201807041718_000,34,57,Militaryship,415,449,214,271
201807041718_002,11,9,Boat,445,456,261,270
201807050943_002,422,207,Passengership,850,1272,151,358
201807050943_003,255,233,Passengership,776,1031,90,323
201807050943_000,27,31,Motorboat,860,887,244,275
201807050943_001,30,24,Motorboat,554,584,250,274
201807050943_002,19,21,Motorboat,566,585,248,269
201807050943_000,30,52,Motorboat,529,559,222,274
201807050943_001,29,51,Motorboat,270,299,231,282
201807050943_002,25,27,Motorboat,306,331,248,275
201807050943_000,65,37,Motorboat,416,481,243,280
201807050943_001,51,34,Motorboat,184,235,251,285
201807050943_002,47,30,Motorboat,247,294,251,281
201807050943_003,35,37,Motorboat,272,307,247,284
201807050943_000,72,74,Miscboat,953,1025,231,305
201807050943_001,49,42,Miscboat,627,676,248,290
201807050943_002,34,23,Miscboat,617,651,255,278
201807050943_000,86,77,Passengership,1029,1115,236,313
201807050943_001,31,62,Passengership,676,707,238,300
201807050943_000,167,158,Passengership,1114,1281,197,355
201807050943_001,141,109,Passengership,711,852,208,317
201807050943_002,90,71,Passengership,658,748,224,295
201807050943_003,68,57,Passengership,645,713,231,288
201807050943_004,135,358,Sailboat,1003,1138,1,359
201807050943_005,131,182,Sailboat,1142,1273,236,418
201807050943_004,123,98,Passengership,858,981,202,300
201807050943_005,172,105,Passengership,817,989,199,304
201807050943_006,382,209,Passengership,693,1075,155,364
201807050943_004,111,44,Ferry,745,856,244,288
201807050943_005,134,61,Ferry,680,814,235,296
201807050943_006,70,84,Passengership,576,646,214,298
201807050943_007,214,179,Passengership,825,1039,188,367
201807050943_008,217,184,Passengership,866,1083,195,379
201807050943_006,269,97,Miscboat,348,617,235,332
201807050943_007,163,60,Passengership,499,662,217,277
201807050943_008,114,42,Passengership,404,518,244,286
201807050943_009,128,128,Passengership,232,360,177,305
201807050943_010,92,59,Passengership,52,144,250,309
201807050943_008,101,86,Miscboat,755,856,232,318
201807050943_009,60,127,Miscboat,837,897,205,332
201807050943_010,180,235,Miscboat,942,1122,161,396
201807050943_004,93,203,Sailboat,150,243,117,320
201807050943_005,110,209,Sailboat,60,170,118,327
201807050943_007,39,20,Passengership,400,439,252,272
201807050943_008,44,30,Passengership,320,364,250,280
201807050943_005,49,23,Passengership,393,442,250,273
201807050943_006,35,49,Passengership,199,234,239,288
201807050943_007,65,39,Passengership,269,334,249,288
201807050943_008,86,52,Passengership,129,215,250,302
201807050943_009,125,69,Passengership,16,141,237,306
201807050943_010,70,40,Passengership,248,318,245,285
201807050943_011,86,44,Passengership,130,216,251,295
201807050943_012,105,86,Passengership,14,119,226,312
201807050943_013,83,108,Passengership,1,84,209,317
201807050943_008,26,68,Miscboat,701,727,217,285
201807050943_009,35,67,Miscboat,755,790,228,295
201807050943_010,59,95,Miscboat,787,846,213,308
201807050943_011,107,184,Miscboat,793,900,145,329
201807050943_012,201,307,Miscboat,834,1035,100,407
201807050943_013,52,35,Miscboat,129,181,273,308
201807050943_014,49,36,Miscboat,8,57,281,317
201807050943_008,27,25,Motorboat,668,695,250,275
201807050943_009,38,49,Motorboat,701,739,240,289
201807050943_010,48,39,Motorboat,721,769,246,285
201807050943_011,60,51,Motorboat,691,751,248,299
201807050943_012,82,79,Motorboat,658,740,236,315
201807050943_013,180,184,Motorboat,832,1012,185,369
201807050943_014,190,316,Motorboat,1084,1274,203,519
201807050943_011,83,41,Passengership,238,321,244,285
201807050943_012,106,71,Passengership,143,249,228,299
201807050943_013,115,62,Passengership,182,297,240,302
201807050943_014,146,65,Passengership,64,210,243,308
201807050943_011,25,30,Passengership,420,445,241,271
201807050943_012,33,48,Passengership,360,393,234,282
201807050943_013,42,32,Passengership,433,475,248,280
201807050943_014,63,39,Passengership,365,428,249,288
201807050943_015,122,94,Passengership,155,277,216,310
201807050943_016,206,230,Passengership,3,209,142,372
201807050943_017,59,76,Motorboat,1053,1112,242,318
201807050943_018,70,99,Motorboat,1211,1281,264,363
201807050943_011,16,12,Miscboat,450,466,257,269
201807050943_012,18,13,Miscboat,401,419,257,270
201807050943_013,20,14,Miscboat,503,523,254,268
201807050943_014,43,16,Miscboat,449,492,258,274
201807050943_015,47,18,Miscboat,344,391,261,279
201807050943_016,52,20,Miscboat,478,530,255,275
201807050943_017,73,33,Miscboat,359,432,258,291
201807050943_018,104,48,Miscboat,106,210,250,298
201807050943_011,16,13,Motorboat,469,485,256,269
201807050943_012,18,14,Motorboat,422,440,257,271
201807050943_013,20,15,Motorboat,529,549,254,269
201807050943_014,24,16,Motorboat,498,522,256,272
201807050943_015,26,18,Motorboat,398,424,258,276
201807050943_016,29,20,Motorboat,540,569,252,272
201807050943_017,40,24,Motorboat,442,482,258,282
201807050943_018,56,39,Motorboat,230,286,257,296
201807050943_019,62,35,Motorboat,1,63,277,312
201807050943_019,64,21,Motorboat,909,973,264,285
201807050943_020,71,22,Motorboat,887,958,268,290
201807050943_018,44,43,Motorboat,950,994,255,298
201807050943_019,82,53,Motorboat,977,1059,256,309
201807050943_020,113,64,Motorboat,1014,1127,257,321
201807050943_000,190,62,Miscboat,15,205,253,315
201807050943_000,19,36,Miscboat,488,507,244,280
201807050943_000,16,36,Miscboat,564,580,236,272
201807050943_003,58,92,Miscboat,55,113,222,314
201807050943_002,75,41,Miscboat,100,175,256,297
201807050943_008,52,32,Miscboat,218,270,259,291
201807050943_009,260,369,Miscboat,902,1162,45,414
201807050943_004,81,163,Sailboat,272,353,147,310
201807050943_002,25,22,Passengership,345,370,249,271
201807050943_005,65,30,Passengership,282,347,257,287
201807050943_008,141,492,Passengership,1082,1223,78,570
201807050943_008,31,29,Passengership,370,401,248,277
201807050943_004,138,63,Motorboat,1,139,283,346
201807050943_004,136,232,Motorboat,1143,1279,182,414
201807051013_000,206,94,Passengership,826,1032,204,298
201807051013_001,293,149,Passengership,766,1059,176,325
201807051013_002,229,160,Passengership,1051,1280,207,367
201807051013_001,64,44,Motorboat,681,745,255,299
201807051013_002,112,70,Motorboat,909,1021,254,324
201807051013_001,33,35,Motorboat,16,49,257,292
201807051013_002,45,44,Motorboat,44,89,254,298
201807051013_003,47,61,Motorboat,1,48,262,323
201807051013_000,100,49,Passengership,656,756,240,289
201807051013_001,122,76,Passengership,545,667,215,291
201807051013_002,168,120,Passengership,717,885,187,307
201807051013_003,182,190,Passengership,1098,1280,186,376
201807051013_000,49,30,Passengership,540,589,248,278
201807051013_001,53,40,Passengership,412,465,239,279
201807051013_002,62,51,Passengership,559,621,232,283
201807051013_003,99,69,Passengership,789,888,234,303
201807051013_004,96,113,Passengership,1183,1279,249,362
201807051013_002,26,28,Motorboat,99,125,258,286
201807051013_003,36,39,Motorboat,140,176,256,295
201807051013_004,70,56,Motorboat,81,151,258,314
201807051013_000,37,39,Passengership,489,526,239,278
201807051013_001,39,36,Passengership,367,406,240,276
201807051013_002,46,39,Passengership,512,558,240,279
201807051013_003,61,52,Passengership,725,786,237,289
201807051013_004,120,155,Passengership,1019,1139,173,328
201807051013_002,20,19,Motorboat,130,150,261,280
201807051013_003,22,21,Motorboat,225,247,260,281
201807051013_004,52,38,Motorboat,279,331,256,294
201807051013_005,94,49,Motorboat,1,95,277,326
201807051013_004,39,35,Passengership,409,448,245,280
201807051013_005,77,58,Passengership,262,339,236,294
201807051013_006,162,91,Passengership,21,183,227,318
201807051013_005,73,147,Miscboat,901,974,153,300
201807051013_006,148,102,Miscboat,1032,1180,240,342
201807051013_004,57,31,Miscboat,352,409,255,286
201807051013_005,97,49,Miscboat,160,257,256,305
201807051013_005,49,84,Miscboat,837,886,201,285
201807051013_006,79,53,Miscboat,887,966,249,302
201807051013_004,44,38,Passengership,447,491,238,276
201807051013_005,67,53,Passengership,340,407,233,286
201807051013_006,98,86,Passengership,195,293,217,303
201807051013_007,256,185,Passengership,9,265,165,350
201807051013_001,35,14,Ferry,70,105,260,274
201807051013_002,51,17,Ferry,219,270,254,271
201807051013_003,61,26,Ferry,441,502,246,272
201807051013_004,77,23,Ferry,689,766,250,273
201807051013_005,81,30,Ferry,758,839,248,278
201807051013_006,120,42,Ferry,773,893,251,293
201807051013_004,45,35,Passengership,493,538,236,271
201807051013_005,58,71,Passengership,420,478,206,277
201807051013_006,76,65,Passengership,331,407,221,286
201807051013_007,130,78,Passengership,391,521,220,298
201807051013_008,169,149,Passengership,-3,166,192,341
201807051013_004,18,87,Sailboat,548,566,180,267
201807051013_005,23,103,Sailboat,497,520,168,271
201807051013_006,37,126,Sailboat,432,469,148,274
201807051013_007,36,164,Sailboat,569,605,115,279
201807051013_008,63,238,Sailboat,284,347,59,297
201807051013_009,114,304,Sailboat,196,310,6,310
201807051013_010,98,285,Sailboat,228,326,33,318
201807051013_011,89,367,Sailboat,0,89,1,368
201807051013_008,41,136,Sailboat,380,421,149,285
201807051013_009,50,168,Sailboat,403,453,128,296
201807051013_010,64,242,Sailboat,345,409,70,312
201807051013_007,88,131,Sailboat,914,1002,159,290
201807051013_008,144,213,Sailboat,794,938,103,316
201807051013_009,59,220,Sailboat,975,1034,99,319
201807051013_010,125,315,Sailboat,1055,1180,16,331
201807051013_011,215,339,Sailboat,1039,1254,1,340
201807051013_009,52,203,Sailboat,908,960,103,306
201807051013_010,85,317,Sailboat,1177,1262,43,360
201807051013_009,44,160,Sailboat,824,868,136,296
201807051013_010,107,233,Sailboat,930,1037,77,310
201807051013_011,129,283,Sailboat,893,1022,29,312
201807051013_012,85,144,Sailboat,891,976,156,300
201807051013_013,79,190,Sailboat,1054,1133,124,314
201807051013_009,61,67,Motorboat,299,360,234,301
201807051013_010,154,139,Motorboat,39,193,215,354
201807051013_007,22,98,Sailboat,647,669,175,273
201807051013_008,30,125,Sailboat,423,453,159,284
201807051013_009,31,32,Boat,446,477,264,296
201807051013_010,36,24,Motorboat,416,452,261,285
201807051013_011,52,30,Motorboat,285,337,267,297
201807051013_012,112,60,Motorboat,28,140,280,340
201807051013_010,28,20,Motorboat,405,433,272,292
201807051013_011,33,25,Motorboat,265,298,279,304
201807051013_010,53,40,Miscboat,465,518,238,278
201807051013_011,42,52,Miscboat,387,429,231,283
201807051013_012,57,51,Miscboat,330,387,246,297
201807051013_013,99,98,Miscboat,281,380,215,313
201807051013_011,127,353,Sailboat,86,213,1,354
201807051013_011,13,17,Motorboat,508,521,249,266
201807051013_012,14,19,Motorboat,526,540,247,266
201807051013_013,21,21,Motorboat,577,598,249,270
201807051013_014,24,31,Motorboat,448,472,243,274
201807051013_015,34,35,Motorboat,286,320,253,288
201807051013_016,69,72,Motorboat,121,190,233,305
201807051013_011,18,67,Sailboat,520,538,200,267
201807051013_013,22,78,Sailboat,598,620,190,268
201807051013_014,28,98,Sailboat,472,500,175,273
201807051013_015,40,140,Sailboat,322,362,146,286
201807051013_016,90,204,Sailboat,190,280,93,297
201807051013_017,106,73,Motorboat,292,398,302,375
201807051013_018,38,22,Motorboat,627,665,256,278
201807051013_019,16,18,Boat,754,770,270,288
201807051013_020,58,44,Boat,868,926,259,303
201807051013_021,102,96,Boat,1049,1151,274,370
201807051013_020,61,38,Miscboat,803,864,266,304
201807051013_021,97,81,Boat,934,1031,285,366
201807051013_016,49,149,Sailboat,688,737,107,256
201807051013_017,58,172,Sailboat,693,751,86,258
201807051013_018,89,193,Sailboat,657,746,66,259
201807051013_019,85,240,Sailboat,746,831,19,259
201807051013_020,97,262,Sailboat,853,950,1,263
201807051013_021,193,260,Sailboat,891,1084,4,264
201807051013_023,250,172,Militaryship,884,1134,147,319
201807051013_024,125,127,Militaryship,1155,1280,213,340
201807051013_022,56,49,Miscboat,1165,1221,260,309
201807051013_023,135,79,Militaryship,1139,1274,264,343
201807051013_019,99,59,Motorboat,174,273,298,357
201807051013_020,81,60,Motorboat,364,445,295,355
201807051013_021,60,72,Cruiseship,825,885,198,270
201807051013_022,70,144,Cruiseship,987,1057,136,280
201807051013_023,155,207,Cruiseship,733,888,80,287
201807051013_024,290,191,Cruiseship,805,1095,115,306
201807051013_025,472,361,Cruiseship,810,1282,1,362
201807051013_026,340,369,Cruiseship,943,1283,1,370
201807051013_023,36,48,Militaryship,684,720,218,266
201807051013_024,51,56,Militaryship,727,778,213,269
201807051013_025,58,73,Militaryship,685,743,202,275
201807051013_026,67,82,Militaryship,758,825,196,278
201807051013_027,103,108,Militaryship,787,890,182,290
201807051013_028,113,131,Militaryship,702,815,160,291
201807051013_029,162,181,Militaryship,742,904,123,304
201807051013_030,356,359,Militaryship,811,1167,8,367
201807051013_010,20,16,Motorboat,750,770,268,284
201807051013_011,23,18,Motorboat,691,714,270,288
201807051013_012,35,26,Motorboat,694,729,275,301
201807051013_013,29,27,Motorboat,759,788,276,303
201807051013_014,37,34,Motorboat,674,711,282,316
201807051013_015,59,49,Motorboat,528,587,293,342
201807051013_016,69,65,Motorboat,408,477,307,372
201807051013_018,87,65,Motorboat,142,229,302,367
201807051013_021,68,53,Motorboat,422,490,298,351
201807051013_022,60,40,Motorboat,728,788,299,339
201807051013_023,54,35,Motorboat,676,730,297,332
201807051013_024,47,35,Motorboat,704,751,297,332
201807051013_025,43,35,Motorboat,623,666,292,327
201807051013_026,50,31,Motorboat,694,744,292,323
201807051013_027,51,30,Motorboat,660,711,291,321
201807051013_028,44,33,Motorboat,511,555,292,325
201807051013_029,45,32,Motorboat,501,546,293,325
201807051013_030,58,26,Motorboat,320,378,295,321
201807051013_031,51,35,Motorboat,136,187,296,331
201807051013_031,69,14,Miscboat,504,573,252,266
201807051013_032,79,14,Miscboat,371,450,253,267
201807051013_033,99,17,Miscboat,275,374,252,269
201807051013_034,115,35,Miscboat,38,153,247,282
201807051013_029,24,14,Motorboat,701,725,249,263
201807051013_030,26,15,Motorboat,733,759,248,263
201807051013_031,31,17,Motorboat,734,765,249,266
201807051013_032,20,13,Motorboat,644,664,252,265
201807051013_033,22,14,Motorboat,600,622,252,266
201807051013_034,35,20,Motorboat,434,469,251,271
201807051013_000,83,132,Motorboat,7,90,254,386
201807051013_008,155,259,Sailboat,961,1116,73,332
201807051013_012,181,282,Sailboat,1056,1237,49,331
201807051013_031,26,51,Sailboat,271,297,218,269
201807051013_031,41,48,Sailboat,296,337,220,268
201807051013_031,26,54,Sailboat,232,258,216,270
201807051013_027,122,267,Cruiseship,1159,1281,87,354
201807051013_031,24,13,Motorboat,169,193,258,271
201807051013_032,29,13,Motorboat,615,644,252,265
201807051013_022,78,99,Militaryship,1060,1138,193,292
201807051013_034,41,23,Militaryship,822,863,245,268
201807051013_009,150,322,Sailboat,1100,1250,26,348
201807051013_019,18,11,Boat,498,516,268,279
201807051013_020,29,18,Boat,351,380,283,301
201807051030_001,6,16,Seamark,420,426,252,268
201807051030_002,7,18,Seamark,293,300,255,273
201807051030_003,8,20,Seamark,216,224,255,275
201807051030_004,9,26,Seamark,199,208,257,283
201807051030_001,5,10,Seamark,241,246,254,264
201807051030_002,6,11,Seamark,121,127,259,270
201807051030_003,7,12,Seamark,69,76,259,271
201807051030_004,4,13,Seamark,92,96,260,273
201807051030_002,68,23,Militaryship,576,644,238,261
201807051030_003,66,20,Militaryship,567,633,241,261
201807051030_004,87,21,Militaryship,631,718,241,262
201807051030_005,89,26,Militaryship,608,697,238,264
201807051030_006,100,32,Militaryship,552,652,234,266
201807051030_007,105,33,Militaryship,443,548,232,265
201807051030_008,122,52,Militaryship,586,708,219,271
201807051030_009,150,37,Militaryship,396,546,235,272
201807051030_010,195,74,Militaryship,637,832,200,274
201807051030_011,239,113,Militaryship,765,1004,171,284
201807051030_012,364,192,Militaryship,834,1198,122,314
201807051030_008,20,8,Motorboat,341,361,256,264
201807051030_009,35,16,Motorboat,130,165,256,272
201807051030_010,32,15,Motorboat,340,372,254,269
201807051030_011,29,14,Motorboat,393,422,252,266
201807051030_012,44,40,Motorboat,270,314,233,273
201807051030_013,47,44,Motorboat,256,303,233,277
201807051030_014,43,40,Motorboat,158,201,243,283
201807051030_010,6,15,Seamark,206,212,259,274
201807051030_011,14,29,Seamark,197,211,252,281
201807051030_012,13,26,Seamark,2,15,262,288
201807051030_000,68,21,Militaryship,701,769,245,266
201807051030_001,74,22,Militaryship,676,750,243,265
201807051030_002,47,15,Militaryship,595,642,245,260
201807051030_003,45,13,Militaryship,583,628,245,258
201807051030_004,51,14,Militaryship,657,708,244,258
201807051030_006,65,19,Militaryship,576,641,241,260
201807051030_007,71,20,Militaryship,466,537,239,259
201807051030_008,84,26,Militaryship,616,700,240,266
201807051030_010,141,43,Militaryship,675,816,231,274
201807051030_008,28,20,Motorboat,394,422,244,264
201807051030_009,33,23,Motorboat,196,229,246,269
201807051030_010,36,25,Motorboat,418,454,240,265
201807051030_011,44,23,Motorboat,482,526,240,263
201807051030_012,55,28,Motorboat,385,440,242,270
201807051030_013,73,37,Motorboat,386,459,239,276
201807051030_014,46,39,Motorboat,303,349,240,279
201807051030_008,22,14,Motorboat,363,385,250,264
201807051030_009,24,15,Motorboat,161,185,254,269
201807051030_010,26,16,Motorboat,373,399,250,266
201807051030_011,45,23,Motorboat,428,473,242,265
201807051030_012,55,27,Motorboat,321,376,245,272
201807051030_013,76,38,Motorboat,309,385,241,279
201807051030_014,53,38,Motorboat,248,301,243,281
201807051030_008,31,19,Passengership,424,455,244,263
201807051030_009,34,21,Passengership,229,263,246,267
201807051030_010,39,24,Passengership,454,493,241,265
201807051030_011,59,23,Passengership,528,587,239,262
201807051030_012,80,31,Passengership,438,518,239,270
201807051030_013,109,42,Passengership,446,555,234,276
201807051030_014,91,62,Passengership,378,469,215,277
201807051030_015,99,54,Passengership,4,103,227,281
201807051030_016,4,39,Seamark,950,954,274,313
201807051030_017,11,58,Seamark,1062,1073,282,340
201807051030_016,23,12,Motorboat,396,419,276,288
201807051030_017,27,21,Motorboat,232,259,280,301
201807051030_013,14,15,Motorboat,945,959,257,272
201807051030_014,18,17,Motorboat,953,971,267,284
201807051030_015,24,19,Motorboat,697,721,259,278
201807051030_016,27,28,Motorboat,560,587,257,285
201807051030_017,39,30,Motorboat,460,499,257,287
201807051030_018,72,55,Motorboat,21,93,263,318
201807051030_016,5,23,Seamark,781,786,269,292
201807051030_017,6,25,Seamark,754,760,272,297
201807051030_018,8,60,Seamark,470,478,283,343
201807051030_014,60,49,Sailboat,1021,1081,240,289
201807051030_015,62,64,Sailboat,804,866,218,282
201807051030_016,79,74,Sailboat,684,763,214,288
201807051030_017,98,105,Sailboat,633,731,195,300
201807051030_018,134,96,Sailboat,255,389,225,321
201807051030_020,79,33,Motorboat,691,770,255,288
201807051030_021,107,36,Motorboat,1168,1275,250,286
201807051030_022,6,13,Seamark,835,841,253,266
201807051030_023,4,13,Seamark,690,694,254,267
201807051030_024,9,22,Seamark,457,466,255,277
201807051030_025,9,28,Seamark,169,178,267,295
201807051030_023,7,17,Seamark,1156,1163,260,277
201807051030_024,11,35,Seamark,1128,1139,250,285
201807051030_025,16,48,Seamark,1129,1145,254,302
201807051030_026,28,99,Seamark,1213,1241,251,350
201807051030_025,5,11,Seamark,1059,1064,256,267
201807051030_026,7,16,Seamark,780,787,248,264
201807051030_027,6,15,Seamark,678,684,250,265
201807051030_028,5,14,Seamark,769,774,252,266
201807051030_029,5,13,Seamark,773,778,254,267
201807051030_030,11,20,Seamark,784,795,256,276
201807051030_031,10,33,Seamark,902,912,249,282
201807051030_032,9,36,Seamark,954,963,251,287
201807051030_033,18,63,Seamark,1032,1050,244,307
201807051030_034,23,101,Seamark,1258,1281,245,346
201807051030_025,4,12,Seamark,802,806,253,265
201807051030_026,6,19,Seamark,481,487,251,270
201807051030_027,6,18,Seamark,337,343,255,273
201807051030_028,5,16,Seamark,392,397,257,273
201807051030_029,5,18,Seamark,323,328,260,278
201807051030_030,7,25,Seamark,204,211,264,289
201807051030_031,10,32,Seamark,112,122,267,299
201807051030_025,7,22,Sailboat,992,999,241,263
201807051030_026,8,24,Sailboat,699,707,238,262
201807051030_027,8,25,Sailboat,585,593,237,262
201807051030_028,6,21,Sailboat,671,677,240,261
201807051030_028,4,10,Seamark,428,432,256,266
201807051030_029,6,17,Seamark,382,388,253,270
201807051030_030,6,16,Seamark,321,327,257,273
201807051030_031,5,15,Seamark,331,336,258,273
201807051030_032,6,20,Seamark,285,291,256,276
201807051030_033,6,19,Seamark,229,235,261,280
201807051030_034,6,18,Seamark,143,149,267,285
201807051030_035,8,21,Seamark,72,80,269,290
201807051030_028,4,10,Seamark,659,663,253,263
201807051030_029,4,11,Seamark,639,643,251,262
201807051030_030,4,12,Seamark,612,616,251,263
201807051030_031,5,15,Seamark,667,672,252,267
201807051030_032,2,16,Seamark,655,657,253,269
201807051030_033,10,19,Seamark,632,642,254,273
201807051030_034,7,21,Seamark,594,601,253,274
201807051030_035,6,25,Seamark,653,659,253,278
201807051030_036,13,47,Seamark,807,820,244,291
201807051030_037,18,57,Seamark,981,999,248,305
201807051030_031,38,38,Seamark,885,923,242,280
201807051030_032,32,39,Seamark,936,968,250,289
201807051030_033,43,57,Seamark,1013,1056,244,301
201807051030_034,11,28,Seamark,588,599,249,277
201807051030_035,13,30,Seamark,646,659,249,279
201807051030_037,43,50,Seamark,966,1009,253,303
201807051030_038,21,68,Sailboat,15,36,220,288
201807051030_039,16,64,Sailboat,53,69,223,287
201807051030_038,36,67,Sailboat,37,73,218,285
201807051030_039,32,79,Sailboat,92,124,205,284
201807051030_040,49,121,Sailboat,91,140,179,300
201807051030_041,53,126,Sailboat,8,61,169,295
201807051030_042,49,67,Sailboat,27,76,231,298
201807051030_043,107,92,Sailboat,6,113,210,302
201807051030_044,53,24,Motorboat,642,695,261,285
201807051030_045,38,293,Sailboat,81,119,44,337
201807051030_042,85,106,Sailboat,8,93,198,304
201807051030_045,36,170,Sailboat,787,823,133,303
201807051030_044,41,23,Motorboat,7,48,281,304
201807051030_045,72,42,Motorboat,839,911,260,302
201807051030_040,18,10,Motorboat,343,361,265,275
201807051030_041,9,9,Motorboat,343,352,268,277
201807051030_042,21,18,Motorboat,424,445,265,283
201807051030_043,40,15,Motorboat,524,564,264,279
201807051030_000,148,93,Militaryship,109,257,184,277
201807051030_002,20,9,Boat,500,520,251,260
201807051030_014,102,153,Militaryship,1178,1280,179,332
201807051030_020,96,53,Militaryship,684,780,232,285
201807051030_020,184,33,Militaryship,794,978,252,285
201807051030_016,59,120,Sailboat,62,121,176,296
201807051030_020,43,223,Sailboat,1091,1134,84,307
201807051030_039,37,57,Sailboat,1,38,234,291
201807051030_039,68,89,Sailboat,70,138,200,289
201807051030_045,40,197,Sailboat,19,59,125,322
201807051030_045,63,334,Sailboat,138,201,9,343
201807051030_045,63,339,Sailboat,202,265,1,340
201807051030_045,89,333,Sailboat,272,361,1,334
201807051030_021,11,29,Seamark,236,247,266,295
201807051030_036,13,29,Seamark,6,19,273,302
201807051030_031,5,10,Seamark,682,687,252,262
201807051030_032,6,11,Seamark,668,674,252,263
201807051030_033,7,12,Seamark,648,655,252,264
201807051030_034,5,11,Seamark,617,622,255,266
201807051030_035,3,10,Seamark,677,680,256,266
201807051030_036,8,22,Seamark,824,832,247,269
201807051030_037,8,21,Seamark,952,960,249,270
201807051030_014,36,19,Miscboat,343,379,260,279
201807051030_014,49,23,Miscboat,192,241,260,283
201807051030_020,89,29,Miscboat,984,1073,257,286
201807051030_045,55,24,Miscboat,740,795,274,298
201807051030_045,40,22,Miscboat,693,733,270,292
201807051100_000,35,53,Sailboat,134,169,231,284
201807051100_001,23,54,Sailboat,1240,1263,223,277
201807051100_002,5,18,Seamark,142,147,270,288
201807051100_003,8,25,Seamark,102,110,268,293
201807051100_004,5,12,Seamark,1249,1254,259,271
201807051100_005,10,22,Seamark,1153,1163,244,266
201807051100_006,9,20,Seamark,697,706,255,275
201807051100_007,8,18,Seamark,534,542,253,271
201807051100_008,6,22,Seamark,385,391,258,280
201807051100_009,16,29,Seamark,250,266,262,291
201807051100_010,10,33,Seamark,48,58,277,310
201807051100_002,3,15,Seamark,846,849,253,268
201807051100_003,6,20,Seamark,881,887,252,272
201807051100_004,6,19,Seamark,868,874,253,272
201807051100_005,5,19,Seamark,749,754,253,272
201807051100_006,8,28,Seamark,189,197,270,298
201807051100_002,5,21,Seamark,1104,1109,253,274
201807051100_003,10,27,Seamark,1172,1182,253,280
201807051100_004,9,29,Seamark,1215,1224,256,285
201807051100_005,9,31,Seamark,1195,1204,253,284
201807051100_006,15,49,Seamark,922,937,251,300
201807051100_007,46,160,Seamark,1069,1115,230,390
201807051100_007,7,17,Seamark,979,986,248,265
201807051100_008,7,20,Seamark,958,965,251,271
201807051100_009,8,28,Seamark,942,950,249,277
201807051100_010,12,38,Seamark,889,901,251,289
201807051100_011,18,44,Seamark,840,858,254,298
201807051100_012,26,91,Seamark,866,892,250,341
201807051100_013,5,14,Seamark,307,312,264,278
201807051100_014,5,15,Seamark,243,248,265,280
201807051100_015,6,16,Seamark,141,147,274,290
201807051100_016,7,16,Seamark,40,47,286,302
201807051100_013,7,15,Seamark,731,738,254,269
201807051100_014,4,14,Seamark,742,746,257,271
201807051100_015,4,15,Seamark,765,769,260,275
201807051100_016,10,27,Seamark,790,800,257,284
201807051100_017,11,30,Seamark,798,809,256,286
201807051100_018,21,52,Seamark,860,881,260,312
201807051100_019,29,90,Seamark,981,1010,247,337
201807051100_024,13,16,Boat,192,205,274,290
201807051100_025,13,8,Boat,27,40,283,291
201807051100_020,60,32,Militaryship,1158,1218,229,261
201807051100_021,71,37,Militaryship,1078,1149,224,261
201807051100_022,77,40,Militaryship,1041,1118,221,261
201807051100_023,86,32,Militaryship,1062,1148,225,257
201807051100_024,90,52,Militaryship,1143,1233,212,264
201807051100_025,100,58,Militaryship,1122,1222,205,263
201807051100_026,108,48,Militaryship,1069,1177,220,268
201807051100_019,5,13,Seamark,922,927,253,266
201807051100_020,6,14,Seamark,864,870,252,266
201807051100_021,6,14,Seamark,778,784,253,267
201807051100_022,8,22,Seamark,734,742,250,272
201807051100_023,7,26,Seamark,745,752,252,278
201807051100_024,19,31,Seamark,816,835,256,287
201807051100_025,16,50,Seamark,808,824,245,295
201807051100_026,20,56,Seamark,762,782,252,308
201807051100_027,52,166,Seamark,1046,1098,242,408
201807051100_014,19,30,Cruiseship,672,691,229,259
201807051100_015,20,32,Cruiseship,666,686,228,260
201807051100_016,24,38,Cruiseship,660,684,225,263
201807051100_017,22,33,Cruiseship,639,661,226,259
201807051100_018,24,37,Cruiseship,619,643,227,264
201807051100_019,24,37,Cruiseship,612,636,223,260
201807051100_020,23,37,Cruiseship,528,551,224,261
201807051100_021,27,44,Cruiseship,410,437,224,268
201807051100_022,32,51,Cruiseship,335,367,219,270
201807051100_023,29,48,Cruiseship,306,335,222,270
201807051100_024,34,57,Cruiseship,330,364,214,271
201807051100_025,31,53,Cruiseship,251,282,217,270
201807051100_026,40,56,Cruiseship,145,185,218,274
201807051100_027,39,40,Cruiseship,204,243,234,274
201807051100_028,6,19,Seamark,791,797,259,278
201807051100_029,6,21,Seamark,756,762,264,285
201807051100_030,7,23,Seamark,917,924,271,294
201807051100_031,12,42,Seamark,998,1010,268,310
201807051100_032,16,58,Seamark,1058,1074,268,326
201807051100_034,4,21,Seamark,1097,1101,260,281
201807051100_035,8,28,Seamark,947,955,261,289
201807051100_032,35,12,Miscboat,502,537,265,277
201807051100_033,38,13,Miscboat,457,495,268,281
201807051100_034,42,14,Miscboat,307,349,274,288
201807051100_035,41,28,Miscboat,5,46,279,307
201807051100_028,7,18,Seamark,813,820,252,270
201807051100_029,5,15,Seamark,775,780,258,273
201807051100_030,10,37,Seamark,926,936,246,283
201807051100_031,10,27,Seamark,966,976,258,285
201807051100_032,10,36,Seamark,936,946,248,284
201807051100_033,18,37,Seamark,978,996,257,294
201807051100_034,22,65,Seamark,955,977,246,311
201807051100_035,32,100,Seamark,852,884,248,348
201807051100_035,162,76,Militaryship,1092,1254,210,286
201807051100_041,92,29,Motorboat,781,873,249,278
201807051100_042,110,42,Motorboat,1031,1141,253,295
201807051100_032,14,14,Passengership,1113,1127,244,258
201807051100_033,15,15,Passengership,1124,1139,249,264
201807051100_034,20,23,Passengership,1032,1052,240,263
201807051100_035,20,22,Passengership,822,842,243,265
201807051100_036,26,27,Passengership,878,904,237,264
201807051100_037,66,56,Passengership,314,380,235,291
201807051100_038,171,113,Passengership,10,181,221,334
201807051100_038,57,36,Passengership,277,334,255,291
201807051100_039,102,56,Passengership,10,112,264,320
201807051100_040,7,32,Seamark,812,819,264,296
201807051100_041,10,41,Seamark,755,765,278,319
201807051100_042,14,189,Seamark,1238,1252,270,459
201807051100_043,43,33,Boat,300,343,293,326
201807051100_044,18,15,Boat,459,477,277,292
201807051100_049,41,70,Militaryship,225,266,209,279
201807051100_050,53,82,Militaryship,292,345,199,281
201807051100_051,58,58,Militaryship,164,222,234,292
201807051100_052,114,145,Militaryship,166,280,174,319
201807051100_053,156,177,Militaryship,211,367,143,320
201807051100_054,145,249,Militaryship,1,146,96,345
201807051100_050,32,60,Cruiseship,326,358,210,270
201807051100_051,49,63,Cruiseship,226,275,213,276
201807051100_052,69,117,Cruiseship,323,392,174,291
201807051100_053,92,90,Cruiseship,459,551,185,275
201807051100_054,99,106,Cruiseship,353,452,179,285
201807051100_055,140,187,Cruiseship,303,443,113,300
201807051100_056,185,138,Cruiseship,280,465,157,295
201807051100_057,243,167,Cruiseship,203,446,139,306
201807051100_058,344,355,Cruiseship,-4,340,1,356
201807051100_056,21,43,Militaryship,456,477,237,280
201807051100_057,24,38,Militaryship,450,474,239,277
201807051100_058,34,55,Militaryship,354,388,230,285
201807051100_059,117,125,Militaryship,93,210,189,314
201807051100_052,18,40,Militaryship,392,410,240,280
201807051100_053,17,38,Militaryship,553,570,229,267
201807051100_054,30,44,Militaryship,454,484,230,274
201807051100_055,39,60,Militaryship,448,487,222,282
201807051100_056,39,40,Militaryship,478,517,237,277
201807051100_057,44,48,Militaryship,482,526,232,280
201807051100_058,71,89,Militaryship,383,454,196,285
201807051100_059,106,71,Militaryship,214,320,232,303
201807051100_060,205,95,Militaryship,7,212,222,317
201807051100_061,126,107,Militaryship,-2,124,228,335
201807051100_059,20,20,Militaryship,322,342,268,288
201807051100_060,44,35,Militaryship,217,261,263,298
201807051100_061,92,45,Militaryship,130,222,267,312
201807051100_056,29,14,Miscboat,517,546,260,274
201807051100_057,32,15,Miscboat,525,557,258,273
201807051100_058,35,16,Miscboat,459,494,257,273
201807051100_059,40,20,Miscboat,346,386,267,287
201807051100_060,44,22,Miscboat,276,320,270,292
201807051100_061,81,41,Miscboat,227,308,261,302
201807051100_062,150,61,Miscboat,10,160,279,340
201807051100_052,30,109,Sailboat,409,439,165,274
201807051100_053,56,112,Sailboat,552,608,150,262
201807051100_054,44,115,Sailboat,486,530,152,267
201807051100_055,42,137,Sailboat,496,538,134,271
201807051100_056,95,147,Sailboat,495,590,128,275
201807051100_057,62,162,Sailboat,534,596,112,274
201807051100_058,80,160,Sailboat,466,546,109,269
201807051100_059,130,215,Sailboat,325,455,69,284
201807051100_060,147,270,Sailboat,280,427,19,289
201807051100_061,158,290,Sailboat,308,466,1,291
201807051100_062,350,309,Sailboat,93,443,10,319
201807051100_063,400,334,Sailboat,1,401,1,335
201807051100_064,345,357,Sailboat,-2,343,1,358
201807051100_062,53,22,Passengership,429,482,267,289
201807051100_063,51,32,Passengership,378,429,267,299
201807051100_064,75,47,Passengership,310,385,264,311
201807051100_065,71,49,Passengership,6,77,298,347
201807051100_065,79,56,Miscboat,70,149,268,324
201807051100_062,31,16,Miscboat,482,513,267,283
201807051100_063,42,24,Miscboat,454,496,267,291
201807051100_064,59,33,Miscboat,421,480,265,298
201807051100_065,82,40,Miscboat,131,213,281,321
201807051100_066,155,54,Miscboat,7,162,298,352
201807051100_052,15,29,Sailboat,503,518,240,269
201807051100_053,16,32,Sailboat,674,690,227,259
201807051100_054,18,35,Sailboat,599,617,230,265
201807051100_055,16,34,Sailboat,622,638,231,265
201807051100_056,18,37,Sailboat,667,685,229,266
201807051100_057,20,41,Sailboat,689,709,224,265
201807051100_058,19,34,Sailboat,650,669,226,260
201807051100_059,20,36,Sailboat,574,594,229,265
201807051100_060,23,43,Sailboat,582,605,223,266
201807051100_061,23,59,Sailboat,652,675,204,263
201807051100_062,24,62,Sailboat,680,704,204,266
201807051100_063,26,69,Sailboat,686,712,202,271
201807051100_064,33,81,Sailboat,699,732,188,269
201807051100_065,39,91,Sailboat,541,580,184,275
201807051100_066,62,117,Sailboat,699,761,159,276
201807051100_067,56,136,Sailboat,821,877,141,277
201807051100_068,88,185,Sailboat,842,930,105,290
201807051100_069,137,239,Sailboat,825,962,52,291
201807051100_070,172,351,Sailboat,1109,1281,1,352
201807051100_073,75,98,Sailboat,134,209,202,300
201807051100_074,77,129,Sailboat,46,123,181,310
201807051100_075,90,118,Sailboat,95,185,198,316
201807051100_071,41,33,Miscboat,768,809,242,275
201807051100_072,42,40,Miscboat,696,738,240,280
201807051100_073,51,90,Miscboat,601,652,200,290
201807051100_074,67,65,Miscboat,624,691,232,297
201807051100_075,111,98,Miscboat,884,995,213,311
201807051100_076,187,242,Miscboat,1090,1277,174,416
201807051100_074,19,21,Motorboat,566,585,259,280
201807051100_075,26,26,Motorboat,794,820,259,285
201807051100_076,41,41,Motorboat,791,832,259,300
201807051100_074,71,108,Sailboat,240,311,176,284
201807051100_075,109,145,Sailboat,377,486,140,285
201807051100_074,22,86,Sailboat,513,535,190,276
201807051100_075,30,100,Sailboat,733,763,173,273
201807051100_076,34,141,Sailboat,684,718,145,286
201807051100_073,22,16,Boat,425,447,274,290
201807051100_074,32,21,Boat,320,352,288,309
201807051100_073,165,99,Boat,894,1059,347,446
201807051100_074,103,71,Boat,586,689,330,401
201807051100_075,81,61,Boat,652,733,327,388
201807051100_076,77,78,Boat,704,781,307,385
201807051100_073,46,15,Ferry,423,469,255,270
201807051100_074,51,16,Ferry,401,452,256,272
201807051100_075,35,21,Ferry,578,613,250,271
201807051100_071,34,67,Sailboat,437,471,214,281
201807051100_072,38,76,Sailboat,328,366,211,287
201807051100_073,48,96,Sailboat,183,231,206,302
201807051100_074,59,115,Sailboat,123,182,191,306
201807051100_075,58,142,Sailboat,245,303,161,303
201807051100_070,110,63,Boat,120,230,316,379
201807051100_071,65,50,Boat,278,343,306,356
201807051100_072,58,36,Boat,216,274,309,345
201807051100_073,52,38,Boat,56,108,304,342
201807051100_074,45,23,Boat,56,101,305,328
201807051100_075,41,18,Boat,333,374,295,313
201807051100_076,46,28,Boat,288,334,284,312
201807051100_000,45,24,Motorboat,379,424,253,277
201807051100_035,17,17,Miscboat,787,804,247,264
201807051100_041,23,20,Motorboat,893,916,250,270
201807051100_044,22,10,Motorboat,1003,1025,259,269
201807051100_044,18,12,Motorboat,973,991,257,269
201807051100_044,18,8,Motorboat,947,965,261,269
201807051100_044,16,9,Motorboat,788,804,262,271
201807051100_044,7,5,Boat,758,765,265,270
201807051100_068,27,8,Boat,497,524,260,268
201807051100_075,97,39,Motorboat,34,131,288,327
201807051100_075,81,32,Motorboat,189,270,277,309
201807051100_000,174,349,Sailboat,1088,1262,0,349
201807051100_000,167,283,Sailboat,844,1011,38,321
201807051100_000,99,240,Sailboat,658,757,66,306
201807051100_000,42,69,Sailboat,316,358,207,276
201807051100_000,50,75,Sailboat,226,276,208,283
201807051100_044,33,9,Miscboat,824,857,262,271
201807051100_074,54,96,Sailboat,202,256,194,290
201807051100_074,26,93,Sailboat,538,564,184,277
201807051100_059,88,262,Cruiseship,10,98,82,344
201807051100_013,13,13,Motorboat,595,608,264,277
201807051100_070,57,59,Miscboat,1049,1106,257,316
201807051100_029,126,77,Militaryship,1062,1188,193,270
201807051100_037,443,181,Militaryship,837,1280,117,298
201807051100_067,42,82,Miscboat,134,176,238,320
201807051100_001,5,14,Seamark,477,482,262,276
201807051100_001,7,19,Seamark,712,719,256,275
201807051100_001,3,8,Seamark,830,833,256,264
201807051100_019,6,13,Seamark,283,289,263,276
201807051100_031,9,26,Seamark,1272,1281,266,292
201807051100_037,8,67,Seamark,782,790,281,348
201807051100_001,26,46,Miscellaneous,725,751,359,405
201807051100_001,14,8,Miscellaneous,990,1004,337,345
201807051100_001,7,6,Miscellaneous,873,880,307,313
201807051100_068,27,10,Ferry,609,636,251,261
201807051131_000,64,171,Sailboat,210,274,154,325
201807051131_001,116,59,Motorboat,102,218,277,336
201807051131_000,56,233,Sailboat,94,150,114,347
201807051131_001,113,274,Sailboat,0,113,88,362
201807051131_002,91,47,Motorboat,0,91,290,337
201807051131_001,97,169,Sailboat,316,413,136,305
201807051131_002,130,238,Sailboat,66,196,94,332
201807051131_003,64,124,Sailboat,1,65,197,321
201807051131_000,58,238,Sailboat,146,204,87,325
201807051131_000,45,64,Passengership,810,855,223,287
201807051131_001,117,158,Passengership,904,1021,148,306
201807051131_002,186,93,Passengership,838,1024,210,303
201807051131_003,441,240,Passengership,840,1281,154,394
201807051131_000,32,38,Passengership,770,802,235,273
201807051131_001,49,48,Passengership,841,890,234,282
201807051131_002,52,49,Passengership,749,801,233,282
201807051131_003,75,78,Passengership,698,773,216,294
201807051131_004,163,140,Passengership,833,996,200,340
201807051131_005,266,178,Passengership,1008,1274,214,392
201807051131_001,45,27,Boat,434,479,279,306
201807051131_002,33,24,Boat,356,389,283,307
201807051131_003,37,31,Boat,232,269,288,319
201807051131_004,50,34,Boat,268,318,294,328
201807051131_005,47,32,Boat,106,153,307,339
201807051131_006,40,43,Boat,1,41,313,356
201807051131_000,23,23,Passengership,515,538,250,273
201807051131_001,33,39,Passengership,539,572,238,277
201807051131_002,32,37,Passengership,400,432,244,281
201807051131_003,35,40,Passengership,297,332,248,288
201807051131_004,59,45,Passengership,297,356,243,288
201807051131_005,94,44,Passengership,176,270,252,296
201807051131_006,83,72,Passengership,1,84,246,318
201807051131_005,54,24,Miscboat,763,817,265,289
201807051131_006,71,69,Miscboat,792,863,250,319
201807051131_005,27,26,Miscboat,827,854,274,300
201807051131_006,150,75,Miscboat,956,1106,266,341
201807051131_004,26,28,Motorboat,696,722,245,273
201807051131_005,34,29,Motorboat,719,753,249,278
201807051131_006,52,41,Motorboat,719,771,249,290
201807051131_007,87,69,Motorboat,780,867,238,307
201807051131_008,233,144,Motorboat,1003,1236,226,370
201807051131_004,33,27,Passengership,411,444,250,277
201807051131_005,51,22,Passengership,363,414,258,280
201807051131_006,65,41,Passengership,259,324,247,288
201807051131_007,97,55,Passengership,141,238,252,307
201807051131_008,121,117,Passengership,1,122,209,326
201807051131_006,20,18,Miscboat,336,356,266,284
201807051131_007,38,25,Miscboat,255,293,270,295
201807051131_008,57,29,Miscboat,158,215,277,306
201807051131_005,15,16,Miscboat,529,544,249,265
201807051131_006,30,24,Miscboat,481,511,249,273
201807051131_007,32,18,Miscboat,481,513,258,276
201807051131_008,40,19,Miscboat,505,545,257,276
201807051131_009,50,33,Miscboat,439,489,247,280
201807051131_010,69,39,Miscboat,384,453,251,290
201807051131_011,100,43,Miscboat,147,247,268,311
201807051131_012,124,68,Miscboat,1,125,250,318
201807051131_005,15,16,Miscboat,546,561,250,266
201807051131_006,17,21,Miscboat,512,529,250,271
201807051131_007,19,16,Miscboat,513,532,257,273
201807051131_008,22,27,Miscboat,546,568,248,275
201807051131_009,29,21,Miscboat,490,519,256,277
201807051131_010,38,23,Miscboat,454,492,259,282
201807051131_011,62,30,Miscboat,258,320,269,299
201807051131_012,75,35,Miscboat,155,230,275,310
201807051131_013,99,54,Miscboat,0,99,275,329
201807051131_013,70,23,Motorboat,1045,1115,269,292
201807051131_014,90,27,Motorboat,665,755,272,299
201807051131_011,37,33,Miscboat,952,989,257,290
201807051131_012,43,38,Miscboat,1054,1097,264,302
201807051131_013,108,80,Miscboat,1157,1265,258,338
201807051131_014,192,70,Miscboat,908,1100,273,343
201807051131_015,103,77,Motorboat,345,448,267,344
201807051131_016,21,41,Motorboat,0,21,253,294
201807051131_015,39,19,Miscboat,926,965,272,291
201807051131_016,72,32,Miscboat,625,697,265,297
201807051131_017,97,41,Miscboat,626,723,275,316
201807051131_018,70,103,Miscboat,1212,1282,297,400
201807051131_015,95,36,Passengership,819,914,252,288
201807051131_016,121,71,Passengership,493,614,221,292
201807051131_017,154,60,Passengership,452,606,244,304
201807051131_018,296,221,Passengership,853,1149,138,359
201807051131_018,40,31,Motorboat,103,143,260,291
201807051131_019,98,54,Miscboat,132,230,253,307
201807051131_015,43,43,Passengership,666,709,235,278
201807051131_016,39,37,Passengership,316,355,240,277
201807051131_017,52,27,Passengership,272,324,255,282
201807051131_018,59,45,Passengership,619,678,250,295
201807051131_019,88,89,Passengership,924,1012,224,313
201807051131_020,190,139,Passengership,1072,1262,211,350
201807051131_018,26,23,Miscboat,174,200,261,284
201807051131_019,47,31,Miscboat,299,346,258,289
201807051131_020,63,29,Miscboat,119,182,266,295
201807051131_018,37,24,Miscboat,203,240,258,282
201807051131_019,52,31,Miscboat,358,410,254,285
201807051131_020,75,31,Miscboat,221,296,258,289
201807051131_021,127,48,Miscboat,60,187,253,301
201807051131_015,36,19,Miscboat,578,614,253,272
201807051131_016,40,21,Miscboat,226,266,251,272
201807051131_017,37,16,Miscboat,194,231,259,275
201807051131_018,39,26,Miscboat,547,586,256,282
201807051131_019,49,36,Miscboat,811,860,252,288
201807051131_020,71,42,Miscboat,818,889,252,294
201807051131_021,104,66,Miscboat,916,1020,253,319
201807051131_019,36,38,Passengership,410,446,242,280
201807051131_020,52,39,Passengership,303,355,243,282
201807051131_021,105,65,Passengership,194,299,228,293
201807051131_018,57,20,Ferry,368,425,254,274
201807051131_019,73,23,Ferry,656,729,254,277
201807051131_020,23,8,Boat,631,654,258,266
201807051131_021,20,16,Motorboat,622,642,254,270
201807051131_022,17,16,Motorboat,678,695,255,271
201807051131_023,15,18,Motorboat,753,768,255,273
201807051131_024,14,15,Motorboat,751,765,259,274
201807051131_025,12,14,Motorboat,688,700,257,271
201807051131_026,11,13,Motorboat,577,588,257,270
201807051131_027,15,15,Motorboat,668,683,258,273
201807051131_028,19,15,Motorboat,651,670,258,273
201807051131_029,17,16,Motorboat,674,691,257,273
201807051131_030,21,16,Motorboat,650,671,258,274
201807051131_031,18,16,Motorboat,605,623,258,274
201807051131_032,13,13,Boat,611,624,260,273
201807051131_033,19,15,Motorboat,656,675,257,272
201807051131_034,19,15,Motorboat,689,708,258,273
201807051131_036,23,19,Motorboat,752,775,258,277
201807051131_037,18,17,Motorboat,832,850,260,277
201807051131_038,17,18,Motorboat,832,849,258,276
201807051131_039,16,16,Motorboat,538,554,257,273
201807051131_040,16,15,Motorboat,576,592,257,272
201807051131_041,13,12,Motorboat,568,581,259,271
201807051131_042,17,16,Motorboat,652,669,258,274
201807051131_043,19,16,Motorboat,598,617,257,273
201807051131_045,25,16,Motorboat,640,665,257,273
201807051131_046,27,16,Motorboat,763,790,261,277
201807051131_047,24,17,Boat,795,819,263,280
201807051131_049,49,55,Militaryship,852,901,221,276
201807051131_050,59,64,Militaryship,662,721,210,274
201807051131_018,31,26,Passengership,252,283,250,276
201807051131_019,40,36,Passengership,445,485,240,276
201807051131_020,51,37,Passengership,357,408,242,279
201807051131_021,79,56,Passengership,300,379,227,283
201807051131_022,170,109,Passengership,91,261,209,318
201807051131_020,32,66,Sailboat,776,808,217,283
201807051131_021,56,85,Sailboat,845,901,206,291
201807051131_022,112,154,Miscboat,1027,1139,167,321
201807051131_020,68,20,Ferry,691,759,255,275
201807051131_021,82,24,Ferry,768,850,256,280
201807051131_022,137,48,Ferry,878,1015,252,300
201807051131_023,110,85,Ferry,1168,1278,258,343
201807051131_018,32,28,Passengership,281,313,244,272
201807051131_019,53,32,Passengership,484,537,241,273
201807051131_020,54,45,Passengership,411,465,231,276
201807051131_021,66,44,Passengership,397,463,232,276
201807051131_022,128,75,Passengership,339,467,216,291
201807051131_023,222,103,Passengership,159,381,209,312
201807051131_018,24,53,Sailboat,475,499,218,271
201807051131_019,28,62,Sailboat,725,753,212,274
201807051131_021,46,84,Sailboat,720,766,197,281
201807051131_023,71,156,Sailboat,944,1015,153,309
201807051131_025,152,334,Sailboat,1129,1281,24,358
201807051131_026,146,363,Sailboat,1084,1230,2,365
201807051131_023,65,130,Sailboat,889,954,165,295
201807051131_024,202,54,Motorboat,1028,1230,273,327
201807051131_025,110,261,Sailboat,994,1104,65,326
201807051131_026,124,339,Sailboat,1023,1147,4,343
201807051131_023,113,196,Sailboat,1003,1116,115,311
201807051131_024,109,271,Sailboat,1172,1281,80,351
201807051131_022,18,34,Motorboat,520,538,243,277
201807051131_023,34,37,Motorboat,506,540,243,280
201807051131_024,46,62,Motorboat,418,464,229,291
201807051131_025,111,120,Motorboat,186,297,199,319
201807051131_025,93,182,Sailboat,838,931,113,295
201807051131_026,102,243,Sailboat,785,887,62,305
201807051131_027,132,227,Sailboat,956,1088,90,317
201807051131_020,15,58,Sailboat,523,538,208,266
201807051131_021,29,72,Sailboat,529,558,199,271
201807051131_022,23,96,Sailboat,561,584,180,276
201807051131_023,26,104,Sailboat,580,606,174,278
201807051131_024,41,156,Sailboat,524,565,135,291
201807051131_025,38,47,Miscboat,475,513,229,276
201807051131_026,39,49,Miscboat,332,371,229,278
201807051131_027,59,59,Miscboat,333,392,226,285
201807051131_028,94,92,Miscboat,176,270,214,306
201807051131_026,34,27,Motorboat,267,301,262,289
201807051131_027,73,45,Motorboat,145,218,271,316
201807051131_026,29,18,Boat,241,270,273,291
201807051131_027,55,30,Boat,87,142,289,319
201807051131_018,21,50,Sailboat,313,334,216,266
201807051131_019,19,62,Sailboat,537,556,208,270
201807051131_020,23,91,Sailboat,482,505,177,268
201807051131_021,28,108,Sailboat,484,512,165,273
201807051131_022,33,142,Sailboat,487,520,137,279
201807051131_023,51,197,Sailboat,465,516,85,282
201807051131_024,98,306,Sailboat,315,413,1,307
201807051131_025,190,349,Sailboat,0,190,1,350
201807051131_023,29,116,Sailboat,543,572,164,280
201807051131_024,56,164,Sailboat,460,516,128,292
201807051131_025,82,239,Sailboat,310,392,67,306
201807051131_027,25,21,Miscboat,497,522,247,268
201807051131_028,20,19,Miscboat,454,474,251,270
201807051131_029,27,25,Miscboat,428,455,249,274
201807051131_030,40,27,Miscboat,362,402,255,282
201807051131_031,48,42,Miscboat,250,298,247,289
201807051131_032,71,60,Miscboat,3,74,252,312
201807051131_023,18,46,Sailboat,656,674,220,266
201807051131_024,20,52,Sailboat,630,650,216,268
201807051131_025,22,59,Sailboat,559,581,209,268
201807051131_026,16,80,Sailboat,444,460,185,265
201807051131_027,17,74,Sailboat,515,532,193,267
201807051131_028,22,70,Sailboat,473,495,197,267
201807051131_029,29,87,Sailboat,451,480,185,272
201807051131_030,51,125,Sailboat,396,447,157,282
201807051131_031,62,151,Sailboat,297,359,134,285
201807051131_032,115,245,Sailboat,86,201,58,303
201807051131_032,26,23,Miscboat,680,706,253,276
201807051131_033,30,28,Miscboat,708,738,252,280
201807051131_034,36,31,Miscboat,727,763,253,284
201807051131_035,36,34,Miscboat,792,828,259,293
201807051131_036,55,54,Miscboat,866,921,260,314
201807051131_038,71,38,Miscboat,1194,1265,277,315
201807051131_024,51,76,Sailboat,770,821,193,269
201807051131_025,55,84,Sailboat,708,763,178,262
201807051131_026,54,82,Sailboat,601,655,176,258
201807051131_027,44,87,Sailboat,691,735,172,259
201807051131_028,52,103,Sailboat,679,731,156,259
201807051131_029,50,98,Sailboat,694,744,157,255
201807051131_030,85,119,Sailboat,697,782,140,259
201807051131_031,103,127,Sailboat,667,770,128,255
201807051131_032,96,163,Sailboat,673,769,100,263
201807051131_033,107,188,Sailboat,700,807,82,270
201807051131_034,121,212,Sailboat,706,827,58,270
201807051131_035,151,249,Sailboat,759,910,13,262
201807051131_036,177,271,Sailboat,812,989,7,278
201807051131_037,225,282,Sailboat,985,1210,1,283
201807051131_039,266,172,Militaryship,794,1060,147,319
201807051131_040,338,313,Militaryship,942,1280,67,380
201807051131_037,55,60,Militaryship,921,976,226,286
201807051131_038,91,79,Militaryship,992,1083,219,298
201807051131_037,85,81,Cruiseship,887,972,196,277
201807051131_038,101,86,Cruiseship,913,1014,190,276
201807051131_039,192,131,Cruiseship,616,808,152,283
201807051131_040,250,179,Cruiseship,686,936,121,300
201807051131_041,393,274,Cruiseship,694,1087,60,334
201807051131_042,457,430,Cruiseship,823,1280,1,431
201807051131_040,10,10,Boat,514,524,255,265
201807051131_041,6,8,Boat,475,481,258,266
201807051131_042,16,14,Boat,484,500,260,274
201807051131_043,27,24,Boat,347,374,266,290
201807051131_040,20,36,Sailboat,607,627,229,265
201807051131_041,23,54,Sailboat,519,542,212,266
201807051131_042,22,97,Sailboat,512,534,175,272
201807051131_043,31,155,Sailboat,418,449,123,278
201807051131_044,63,273,Sailboat,193,256,24,297
201807051131_038,29,37,Militaryship,882,911,236,273
201807051131_039,45,52,Militaryship,576,621,220,272
201807051131_040,41,58,Militaryship,633,674,217,275
201807051131_041,52,64,Militaryship,620,672,211,275
201807051131_042,64,89,Militaryship,700,764,197,286
201807051131_043,95,129,Militaryship,711,806,166,295
201807051131_044,164,173,Militaryship,669,833,138,311
201807051131_045,480,473,Militaryship,802,1282,1,474
201807051131_045,29,9,Motorboat,747,776,258,267
201807051131_046,20,13,Motorboat,741,761,257,270
201807051131_046,22,14,Motorboat,720,742,257,271
201807051131_047,24,15,Motorboat,552,576,255,270
201807051131_048,26,16,Motorboat,410,436,252,268
201807051131_049,40,24,Motorboat,174,214,256,280
201807051131_047,47,15,Motorboat,554,601,257,272
201807051131_048,59,18,Motorboat,407,466,252,270
201807051131_049,38,27,Motorboat,213,251,254,281
201807051131_050,7,6,Motorboat,913,920,265,271
201807051131_051,12,7,Motorboat,661,673,259,266
201807051131_052,19,8,Motorboat,168,187,254,262
201807051131_047,47,25,Militaryship,884,931,253,278
201807051131_048,39,21,Militaryship,808,847,253,274
201807051131_049,50,27,Militaryship,683,733,248,275
201807051131_050,73,42,Militaryship,457,530,235,277
201807051131_051,90,59,Militaryship,168,258,221,280
201807051131_051,6,14,Seamark,794,800,259,273
201807051131_052,8,17,Seamark,362,370,253,270
201807051131_050,99,41,Militaryship,704,803,233,274
201807051131_051,132,54,Militaryship,482,614,224,278
201807051131_052,139,91,Militaryship,-2,137,189,280
201807051131_050,14,14,Boat,1004,1018,270,284
201807051131_051,19,13,Boat,933,952,271,284
201807051131_052,16,12,Boat,529,545,262,274
201807051131_005,135,94,Miscboat,846,981,231,325
201807051131_011,105,130,Motorboat,1172,1277,224,354
201807051131_017,64,25,Boat,721,785,295,320
201807051131_028,49,15,Boat,1025,1074,326,341
201807051131_038,51,48,Boat,1085,1136,260,308
201807051131_050,56,41,Boat,571,627,234,275
201807051131_000,219,387,Sailboat,1032,1251,1,388
201807051131_001,136,350,Sailboat,1046,1182,1,351
201807051131_000,133,380,Sailboat,896,1029,1,381
201807051131_000,107,151,Sailboat,268,375,150,301
201807051131_000,86,312,Sailboat,13,99,35,347
201807051131_018,39,51,Sailboat,445,484,211,262
201807051131_026,86,378,Sailboat,1189,1275,4,382
201807051131_026,116,324,Sailboat,31,147,3,327
201807051131_025,57,208,Sailboat,393,450,93,301
201807051131_046,26,51,Sailboat,240,266,216,267
201807051131_018,41,52,Motorboat,1,42,255,307
201807051131_046,27,15,Motorboat,133,160,255,270
201807051131_039,173,100,Militaryship,1068,1241,260,360
201807051131_007,188,136,Miscboat,996,1184,240,376
201807051131_027,201,351,Sailboat,1079,1280,0,351
201807051131_051,6,10,Seamark,732,738,263,273
201807051131_052,3,8,Seamark,182,185,256,264
201807051131_051,6,9,Seamark,610,616,256,265
201807051131_051,5,9,Seamark,623,628,257,266
201807051131_051,7,9,Seamark,747,754,260,269
201807051131_051,5,7,Seamark,835,840,261,268
201807051131_002,154,39,Ferry,75,229,261,300
201807051131_000,23,24,Miscellaneous,523,546,388,412
201807051201_000,13,21,Seamark,200,213,255,276
201807051201_001,8,33,Seamark,227,235,251,284
201807051201_001,18,17,Passengership,476,494,250,267
201807051201_002,24,26,Passengership,284,308,246,272
201807051201_003,68,55,Passengership,141,209,227,282
201807051201_000,27,15,Boat,355,382,258,273
201807051201_001,29,19,Boat,333,362,257,276
201807051201_002,10,15,Boat,102,112,259,274
201807051201_003,12,11,Boat,117,129,258,269
201807051201_006,9,16,Seamark,258,267,252,268
201807051201_007,9,15,Seamark,101,110,258,273
201807051201_008,6,19,Seamark,38,44,263,282
201807051201_009,70,87,Militaryship,887,957,222,309
201807051201_010,121,113,Militaryship,979,1100,217,330
201807051201_011,208,143,Militaryship,1018,1226,226,369
201807051201_005,21,10,Miscboat,392,413,248,258
201807051201_006,21,8,Miscboat,486,507,252,260
201807051201_007,30,13,Miscboat,375,405,252,265
201807051201_008,38,17,Miscboat,401,439,255,272
201807051201_009,38,15,Miscboat,224,262,256,271
201807051201_010,41,24,Miscboat,136,177,254,278
201807051201_007,36,18,Miscboat,345,381,248,266
201807051201_008,45,22,Miscboat,364,409,249,271
201807051201_009,49,26,Miscboat,183,232,247,273
201807051201_010,57,25,Miscboat,81,138,253,278
201807051201_005,42,21,Passengership,416,458,237,258
201807051201_006,58,27,Passengership,507,565,237,264
201807051201_007,62,24,Passengership,398,460,242,266
201807051201_008,68,29,Passengership,426,494,241,270
201807051201_009,59,36,Passengership,269,328,235,271
201807051201_010,88,37,Passengership,187,275,235,272
201807051201_012,20,17,Boat,363,383,268,285
201807051201_013,27,26,Boat,195,222,273,299
201807051201_012,12,31,Seamark,818,830,270,301
201807051201_013,6,59,Seamark,997,1003,290,349
201807051201_010,18,16,Motorboat,765,783,261,277
201807051201_011,28,24,Motorboat,622,650,256,280
201807051201_012,28,26,Motorboat,522,550,255,281
201807051201_013,60,39,Motorboat,441,501,252,291
201807051201_013,7,37,Seamark,727,734,271,308
201807051201_014,10,62,Seamark,312,322,286,348
201807051201_010,49,59,Sailboat,844,893,225,284
201807051201_011,62,72,Sailboat,710,772,208,280
201807051201_012,66,92,Sailboat,625,691,194,286
201807051201_013,120,162,Sailboat,588,708,136,298
201807051201_014,182,314,Sailboat,90,272,13,327
201807051201_016,98,31,Miscboat,680,778,248,279
201807051201_017,68,32,Miscboat,1206,1274,265,297
201807051201_016,124,37,Miscboat,587,711,242,279
201807051201_017,119,36,Miscboat,1084,1203,254,290
201807051201_018,163,51,Miscboat,1117,1280,253,304
201807051201_016,86,29,Miscboat,462,548,244,273
201807051201_017,90,26,Miscboat,910,1000,246,272
201807051201_018,124,32,Miscboat,1017,1141,250,282
201807051201_019,228,46,Miscboat,928,1156,256,302
201807051201_020,308,77,Miscboat,972,1280,265,342
201807051201_018,28,40,Sailboat,885,913,222,262
201807051201_019,42,64,Sailboat,381,423,202,266
201807051201_020,46,77,Sailboat,64,110,200,277
201807051201_021,16,25,Seamark,1188,1204,263,288
201807051201_022,12,31,Seamark,1150,1162,255,286
201807051201_023,14,47,Seamark,1136,1150,255,302
201807051201_024,29,74,Seamark,1250,1279,254,328
201807051201_024,14,15,Seamark,1041,1055,253,268
201807051201_025,15,16,Seamark,911,926,250,266
201807051201_026,16,18,Seamark,823,839,249,267
201807051201_027,18,18,Seamark,715,733,248,266
201807051201_028,11,25,Seamark,803,814,243,268
201807051201_029,9,22,Seamark,726,735,249,271
201807051201_030,14,33,Seamark,837,851,246,279
201807051201_031,14,42,Seamark,901,915,253,295
201807051201_032,22,76,Seamark,1086,1108,246,322
201807051201_021,16,13,Seamark,736,752,253,266
201807051201_022,11,21,Seamark,507,518,246,267
201807051201_023,9,27,Seamark,185,194,253,280
201807051201_024,16,37,Seamark,22,38,255,292
201807051201_024,6,16,Seamark,770,776,247,263
201807051201_025,6,17,Seamark,614,620,246,263
201807051201_026,6,18,Seamark,474,480,248,266
201807051201_027,10,14,Seamark,299,309,252,266
201807051201_028,8,17,Seamark,309,317,252,269
201807051201_029,8,21,Seamark,151,159,254,275
201807051201_030,16,28,Seamark,100,116,257,285
201807051201_027,12,10,Seamark,334,346,250,260
201807051201_028,12,10,Seamark,369,381,250,260
201807051201_029,13,11,Seamark,245,258,253,264
201807051201_030,10,17,Seamark,284,294,249,266
201807051201_031,8,20,Seamark,186,194,246,266
201807051201_032,8,21,Seamark,166,174,245,266
201807051201_033,9,28,Seamark,218,227,248,276
201807051201_034,6,21,Seamark,133,139,253,274
201807051201_035,7,17,Seamark,38,45,264,281
201807051201_032,3,11,Seamark,631,634,243,254
201807051201_033,11,13,Seamark,741,752,247,260
201807051201_035,9,20,Seamark,718,727,244,264
201807051201_027,10,10,Seamark,581,591,250,260
201807051201_028,10,10,Seamark,641,651,249,259
201807051201_029,11,11,Seamark,539,550,249,260
201807051201_030,13,16,Seamark,611,624,247,263
201807051201_031,11,18,Seamark,567,578,246,264
201807051201_032,5,14,Seamark,601,606,247,261
201807051201_033,20,27,Seamark,702,722,244,271
201807051201_034,9,28,Seamark,688,697,244,272
201807051201_035,7,25,Seamark,691,698,250,275
201807051201_036,25,44,Seamark,753,778,251,295
201807051201_037,26,84,Seamark,1029,1055,252,336
201807051201_037,11,25,Seamark,942,953,248,273
201807051201_038,6,22,Seamark,1012,1018,253,275
201807051201_040,71,92,Sailboat,182,253,180,272
201807051201_041,34,103,Sailboat,152,186,169,272
201807051201_043,55,107,Sailboat,316,371,176,283
201807051201_041,38,101,Sailboat,111,149,172,273
201807051201_043,59,155,Sailboat,252,311,128,283
201807051201_044,65,102,Sailboat,336,401,185,287
201807051201_045,42,133,Sailboat,452,494,156,289
201807051201_046,45,188,Sailboat,622,667,116,304
201807051201_043,45,117,Sailboat,103,148,166,283
201807051201_044,45,175,Sailboat,129,174,116,291
201807051201_046,120,385,Sailboat,60,180,1,386
201807051201_044,63,199,Sailboat,230,293,94,293
201807051201_045,90,323,Sailboat,185,275,2,325
201807051201_046,93,177,Sailboat,190,283,136,313
201807051201_045,66,330,Sailboat,85,151,1,331
201807051201_041,14,8,Motorboat,449,463,255,263
201807051201_042,15,9,Motorboat,457,472,256,265
201807051201_043,21,13,Motorboat,745,766,256,269
201807051201_044,19,14,Motorboat,932,951,264,278
201807051201_045,33,19,Motorboat,1232,1265,275,294
201807051201_043,43,123,Sailboat,155,198,162,285
201807051201_044,54,197,Sailboat,177,231,96,293
201807051201_045,66,207,Sailboat,293,359,92,299
201807051201_046,287,365,Sailboat,292,579,1,366
201807051201_010,44,30,Miscboat,0,44,250,280
201807051201_016,118,47,Passengership,925,1043,231,278
201807051201_016,89,27,Miscboat,804,893,252,279
201807051201_017,140,40,Miscboat,1026,1166,250,290
201807051201_046,95,37,Miscboat,667,762,265,302
201807051201_022,63,98,Sailboat,1,64,185,283
201807051201_040,59,66,Sailboat,14,73,210,276
201807051201_040,25,91,Sailboat,152,177,182,273
201807051201_044,36,169,Sailboat,92,128,128,297
201807051201_044,34,121,Sailboat,296,330,160,281
201807051201_044,40,178,Sailboat,14,54,125,303
201807051201_041,20,78,Sailboat,87,107,195,273
201807051201_039,327,498,Sailboat,219,546,1,499
201807051201_043,21,104,Sailboat,1,22,185,289
201807051201_043,40,103,Sailboat,22,62,183,286
201807051201_043,29,108,Sailboat,66,95,178,286
201807051201_045,162,183,Sailboat,330,492,126,309
201807051201_045,71,315,Sailboat,1,72,13,328
201807051201_013,22,23,Motorboat,131,153,268,291
201807051201_021,44,18,Motorboat,658,702,250,268
201807051201_032,8,10,Boat,405,413,254,264
201807051201_032,15,15,Boat,433,448,261,276
201807051201_000,8,25,Seamark,31,39,266,291
201807051201_000,6,12,Seamark,50,56,259,271
201807051201_000,9,12,Seamark,161,170,260,272
201807051201_000,6,8,Seamark,72,78,258,266
201807051201_018,17,26,Seamark,176,193,257,283
201807051201_027,9,9,Seamark,590,599,246,255
201807051201_039,19,30,Seamark,1241,1260,266,296
201807051201_039,11,15,Seamark,1192,1203,261,276
201807051201_044,12,23,Miscellaneous,255,267,300,323
201807051201_030,50,31,Boat,371,421,281,312
201807051201_031,40,40,Boat,292,332,288,328
201807051201_033,13,6,Boat,531,544,258,264
201807051201_033,17,9,Boat,571,588,247,256
201807051201_016,12,122,Seamark,714,726,318,440
201807051231_001,6,18,Seamark,572,578,247,265
201807051231_002,5,17,Seamark,540,545,249,266
201807051231_001,7,23,Seamark,828,835,249,272
201807051231_002,8,22,Seamark,837,845,252,274
201807051231_003,8,29,Seamark,1244,1252,260,289
201807051231_003,6,19,Seamark,893,899,253,272
201807051231_004,9,25,Seamark,513,522,250,275
201807051231_005,7,33,Seamark,578,585,251,284
201807051231_001,45,62,Sailboat,276,321,210,272
201807051231_002,42,64,Sailboat,481,523,206,270
201807051231_003,37,70,Sailboat,1049,1086,206,276
201807051231_004,35,76,Sailboat,984,1019,203,279
201807051231_006,7,20,Seamark,489,496,246,266
201807051231_007,8,21,Seamark,198,206,252,273
201807051231_008,5,25,Seamark,128,133,254,279
201807051231_009,10,32,Seamark,27,37,254,286
201807051231_006,8,18,Seamark,953,961,257,275
201807051231_007,6,19,Seamark,729,735,252,271
201807051231_008,5,25,Seamark,764,769,253,278
201807051231_009,11,33,Seamark,779,790,248,281
201807051231_010,17,47,Seamark,798,815,246,293
201807051231_011,30,118,Seamark,1015,1045,252,370
201807051231_012,6,16,Seamark,794,800,250,266
201807051231_014,10,25,Seamark,774,784,243,268
201807051231_015,8,27,Seamark,730,738,247,274
201807051231_016,14,40,Seamark,836,850,252,292
201807051231_017,21,91,Seamark,1009,1030,257,348
201807051231_006,16,63,Sailboat,849,865,208,271
201807051231_007,12,42,Sailboat,611,623,224,266
201807051231_008,13,31,Sailboat,608,621,236,267
201807051231_009,18,29,Sailboat,635,653,235,264
201807051231_010,21,40,Sailboat,672,693,226,266
201807051231_011,10,29,Sailboat,736,746,236,265
201807051231_012,15,18,Sailboat,740,755,243,261
201807051231_013,23,85,Sailboat,486,509,186,271
201807051231_014,32,104,Sailboat,434,466,169,273
201807051231_015,64,61,Sailboat,-4,60,255,316
201807051231_015,5,11,Seamark,842,847,250,261
201807051231_016,6,19,Seamark,924,930,248,267
201807051231_017,6,18,Seamark,902,908,252,270
201807051231_018,5,16,Seamark,961,966,255,271
201807051231_019,7,20,Seamark,1006,1013,256,276
201807051231_020,8,19,Seamark,1072,1080,260,279
201807051231_021,8,26,Seamark,1067,1075,255,281
201807051231_022,9,32,Seamark,1171,1180,261,293
201807051231_017,25,39,Cruiseship,589,614,218,257
201807051231_018,30,46,Cruiseship,599,629,213,259
201807051231_019,31,41,Cruiseship,594,625,217,258
201807051231_020,32,46,Cruiseship,610,642,213,259
201807051231_021,30,38,Cruiseship,533,563,218,256
201807051231_022,39,54,Cruiseship,507,546,205,259
201807051231_023,46,56,Cruiseship,576,622,201,257
201807051231_024,57,69,Cruiseship,646,703,195,264
201807051231_025,40,65,Cruiseship,763,803,199,264
201807051231_026,48,72,Cruiseship,878,926,196,268
201807051231_027,49,83,Cruiseship,1008,1057,190,273
201807051231_028,62,92,Cruiseship,1125,1187,185,277
201807051231_029,50,79,Cruiseship,1230,1280,205,284
201807051231_007,91,23,Cruiseship,717,808,231,254
201807051231_008,98,32,Cruiseship,721,819,226,258
201807051231_009,95,32,Cruiseship,723,818,222,254
201807051231_010,100,33,Cruiseship,688,788,219,252
201807051231_011,105,35,Cruiseship,658,763,219,254
201807051231_012,110,37,Cruiseship,611,721,218,255
201807051231_013,115,34,Cruiseship,512,627,220,254
201807051231_014,118,39,Cruiseship,548,666,213,252
201807051231_015,126,40,Cruiseship,464,590,213,253
201807051231_016,133,32,Cruiseship,504,637,224,256
201807051231_017,140,44,Cruiseship,419,559,210,254
201807051231_018,149,48,Cruiseship,423,572,210,258
201807051231_019,149,46,Cruiseship,414,563,210,256
201807051231_020,157,51,Cruiseship,418,575,205,256
201807051231_021,162,55,Cruiseship,341,503,203,258
201807051231_022,162,58,Cruiseship,310,472,199,257
201807051231_023,179,57,Cruiseship,367,546,197,254
201807051231_024,184,65,Cruiseship,434,618,193,258
201807051231_025,191,69,Cruiseship,532,723,195,264
201807051231_026,210,73,Cruiseship,625,835,190,263
201807051231_027,228,83,Cruiseship,724,952,185,268
201807051231_028,251,88,Cruiseship,804,1055,180,268
201807051231_029,273,96,Cruiseship,871,1144,176,272
201807051231_030,330,132,Cruiseship,810,1140,136,268
201807051231_031,344,143,Cruiseship,938,1282,129,272
201807051231_032,318,146,Cruiseship,957,1275,133,279
201807051231_033,246,171,Cruiseship,1035,1281,107,278
201807051231_034,183,130,Cruiseship,1099,1282,153,283
201807051231_034,85,33,Miscboat,872,957,237,270
201807051231_035,129,36,Miscboat,967,1096,240,276
201807051231_036,109,38,Miscboat,1083,1192,242,280
201807051231_037,102,49,Miscboat,409,511,235,284
201807051231_037,465,252,Cruiseship,819,1284,48,300
201807051231_038,1001,297,Cruiseship,48,1049,7,304
201807051231_039,33,14,Passengership,929,962,250,264
201807051231_040,32,13,Passengership,1110,1142,256,269
201807051231_034,111,36,Miscboat,744,855,230,266
201807051231_035,106,46,Miscboat,832,938,224,270
201807051231_036,158,55,Miscboat,885,1043,222,277
201807051231_037,180,67,Miscboat,110,290,217,284
201807051231_039,108,144,Miscboat,1,109,143,287
201807051231_039,310,164,Cargoship,146,456,112,276
201807051231_040,401,208,Cargoship,5,406,74,282
201807051231_042,4,16,Seamark,86,90,253,269
201807051231_043,9,26,Seamark,407,416,243,269
201807051231_044,8,24,Seamark,317,325,248,272
201807051231_045,8,23,Seamark,331,339,248,271
201807051231_046,9,22,Seamark,463,472,248,270
201807051231_047,9,34,Seamark,638,647,244,278
201807051231_046,28,32,Militaryship,285,313,232,264
201807051231_047,33,43,Militaryship,447,480,220,263
201807051231_046,36,41,Militaryship,226,262,226,267
201807051231_047,45,48,Militaryship,373,418,220,268
201807051231_048,47,57,Militaryship,1169,1216,229,286
201807051231_046,75,63,Militaryship,123,198,207,270
201807051231_047,68,72,Militaryship,262,330,200,272
201807051231_048,96,97,Militaryship,1030,1126,192,289
201807051231_046,88,66,Militaryship,-1,87,206,272
201807051231_047,207,49,Militaryship,8,215,222,271
201807051231_048,279,97,Militaryship,703,982,179,276
201807051231_049,370,139,Militaryship,895,1265,157,296
201807051231_049,113,39,Miscboat,761,874,233,272
201807051231_050,130,50,Miscboat,881,1011,230,280
201807051231_050,37,12,Motorboat,634,671,251,263
201807051231_051,45,14,Motorboat,746,791,252,266
201807051231_052,54,20,Motorboat,889,943,255,275
201807051231_053,50,19,Motorboat,996,1046,261,280
201807051231_049,45,12,Motorboat,601,646,246,258
201807051231_050,54,17,Motorboat,664,718,249,266
201807051231_051,60,19,Motorboat,786,846,249,268
201807051231_052,70,27,Motorboat,942,1012,252,279
201807051231_053,86,29,Motorboat,1047,1133,260,289
201807051231_051,12,14,Boat,167,179,255,269
201807051231_052,13,15,Boat,245,258,254,269
201807051231_053,15,11,Boat,258,273,261,272
201807051231_054,21,14,Boat,244,265,264,278
201807051231_055,33,26,Boat,214,247,272,298
201807051231_056,43,53,Sailboat,733,776,212,265
201807051231_057,52,65,Sailboat,829,881,205,270
201807051231_058,54,105,Sailboat,1225,1279,182,287
201807051231_056,28,17,Motorboat,693,721,248,265
201807051231_057,25,14,Motorboat,793,818,253,267
201807051231_058,28,12,Motorboat,1177,1205,265,277
201807051231_061,60,22,Miscboat,630,690,248,270
201807051231_062,82,22,Miscboat,768,850,253,275
201807051231_063,106,55,Miscboat,831,937,227,282
201807051231_064,130,39,Miscboat,911,1041,257,296
201807051231_065,170,48,Miscboat,1002,1172,264,312
201807051231_059,42,40,Militaryship,142,184,234,274
201807051231_060,39,50,Militaryship,194,233,223,273
201807051231_061,53,88,Militaryship,243,296,187,275
201807051231_062,98,110,Militaryship,246,344,178,288
201807051231_063,148,175,Militaryship,148,296,128,303
201807051231_064,109,229,Militaryship,-2,107,100,329
201807051231_060,8,8,Motorboat,308,316,251,259
201807051231_061,9,9,Motorboat,405,414,251,260
201807051231_062,8,11,Motorboat,515,523,252,263
201807051231_063,14,10,Motorboat,521,535,254,264
201807051231_064,17,16,Motorboat,475,492,254,270
201807051231_065,26,26,Motorboat,403,429,257,283
201807051231_066,60,61,Motorboat,1,61,283,344
201807051231_066,15,10,Passengership,493,508,253,263
201807051231_067,24,8,Passengership,362,386,253,261
201807051231_068,24,11,Passengership,430,454,255,266
201807051231_069,36,13,Passengership,490,526,253,266
201807051231_070,25,16,Passengership,528,553,257,273
201807051231_071,45,23,Passengership,477,522,254,277
201807051231_072,67,37,Passengership,152,219,262,299
201807051231_060,42,56,Cruiseship,228,270,205,261
201807051231_061,51,60,Cruiseship,306,357,206,266
201807051231_062,68,74,Cruiseship,389,457,195,269
201807051231_063,96,87,Cruiseship,384,480,180,267
201807051231_064,108,98,Cruiseship,325,433,177,275
201807051231_065,143,108,Cruiseship,249,392,168,276
201807051231_066,264,157,Cruiseship,68,332,140,297
201807051231_067,128,211,Cruiseship,1,129,98,309
201807051231_062,18,31,Militaryship,459,477,231,262
201807051231_063,20,43,Militaryship,475,495,222,265
201807051231_064,33,38,Militaryship,440,473,227,265
201807051231_065,38,45,Militaryship,406,444,222,267
201807051231_066,51,68,Militaryship,357,408,207,275
201807051231_067,66,51,Militaryship,196,262,232,283
201807051231_068,98,104,Militaryship,182,280,186,290
201807051231_066,43,50,Militaryship,315,358,224,274
201807051231_067,79,49,Militaryship,111,190,232,281
201807051231_068,110,101,Militaryship,64,174,195,296
201807051231_068,30,24,Militaryship,285,315,253,277
201807051231_069,51,37,Militaryship,256,307,251,288
201807051231_070,117,49,Militaryship,125,242,256,305
201807051231_066,27,14,Miscboat,419,446,252,266
201807051231_067,31,18,Miscboat,277,308,256,274
201807051231_068,43,19,Miscboat,317,360,255,274
201807051231_069,42,38,Miscboat,320,362,244,282
201807051231_070,119,31,Miscboat,225,344,264,295
201807051231_071,167,66,Miscboat,30,197,259,325
201807051231_071,18,18,Miscboat,513,531,254,272
201807051231_072,34,29,Miscboat,234,268,258,287
201807051231_068,8,10,Passengership,464,472,246,256
201807051231_069,8,10,Passengership,554,562,246,256
201807051231_070,15,14,Passengership,605,620,244,258
201807051231_071,15,13,Passengership,588,603,242,255
201807051231_063,16,29,Sailboat,602,618,228,257
201807051231_064,18,32,Sailboat,598,616,227,259
201807051231_065,20,35,Sailboat,584,604,224,259
201807051231_066,17,31,Sailboat,595,612,228,259
201807051231_067,19,34,Sailboat,482,501,225,259
201807051231_068,21,37,Sailboat,567,588,223,260
201807051231_069,22,42,Sailboat,668,690,219,261
201807051231_070,24,46,Sailboat,734,758,214,260
201807051231_071,26,52,Sailboat,729,755,211,263
201807051231_072,33,78,Sailboat,534,567,188,266
201807051231_060,20,87,Sailboat,273,293,170,257
201807051231_061,33,80,Sailboat,358,391,176,256
201807051231_062,54,100,Sailboat,459,513,159,259
201807051231_063,25,112,Sailboat,499,524,148,260
201807051231_064,70,121,Sailboat,457,527,139,260
201807051231_065,79,119,Sailboat,428,507,139,258
201807051231_066,47,160,Sailboat,446,493,104,264
201807051231_067,101,177,Sailboat,270,371,85,262
201807051231_068,124,218,Sailboat,307,431,50,268
201807051231_069,138,250,Sailboat,362,500,19,269
201807051231_070,232,279,Sailboat,292,524,1,280
201807051231_071,274,285,Sailboat,206,480,17,302
201807051231_072,154,320,Sailboat,0,154,1,321
201807051231_008,18,9,Miscboat,576,594,248,257
201807051231_008,17,19,Cruiseship,818,835,239,258
201807051231_017,56,18,Cargoship,327,383,244,262
201807051231_023,74,40,Cargoship,51,125,237,277
201807051231_056,31,13,Motorboat,911,942,252,265
201807051231_056,30,12,Motorboat,881,911,252,264
201807051231_058,28,38,Miscboat,0,28,266,304
201807051231_000,47,80,Sailboat,943,990,201,281
201807051231_000,48,78,Sailboat,1010,1058,204,282
201807051231_000,18,53,Sailboat,842,860,223,276
201807051231_012,17,53,Sailboat,650,667,212,265
201807051231_055,27,71,Sailboat,1254,1281,212,283
201807051231_000,46,22,Motorboat,1076,1122,258,280
201807051231_004,26,13,Boat,220,246,275,288
201807051231_042,15,12,Motorboat,1143,1158,259,271
201807051231_048,34,15,Motorboat,477,511,262,277
201807051231_041,276,288,Militaryship,11,287,14,302
201807051231_050,162,51,Militaryship,1112,1274,257,308
201807051231_069,224,163,Militaryship,31,255,153,316
201807051231_000,6,17,Seamark,309,315,252,269
201807051231_000,4,13,Seamark,634,638,250,263
201807051231_000,5,14,Seamark,81,86,258,272
201807051231_000,3,10,Seamark,416,419,251,261
201807051231_004,11,35,Seamark,1071,1082,258,293
201807051231_005,4,12,Seamark,1132,1136,264,276
201807051231_009,5,10,Seamark,841,846,251,261
201807051231_012,5,13,Seamark,373,378,251,264
201807051231_018,7,16,Seamark,209,216,256,272
201807051231_045,4,18,Seamark,779,783,250,268
201807051231_051,3,28,Seamark,816,819,254,282
201807051231_057,14,26,Seamark,685,699,248,274
201807051231_000,7,14,Miscellaneous,964,971,302,316
201807051231_000,22,40,Miscellaneous,414,436,346,386
201807051231_000,13,8,Miscellaneous,621,634,329,337
201807051301_000,46,122,Sailboat,537,583,152,274
201807051301_001,55,144,Sailboat,648,703,137,281
201807051301_002,58,182,Sailboat,749,807,103,285
201807051301_003,141,318,Sailboat,868,1009,1,319
201807051301_004,179,117,Miscboat,1034,1213,238,355
201807051301_005,36,12,Ferry,577,613,248,260
201807051301_006,58,18,Ferry,605,663,246,264
201807051301_007,59,19,Ferry,580,639,248,267
201807051301_008,55,18,Ferry,633,688,249,267
201807051301_009,70,33,Ferry,692,762,237,270
201807051301_010,62,29,Ferry,627,689,240,269
201807051301_011,65,31,Ferry,677,742,239,270
201807051301_001,21,26,Miscboat,594,615,240,266
201807051301_002,31,35,Miscboat,670,701,235,270
201807051301_003,31,35,Miscboat,736,767,235,270
201807051301_004,35,39,Miscboat,728,763,236,275
201807051301_005,41,46,Miscboat,776,817,234,280
201807051301_006,54,91,Miscboat,820,874,198,289
201807051301_007,85,147,Miscboat,824,909,163,310
201807051301_008,175,118,Miscboat,945,1120,218,336
201807051301_010,75,57,Motorboat,902,977,270,327
201807051301_011,179,348,Sailboat,966,1145,11,359
201807051301_005,13,83,Sailboat,729,742,183,266
201807051301_006,14,91,Sailboat,755,769,180,271
201807051301_007,23,163,Sailboat,718,741,114,277
201807051301_008,28,211,Sailboat,751,779,72,283
201807051301_009,50,288,Sailboat,821,871,7,295
201807051301_010,67,209,Sailboat,731,798,93,302
201807051301_011,74,306,Sailboat,846,920,6,312
201807051301_012,162,393,Sailboat,911,1073,1,394
201807051301_004,40,15,Motorboat,415,455,257,272
201807051301_005,47,86,Sailboat,382,429,189,275
201807051301_006,62,21,Motorboat,331,393,262,283
201807051301_007,81,32,Motorboat,160,241,266,298
201807051301_008,93,225,Sailboat,0,93,97,322
201807051301_006,20,77,Sailboat,725,745,193,270
201807051301_007,22,91,Sailboat,679,701,182,273
201807051301_008,32,115,Sailboat,693,725,164,279
201807051301_009,39,146,Sailboat,739,778,137,283
201807051301_010,47,192,Sailboat,684,731,98,290
201807051301_011,57,260,Sailboat,764,821,46,306
201807051301_012,57,238,Sailboat,808,865,72,310
201807051301_013,151,221,Passengership,727,878,111,332
201807051301_015,201,219,Passengership,961,1162,182,401
201807051301_012,36,36,Passengership,767,803,233,269
201807051301_015,115,498,Passengership,1163,1278,85,583
201807051301_005,14,18,Motorboat,742,756,253,271
201807051301_006,20,19,Motorboat,771,791,256,275
201807051301_007,23,22,Motorboat,741,764,257,279
201807051301_008,29,26,Motorboat,786,815,262,288
201807051301_009,51,41,Motorboat,873,924,261,302
201807051301_011,80,68,Boat,1163,1243,321,389
201807051301_005,30,67,Sailboat,513,543,201,268
201807051301_006,44,98,Sailboat,499,543,172,270
201807051301_007,61,119,Sailboat,400,461,157,276
201807051301_008,97,161,Sailboat,320,417,125,286
201807051301_009,90,199,Sailboat,290,380,94,293
201807051301_010,128,268,Sailboat,73,201,46,314
201807051301_011,88,183,Sailboat,92,180,125,308
201807051301_012,102,305,Sailboat,1,103,25,330
201807051301_015,208,282,Passengership,0,208,107,389
201807051301_011,97,112,Sailboat,279,376,174,286
201807051301_012,105,40,Motorboat,194,299,259,299
201807051301_009,37,23,Ferry,701,738,247,270
201807051301_012,105,33,Ferry,663,768,243,276
201807051301_013,69,71,Passengership,417,486,209,280
201807051301_015,90,58,Passengership,225,315,232,290
201807051301_016,160,84,Passengership,25,185,222,306
201807051301_009,59,14,Passengership,618,677,246,260
201807051301_010,68,14,Passengership,550,618,247,261
201807051301_013,41,54,Miscboat,688,729,237,291
201807051301_015,106,190,Miscboat,853,959,137,327
201807051301_016,133,172,Miscboat,1022,1155,185,357
201807051301_016,61,104,Miscboat,871,932,206,310
201807051301_017,101,75,Miscboat,953,1054,258,333
201807051301_013,24,26,Motorboat,654,678,241,267
201807051301_015,27,31,Motorboat,771,798,242,273
201807051301_016,48,43,Motorboat,805,853,240,283
201807051301_017,82,58,Motorboat,802,884,238,296
201807051301_018,128,88,Motorboat,866,994,233,321
201807051301_015,41,29,Passengership,478,519,237,266
201807051301_016,53,36,Passengership,432,485,234,270
201807051301_017,65,41,Passengership,347,412,232,273
201807051301_018,93,60,Passengership,246,339,225,285
201807051301_019,151,77,Passengership,81,232,223,300
201807051301_017,23,24,Miscboat,527,550,243,267
201807051301_018,24,25,Miscboat,491,515,241,266
201807051301_019,25,27,Miscboat,462,487,239,266
201807051301_020,45,27,Miscboat,402,447,247,274
201807051301_021,55,28,Miscboat,399,454,252,280
201807051301_022,79,65,Miscboat,105,184,235,300
201807051301_017,18,23,Miscboat,553,571,243,266
201807051301_018,20,25,Miscboat,521,541,243,268
201807051301_019,22,28,Miscboat,499,521,241,269
201807051301_020,33,32,Miscboat,451,484,238,270
201807051301_021,37,25,Miscboat,460,497,250,275
201807051301_022,51,33,Miscboat,198,249,255,288
201807051301_023,72,38,Miscboat,9,81,264,302
201807051301_024,77,23,Motorboat,901,978,268,291
201807051301_025,98,28,Motorboat,794,892,268,296
201807051301_023,60,45,Miscboat,834,894,252,297
201807051301_024,118,69,Miscboat,986,1104,263,332
201807051301_025,202,179,Miscboat,953,1155,199,378
201807051301_022,25,24,Boat,538,563,252,276
201807051301_023,32,38,Boat,379,411,259,297
201807051301_026,95,84,Motorboat,584,679,238,322
201807051301_027,61,144,Motorboat,0,61,240,384
201807051301_026,55,50,Ferry,1222,1277,252,302
201807051301_027,222,107,Passengership,852,1074,203,310
201807051301_028,316,182,Passengership,961,1277,170,352
201807051301_027,29,30,Motorboat,186,215,250,280
201807051301_028,42,41,Motorboat,60,102,251,292
201807051301_029,76,51,Motorboat,93,169,246,297
201807051301_029,23,21,Passengership,325,348,249,270
201807051301_030,36,32,Passengership,373,409,239,271
201807051301_031,50,46,Passengership,387,437,234,280
201807051301_032,84,62,Passengership,217,301,227,289
201807051301_033,109,115,Passengership,1,110,209,324
201807051301_029,40,32,Miscboat,205,245,255,287
201807051301_030,66,48,Miscboat,114,180,256,304
201807051301_026,40,25,Passengership,958,998,254,279
201807051301_027,39,31,Passengership,493,532,243,274
201807051301_028,45,43,Passengership,475,520,236,279
201807051301_029,65,45,Passengership,715,780,240,285
201807051301_030,99,83,Passengership,896,995,223,306
201807051301_031,127,152,Passengership,1155,1282,207,359
201807051301_029,31,22,Miscboat,258,289,255,277
201807051301_030,35,32,Miscboat,254,289,255,287
201807051301_031,62,44,Miscboat,183,245,257,301
201807051301_029,27,71,Sailboat,365,392,194,265
201807051301_030,26,83,Sailboat,445,471,183,266
201807051301_032,43,118,Sailboat,422,465,153,271
201807051301_033,42,26,Motorboat,371,413,246,272
201807051301_035,57,47,Motorboat,290,347,240,287
201807051301_036,147,115,Motorboat,27,174,213,328
201807051301_029,30,19,Miscboat,285,315,254,273
201807051301_030,46,31,Miscboat,303,349,251,282
201807051301_031,68,41,Miscboat,272,340,252,293
201807051301_031,51,49,Passengership,339,390,236,285
201807051301_032,117,69,Passengership,92,209,236,305
201807051301_029,36,21,Miscboat,617,653,253,274
201807051301_030,51,38,Miscboat,742,793,246,284
201807051301_031,66,52,Miscboat,858,924,244,296
201807051301_032,159,65,Miscboat,955,1114,257,322
201807051301_029,21,46,Sailboat,593,614,224,270
201807051301_030,34,62,Sailboat,706,740,216,278
201807051301_031,51,78,Sailboat,800,851,206,284
201807051301_032,79,96,Sailboat,819,898,198,294
201807051301_033,119,165,Sailboat,919,1038,157,322
201807051301_026,38,12,Ferry,723,761,253,265
201807051301_027,42,13,Ferry,277,319,252,265
201807051301_028,46,14,Ferry,300,346,251,265
201807051301_029,42,16,Ferry,551,593,251,267
201807051301_030,46,18,Ferry,662,708,250,268
201807051301_031,50,19,Ferry,747,797,252,271
201807051301_032,95,30,Ferry,635,730,254,284
201807051301_030,37,26,Passengership,407,444,241,267
201807051301_031,56,42,Passengership,437,493,231,273
201807051301_032,71,30,Passengership,327,398,246,276
201807051301_033,113,66,Passengership,199,312,231,297
201807051301_033,175,45,Ferry,448,623,250,295
201807051301_034,27,127,Sailboat,352,379,152,279
201807051301_035,51,186,Sailboat,279,330,108,294
201807051301_034,282,89,Ferry,103,385,236,325
201807051301_035,81,262,Ferry,207,288,32,294
201807051301_035,195,334,Sailboat,952,1147,21,355
201807051301_036,159,363,Sailboat,1101,1260,3,366
201807051301_034,94,180,Sailboat,758,852,126,306
201807051301_035,104,252,Sailboat,848,952,82,334
201807051301_037,216,321,Sailboat,878,1094,0,321
201807051301_035,89,168,Sailboat,760,849,127,295
201807051301_036,153,202,Sailboat,817,970,98,300
201807051301_038,131,167,Sailboat,876,1007,137,304
201807051301_038,141,241,Sailboat,997,1138,88,329
201807051301_039,181,338,Sailboat,1070,1251,24,362
201807051301_035,19,15,Motorboat,441,460,258,273
201807051301_036,27,26,Motorboat,420,447,257,283
201807051301_037,60,40,Motorboat,236,296,257,297
201807051301_035,15,17,Boat,461,476,253,270
201807051301_036,44,33,Miscboat,433,477,246,279
201807051301_037,57,42,Miscboat,320,377,246,288
201807051301_038,92,51,Miscboat,49,141,257,308
201807051301_034,28,143,Sailboat,420,448,132,275
201807051301_035,31,176,Sailboat,410,441,106,282
201807051301_036,43,256,Sailboat,378,421,31,287
201807051301_039,21,50,Sailboat,546,567,217,267
201807051301_040,20,77,Sailboat,488,508,193,270
201807051301_041,27,121,Sailboat,455,482,163,284
201807051301_039,15,13,Miscboat,565,580,248,261
201807051301_040,10,9,Miscboat,518,528,253,262
201807051301_041,20,12,Miscboat,516,536,257,269
201807051301_042,42,28,Miscboat,403,445,260,288
201807051301_038,26,82,Sailboat,479,505,184,266
201807051301_039,29,87,Sailboat,413,442,180,267
201807051301_040,39,110,Sailboat,333,372,160,270
201807051301_041,50,147,Sailboat,290,340,129,276
201807051301_039,23,22,Miscboat,390,413,248,270
201807051301_040,30,34,Miscboat,305,335,239,273
201807051301_041,46,30,Miscboat,238,284,249,279
201807051301_042,67,72,Miscboat,1,68,230,302
201807051301_044,46,27,Miscboat,796,842,266,293
201807051301_045,99,64,Miscboat,930,1029,275,339
201807051301_044,73,22,Ferry,749,822,260,282
201807051301_045,117,40,Ferry,815,932,264,304
201807051301_046,227,83,Ferry,1028,1255,275,358
201807051301_047,55,37,Militaryship,861,916,261,298
201807051301_048,159,98,Militaryship,981,1140,259,357
201807051301_041,73,123,Sailboat,667,740,130,253
201807051301_042,60,170,Sailboat,691,751,85,255
201807051301_043,70,196,Sailboat,787,857,62,258
201807051301_044,146,227,Sailboat,754,900,25,252
201807051301_045,195,270,Sailboat,814,1009,1,271
201807051301_046,362,309,Sailboat,849,1211,0,309
201807051301_047,384,408,Sailboat,886,1270,3,411
201807051301_046,76,96,Cruiseship,849,925,176,272
201807051301_047,84,101,Cruiseship,705,789,181,282
201807051301_048,175,145,Cruiseship,635,810,138,283
201807051301_049,193,297,Cruiseship,619,812,1,298
201807051301_050,460,333,Cruiseship,712,1172,23,356
201807051301_051,390,481,Cruiseship,892,1282,1,482
201807051301_052,169,453,Cruiseship,1112,1281,1,454
201807051301_046,62,64,Militaryship,883,945,220,284
201807051301_047,86,104,Militaryship,769,855,185,289
201807051301_048,217,182,Militaryship,759,976,139,321
201807051301_046,22,21,Passengership,779,801,242,263
201807051301_047,22,19,Passengership,591,613,245,264
201807051301_048,42,48,Passengership,473,515,222,270
201807051301_049,86,95,Passengership,314,400,194,289
201807051301_049,12,59,Sailboat,445,457,205,264
201807051301_050,14,78,Sailboat,475,489,188,266
201807051301_051,31,130,Sailboat,472,503,150,280
201807051301_052,58,225,Sailboat,246,304,76,301
201807051301_047,24,32,Militaryship,683,707,233,265
201807051301_048,31,48,Militaryship,617,648,218,266
201807051301_049,38,59,Militaryship,582,620,209,268
201807051301_050,47,51,Militaryship,672,719,223,274
201807051301_051,69,99,Militaryship,782,851,186,285
201807051301_052,91,132,Militaryship,754,845,159,291
201807051301_053,117,94,Militaryship,789,906,204,298
201807051301_054,203,241,Militaryship,824,1027,81,322
201807051301_055,319,446,Militaryship,965,1284,1,447
201807051301_053,25,11,Motorboat,376,401,249,260
201807051301_054,28,12,Motorboat,332,360,249,261
201807051301_055,31,13,Motorboat,218,249,248,261
201807051301_056,26,13,Motorboat,129,155,251,264
201807051301_054,10,6,Boat,776,786,262,268
201807051301_055,18,11,Boat,618,636,261,272
201807051301_056,22,17,Boat,457,479,263,280
201807051301_057,47,29,Boat,98,145,280,309
201807051301_058,93,15,Passengership,262,355,253,268
201807051301_059,117,24,Passengership,24,141,250,274
201807051301_056,32,18,Miscboat,654,686,246,264
201807051301_057,34,18,Miscboat,571,605,246,264
201807051301_058,43,17,Miscboat,522,565,250,267
201807051301_059,53,21,Miscboat,345,398,249,270
201807051301_055,20,11,Motorboat,742,762,254,265
201807051301_056,32,15,Motorboat,684,716,252,267
201807051301_057,29,14,Motorboat,606,635,252,266
201807051301_058,26,13,Motorboat,567,593,256,269
201807051301_059,32,15,Motorboat,405,437,254,269
201807051301_060,36,20,Motorboat,172,208,255,275
201807051301_061,23,26,Motorboat,0,23,258,284
201807051301_059,38,34,Militaryship,1015,1053,241,275
201807051301_060,68,43,Militaryship,904,972,228,271
201807051301_061,68,48,Miscboat,825,893,221,269
201807051301_038,92,70,Miscboat,191,283,223,293
201807051301_044,142,55,Miscboat,1046,1188,269,324
201807051301_044,41,31,Miscboat,844,885,264,295
201807051301_047,47,37,Miscboat,979,1026,266,303
201807051301_047,28,18,Miscboat,949,977,279,297
201807051301_050,47,25,Miscboat,221,268,247,272
201807051301_050,40,25,Miscboat,270,310,245,270
201807051301_059,66,26,Militaryship,808,874,248,274
201807051301_059,39,21,Militaryship,826,865,250,271
201807051301_059,43,20,Miscboat,537,580,248,268
201807051301_004,132,439,Sailboat,1148,1280,1,440
201807051301_012,204,393,Sailboat,1074,1278,1,394
201807051301_010,81,311,Sailboat,797,878,1,312
201807051301_011,94,196,Sailboat,185,279,104,300
201807051301_036,95,266,Sailboat,220,315,52,318
201807051301_037,122,311,Sailboat,111,233,1,312
201807051301_036,60,220,Sailboat,322,382,77,297
201807051301_042,127,355,Sailboat,68,195,1,356
201807051301_056,38,54,Sailboat,183,221,211,265
201807051301_056,27,50,Sailboat,231,258,212,262
201807051301_056,31,51,Sailboat,261,292,212,263
201807051301_013,64,46,Passengership,244,308,233,279
201807051301_009,91,36,Motorboat,77,168,278,314
201807051301_022,105,107,Motorboat,972,1077,230,337
201807051301_039,118,63,Motorboat,1006,1124,282,345
201807051301_061,21,16,Boat,1077,1098,266,282
201807051301_049,471,441,Militaryship,808,1279,6,447
201807051301_009,119,126,Miscboat,1085,1204,241,367
201807051301_013,70,57,Miscboat,0,70,251,308
201807051301_015,31,31,Miscboat,798,829,250,281
201807051301_061,5,10,Seamark,1045,1050,262,272
201807051301_000,14,14,Miscellaneous,250,264,315,329
201807051301_008,52,46,Miscboat,886,938,264,310
201807051301_059,28,26,Miscboat,903,931,244,270
201807051331_000,141,93,Militaryship,31,172,175,268
201807051331_001,74,55,Militaryship,4,78,220,275
201807051401_002,21,12,Motorboat,647,668,252,264
201807051401_003,40,18,Motorboat,585,625,256,274
201807051401_003,5,13,Seamark,1034,1039,251,264
201807051401_004,7,19,Seamark,929,936,249,268
201807051401_005,6,17,Seamark,788,794,250,267
201807051401_006,8,22,Seamark,162,170,257,279
201807051401_007,8,27,Seamark,48,56,264,291
201807051401_002,7,23,Seamark,704,711,249,272
201807051401_003,9,33,Seamark,969,978,249,282
201807051401_004,21,50,Seamark,972,993,248,298
201807051401_002,6,16,Seamark,395,401,254,270
201807051401_003,9,20,Seamark,568,577,252,272
201807051401_004,7,27,Seamark,349,356,254,281
201807051401_005,6,19,Seamark,1218,1224,254,273
201807051401_006,8,24,Seamark,729,737,250,274
201807051401_007,11,28,Seamark,775,786,250,278
201807051401_008,12,43,Seamark,802,814,248,291
201807051401_009,21,65,Seamark,761,782,248,313
201807051401_010,61,238,Seamark,1103,1164,237,475
201807051401_006,3,8,Seamark,842,845,252,260
201807051401_007,9,15,Seamark,870,879,246,261
201807051401_008,8,14,Seamark,879,887,248,262
201807051401_009,7,13,Seamark,788,795,250,263
201807051401_010,7,19,Seamark,826,833,247,266
201807051401_011,6,17,Seamark,830,836,250,267
201807051401_012,8,18,Seamark,753,761,250,268
201807051401_013,6,21,Seamark,764,770,249,270
201807051401_014,7,23,Seamark,745,752,250,273
201807051401_015,12,37,Seamark,769,781,252,289
201807051401_016,18,64,Seamark,828,846,250,314
201807051401_017,46,189,Seamark,1033,1079,247,436
201807051401_011,11,6,Boat,663,674,259,265
201807051401_012,14,7,Boat,505,519,261,268
201807051401_013,16,11,Boat,373,389,267,278
201807051401_014,37,22,Boat,31,68,286,308
201807051401_016,10,9,Motorboat,727,737,257,266
201807051401_017,16,11,Motorboat,609,625,264,275
201807051401_018,39,26,Motorboat,501,540,275,301
201807051401_016,13,6,Boat,697,710,259,265
201807051401_017,17,7,Boat,540,557,265,272
201807051401_018,28,12,Boat,401,429,277,289
201807051401_018,11,3,Boat,482,493,263,266
201807051401_019,16,7,Boat,601,617,257,264
201807051401_020,14,7,Boat,703,717,257,264
201807051401_021,13,6,Boat,692,705,260,266
201807051401_022,11,5,Boat,759,770,257,262
201807051401_023,10,7,Boat,761,771,257,264
201807051401_024,12,7,Boat,722,734,257,264
201807051401_025,11,6,Boat,639,650,260,266
201807051401_026,13,9,Boat,583,596,257,266
201807051401_027,12,8,Boat,637,649,257,265
201807051401_028,12,8,Boat,709,721,261,269
201807051401_029,11,7,Boat,667,678,261,268
201807051401_030,12,8,Boat,466,478,265,273
201807051401_031,10,8,Boat,381,391,262,270
201807051401_032,10,8,Boat,202,212,267,275
201807051401_033,10,8,Boat,19,29,273,281
201807051401_017,4,15,Seamark,837,841,251,266
201807051401_018,6,18,Seamark,925,931,252,270
201807051401_019,7,20,Seamark,1056,1063,255,275
201807051401_020,9,29,Seamark,1207,1216,250,279
201807051401_010,16,28,Cruiseship,795,811,228,256
201807051401_011,17,31,Cruiseship,775,792,225,256
201807051401_012,18,33,Cruiseship,682,700,223,256
201807051401_013,16,30,Cruiseship,676,692,225,255
201807051401_014,19,34,Cruiseship,639,658,222,256
201807051401_015,21,37,Cruiseship,615,636,221,258
201807051401_016,22,36,Cruiseship,564,586,223,259
201807051401_017,25,37,Cruiseship,512,537,223,260
201807051401_018,29,43,Cruiseship,559,588,219,262
201807051401_019,27,44,Cruiseship,634,661,216,260
201807051401_020,33,51,Cruiseship,666,699,209,260
201807051401_021,34,54,Cruiseship,734,768,210,264
201807051401_022,34,57,Cruiseship,891,925,200,257
201807051401_023,38,70,Cruiseship,991,1029,193,263
201807051401_024,44,74,Cruiseship,1019,1063,190,264
201807051401_025,44,78,Cruiseship,1014,1058,189,267
201807051401_026,62,84,Cruiseship,1085,1147,185,269
201807051401_029,47,23,Miscboat,849,896,242,265
201807051401_030,55,31,Miscboat,754,809,236,267
201807051401_031,55,28,Miscboat,740,795,238,266
201807051401_034,85,45,Miscboat,529,614,226,271
201807051401_035,111,55,Miscboat,573,684,223,278
201807051401_036,140,56,Miscboat,418,558,226,282
201807051401_032,122,23,Cargoship,610,732,242,265
201807051401_033,154,32,Cargoship,563,717,236,268
201807051401_034,162,34,Cargoship,472,634,235,269
201807051401_008,99,29,Cruiseship,760,859,224,253
201807051401_009,100,30,Cruiseship,652,752,225,255
201807051401_010,103,29,Cruiseship,668,771,225,254
201807051401_011,111,34,Cruiseship,638,749,220,254
201807051401_012,117,34,Cruiseship,542,659,222,256
201807051401_013,116,36,Cruiseship,529,645,217,253
201807051401_014,123,38,Cruiseship,488,611,217,255
201807051401_015,131,39,Cruiseship,458,589,221,260
201807051401_016,133,44,Cruiseship,400,533,217,261
201807051401_017,138,50,Cruiseship,341,479,213,263
201807051401_018,147,52,Cruiseship,383,530,213,265
201807051401_019,142,50,Cruiseship,451,593,210,260
201807051401_020,162,56,Cruiseship,470,632,203,259
201807051401_021,175,67,Cruiseship,524,699,196,263
201807051401_022,184,65,Cruiseship,665,849,192,257
201807051401_023,204,74,Cruiseship,736,940,186,260
201807051401_024,218,84,Cruiseship,745,963,175,259
201807051401_025,234,80,Cruiseship,703,937,184,264
201807051401_026,265,93,Cruiseship,741,1006,171,264
201807051401_027,298,114,Cruiseship,858,1156,152,266
201807051401_028,289,107,Cruiseship,986,1275,164,271
201807051401_029,235,129,Cruiseship,1041,1276,150,279
201807051401_030,303,139,Cruiseship,978,1281,139,278
201807051401_031,287,155,Cruiseship,991,1278,122,277
201807051401_032,322,185,Cruiseship,950,1272,95,280
201807051401_033,297,222,Cruiseship,982,1279,63,285
201807051401_034,327,252,Cruiseship,952,1279,30,282
201807051401_035,226,181,Cruiseship,1052,1278,108,289
201807051401_036,295,214,Cruiseship,985,1280,81,295
201807051401_031,58,20,Miscboat,826,884,245,265
201807051401_032,62,31,Miscboat,761,823,237,268
201807051401_033,68,30,Miscboat,759,827,240,270
201807051401_034,57,28,Miscboat,708,765,241,269
201807051401_035,58,32,Miscboat,771,829,242,274
201807051401_036,70,43,Miscboat,646,716,236,279
201807051401_042,70,29,Passengership,231,301,247,276
201807051401_043,205,35,Passengership,592,797,239,274
201807051401_044,30,38,Militaryship,233,263,238,276
201807051401_045,71,120,Militaryship,607,678,155,275
201807051401_043,113,32,Militaryship,26,139,241,273
201807051401_044,68,58,Militaryship,6,74,224,282
201807051401_045,135,88,Militaryship,418,553,187,275
201807051401_045,39,18,Boat,10,49,283,301
201807051401_046,79,39,Boat,1002,1081,265,304
201807051401_047,88,48,Militaryship,1184,1272,234,282
201807051401_048,116,45,Militaryship,958,1074,225,270
201807051401_049,176,84,Militaryship,1100,1276,210,294
201807051401_049,67,21,Motorboat,707,774,247,268
201807051401_050,89,29,Motorboat,784,873,246,275
201807051401_051,133,35,Motorboat,1092,1225,254,289
201807051401_049,41,14,Motorboat,664,705,254,268
201807051401_050,59,20,Motorboat,724,783,253,273
201807051401_051,96,29,Motorboat,995,1091,262,291
201807051401_049,39,40,Sailboat,571,610,220,260
201807051401_050,33,47,Sailboat,626,659,219,266
201807051401_051,39,57,Sailboat,826,865,214,271
201807051401_052,37,74,Sailboat,1167,1204,199,273
201807051401_052,32,12,Motorboat,791,823,248,260
201807051401_053,17,14,Motorboat,1261,1278,257,271
201807051401_051,9,14,Seamark,297,306,259,273
201807051401_052,19,43,Seamark,488,507,242,285
201807051401_053,22,48,Seamark,907,929,241,289
201807051401_054,18,39,Seamark,1233,1251,257,296
201807051401_056,34,64,Cruiseship,340,374,209,273
201807051401_057,64,74,Cruiseship,307,371,202,276
201807051401_058,75,76,Cruiseship,325,400,194,270
201807051401_059,82,90,Cruiseship,318,400,186,276
201807051401_060,120,108,Cruiseship,300,420,174,282
201807051401_061,198,141,Cruiseship,204,402,148,289
201807051401_062,355,246,Cruiseship,3,358,81,327
201807051401_063,203,339,Cruiseship,-2,201,1,340
201807051401_056,38,77,Militaryship,298,336,207,284
201807051401_057,65,113,Militaryship,244,309,174,287
201807051401_058,105,143,Militaryship,185,290,155,298
201807051401_059,164,149,Militaryship,57,221,167,316
201807051401_062,62,66,Militaryship,335,397,213,279
201807051401_063,91,100,Militaryship,209,300,199,299
201807051401_064,120,141,Militaryship,3,123,177,318
201807051401_059,19,32,Militaryship,404,423,236,268
201807051401_060,30,24,Militaryship,424,454,245,269
201807051401_061,45,43,Militaryship,416,461,232,275
201807051401_062,59,66,Militaryship,404,463,212,278
201807051401_063,86,100,Militaryship,303,389,189,289
201807051401_064,186,153,Militaryship,126,312,153,306
201807051401_065,41,18,Passengership,378,419,259,277
201807051401_066,54,28,Passengership,239,293,262,290
201807051401_067,96,36,Passengership,1,97,275,311
201807051401_067,52,32,Miscboat,102,154,267,299
201807051401_068,69,49,Miscboat,14,83,275,324
201807051401_067,41,29,Miscboat,140,181,265,294
201807051401_060,15,31,Sailboat,591,606,229,260
201807051401_061,16,34,Sailboat,625,641,226,260
201807051401_062,19,37,Sailboat,669,688,222,259
201807051401_063,20,37,Sailboat,641,661,224,261
201807051401_064,22,41,Sailboat,657,679,221,262
201807051401_065,23,46,Sailboat,578,601,217,263
201807051401_066,31,56,Sailboat,537,568,210,266
201807051401_067,35,52,Sailboat,500,535,217,269
201807051401_068,41,115,Sailboat,672,713,158,273
201807051401_057,32,96,Sailboat,365,397,168,264
201807051401_058,40,110,Sailboat,408,448,154,264
201807051401_059,59,114,Sailboat,412,471,149,263
201807051401_060,49,128,Sailboat,461,510,136,264
201807051401_061,71,144,Sailboat,474,545,122,266
201807051401_062,112,177,Sailboat,461,573,90,267
201807051401_063,100,204,Sailboat,422,522,67,271
201807051401_064,132,265,Sailboat,379,511,14,279
201807051401_065,221,279,Sailboat,165,386,15,294
201807051401_066,239,322,Sailboat,2,241,1,323
201807051401_023,48,53,Miscboat,257,305,237,290
201807051401_044,30,11,Boat,136,166,274,285
201807051401_044,22,32,Miscboat,286,308,237,269
201807051401_047,76,56,Passengership,1106,1182,289,345
201807051401_050,11,7,Boat,44,55,279,286
201807051401_050,77,36,Miscboat,878,955,243,279
201807051401_052,10,6,Boat,688,698,258,264
201807051401_052,24,6,Boat,1041,1065,258,264
201807051401_052,24,10,Motorboat,835,859,252,262
201807051401_052,23,12,Motorboat,772,795,252,264
201807051401_053,18,14,Boat,1050,1068,258,272
201807051401_053,15,11,Boat,1015,1030,259,270
201807051401_065,91,61,Militaryship,13,104,259,320
201807051401_000,112,297,Sailboat,998,1110,35,332
201807051401_000,173,169,Sailboat,855,1028,152,321
201807051401_000,54,78,Sailboat,426,480,201,279
201807051401_000,45,75,Sailboat,506,551,199,274
201807051401_000,32,52,Sailboat,329,361,226,278
201807051401_045,48,117,Sailboat,376,424,184,301
201807051401_053,36,75,Sailboat,1102,1138,200,275
201807051401_037,1003,302,Cruiseship,3,1006,7,309
201807051401_000,13,8,Motorboat,58,71,269,277
201807051401_000,52,20,Motorboat,569,621,255,275
201807051401_045,69,21,Boat,1058,1127,279,300
201807051401_046,21,26,Passengership,770,791,256,282
201807051401_017,61,37,Militaryship,1138,1199,227,264
201807051401_038,409,219,Cargoship,20,429,77,296
201807051401_055,45,69,Militaryship,253,298,210,279
201807051401_064,44,31,Militaryship,316,360,254,285
201807051401_015,8,8,Motorboat,825,833,257,265
201807051401_031,108,29,Cargoship,704,812,236,265
201807051401_039,32,12,Motorboat,707,739,249,261
201807051401_039,17,11,Miscboat,637,654,249,260
201807051401_045,30,39,Miscboat,823,853,229,268
201807051401_045,41,71,Miscboat,737,778,204,275
201807051401_046,65,42,Miscboat,146,211,267,309
201807051401_060,82,48,Miscboat,1048,1130,252,300
201807051401_000,4,9,Seamark,143,147,265,274
201807051401_001,42,37,Miscellaneous,1107,1149,539,576
201807051401_012,5,13,Seamark,256,261,259,272
201807051401_015,5,13,Seamark,868,873,252,265
201807051401_018,6,16,Seamark,116,122,272,288
201807051401_044,10,26,Seamark,486,496,252,278
201807051401_042,5,11,Seamark,388,393,258,269
201807051401_050,10,63,Seamark,1001,1011,250,313
201807051401_051,5,27,Seamark,842,847,263,290
201807051401_013,44,17,Cargoship,483,527,244,261
201807051401_000,9,7,Miscellaneous,382,391,309,316
201807051401_000,10,7,Miscellaneous,10,20,346,353
201807051401_068,26,10,Ferry,529,555,249,259
201807051431_000,115,229,Sailboat,853,968,63,292
201807051431_001,204,342,Sailboat,1041,1245,1,343
201807051431_005,41,87,Sailboat,441,482,184,271
201807051431_008,82,145,Sailboat,316,398,154,299
201807051431_004,45,17,Motorboat,226,271,277,294
201807051431_005,58,22,Motorboat,36,94,292,314
201807051431_000,26,53,Sailboat,494,520,213,266
201807051431_001,32,54,Sailboat,477,509,216,270
201807051431_002,31,64,Sailboat,434,465,210,274
201807051431_003,45,90,Sailboat,324,369,190,280
201807051431_004,45,24,Motorboat,269,314,266,290
201807051431_005,95,33,Boat,85,180,274,307
201807051431_002,34,32,Miscboat,753,787,238,270
201807051431_003,62,52,Miscboat,701,763,225,277
201807051431_004,81,66,Miscboat,763,844,223,289
201807051431_005,103,76,Miscboat,858,961,222,298
201807051431_006,205,185,Miscboat,1075,1280,192,377
201807051431_002,35,61,Sailboat,469,504,208,269
201807051431_005,82,188,Sailboat,337,419,92,280
201807051431_006,102,169,Sailboat,119,221,139,308
201807051431_008,75,111,Sailboat,407,482,172,283
201807051431_003,57,71,Sailboat,354,411,202,273
201807051431_004,72,83,Sailboat,352,424,194,277
201807051431_005,62,93,Sailboat,298,360,196,289
201807051431_005,78,133,Sailboat,233,311,160,293
201807051431_007,145,324,Sailboat,49,194,1,325
201807051431_008,76,247,Sailboat,119,195,69,316
201807051431_008,30,23,Miscboat,486,516,248,271
201807051431_009,59,29,Miscboat,386,445,251,280
201807051431_005,45,40,Miscboat,819,864,249,289
201807051431_006,95,70,Boat,943,1038,253,323
201807051431_003,36,120,Sailboat,416,452,150,270
201807051431_004,54,141,Sailboat,398,452,132,273
201807051431_006,109,269,Sailboat,200,309,27,296
201807051431_002,10,11,Motorboat,719,729,255,266
201807051431_003,11,12,Motorboat,669,680,255,267
201807051431_004,17,17,Motorboat,712,729,255,272
201807051431_005,26,21,Motorboat,754,780,258,279
201807051431_006,32,30,Motorboat,798,830,264,294
201807051431_007,66,61,Motorboat,928,994,263,324
201807051431_004,12,15,Miscboat,698,710,256,271
201807051431_005,13,16,Miscboat,734,747,259,275
201807051431_006,22,20,Miscboat,761,783,263,283
201807051431_007,37,33,Miscboat,844,881,265,298
201807051431_008,97,73,Miscboat,1182,1279,293,366
201807051431_002,16,71,Sailboat,694,710,192,263
201807051431_003,19,78,Sailboat,640,659,189,267
201807051431_004,21,92,Sailboat,678,699,177,269
201807051431_005,25,112,Sailboat,712,737,162,274
201807051431_006,51,149,Sailboat,714,765,133,282
201807051431_007,46,189,Sailboat,737,783,100,289
201807051431_008,38,181,Sailboat,835,873,109,290
201807051431_004,29,15,Ferry,513,542,249,264
201807051431_005,72,12,Ferry,531,603,252,264
201807051431_006,65,11,Ferry,576,641,254,265
201807051431_007,78,23,Ferry,658,736,246,269
201807051431_008,113,19,Ferry,738,851,251,270
201807051431_009,237,41,Ferry,906,1143,263,304
201807051431_009,70,39,Passengership,944,1014,227,266
201807051431_010,81,70,Passengership,1050,1131,240,310
201807051431_004,21,79,Sailboat,657,678,190,269
201807051431_005,32,101,Sailboat,682,714,172,273
201807051431_006,36,129,Sailboat,682,718,150,279
201807051431_008,76,29,Ferry,752,828,242,271
201807051431_007,59,207,Sailboat,782,841,86,293
201807051431_008,114,322,Sailboat,866,980,14,336
201807051431_009,51,29,Miscboat,885,936,244,273
201807051431_010,68,50,Miscboat,975,1043,246,296
201807051431_011,120,66,Miscboat,1106,1226,243,309
201807051431_010,32,22,Miscboat,941,973,259,281
201807051431_011,49,33,Miscboat,1038,1087,257,290
201807051431_005,17,13,Passengership,520,537,246,259
201807051431_006,20,13,Passengership,496,516,247,260
201807051431_007,22,14,Passengership,520,542,246,260
201807051431_008,30,31,Passengership,542,572,233,264
201807051431_009,43,28,Passengership,514,557,242,270
201807051431_010,58,66,Passengership,465,523,217,283
201807051431_011,81,44,Passengership,399,480,238,282
201807051431_012,138,82,Passengership,146,284,231,313
201807051431_009,19,15,Boat,854,873,253,268
201807051431_010,26,25,Miscboat,894,920,251,276
201807051431_011,45,37,Miscboat,936,981,247,284
201807051431_012,73,54,Miscboat,1038,1111,247,301
201807051431_010,28,24,Motorboat,854,882,246,270
201807051431_011,34,27,Motorboat,883,917,245,272
201807051431_012,62,32,Motorboat,888,950,249,281
201807051431_013,111,58,Motorboat,981,1092,246,304
201807051431_016,49,46,Motorboat,1008,1057,249,295
201807051431_017,101,76,Motorboat,1035,1136,241,317
201807051431_014,30,19,Miscboat,478,508,251,270
201807051431_015,40,26,Miscboat,420,460,248,274
201807051431_016,57,34,Miscboat,408,465,250,284
201807051431_017,65,33,Miscboat,217,282,254,287
201807051431_018,97,32,Miscboat,33,130,269,301
201807051431_014,22,17,Miscboat,511,533,252,269
201807051431_015,23,18,Miscboat,466,489,253,271
201807051431_016,35,23,Miscboat,467,502,253,276
201807051431_017,43,26,Miscboat,290,333,259,285
201807051431_018,61,25,Miscboat,149,210,266,291
201807051431_021,32,35,Motorboat,95,127,253,288
201807051431_022,45,42,Motorboat,1,46,257,299
201807051431_023,104,64,Motorboat,4,108,247,311
201807051431_020,39,27,Passengership,592,631,239,266
201807051431_021,41,23,Passengership,446,487,247,270
201807051431_022,46,39,Passengership,489,535,238,277
201807051431_023,70,58,Passengership,775,845,226,284
201807051431_024,111,72,Passengership,906,1017,234,306
201807051431_023,73,33,Miscboat,222,295,248,281
201807051431_024,54,50,Miscboat,3,57,263,313
201807051431_025,53,50,Miscboat,1,54,265,315
201807051431_022,22,19,Miscboat,113,135,257,276
201807051431_023,37,21,Boat,297,334,252,273
201807051431_024,59,35,Miscboat,243,302,249,284
201807051431_025,98,45,Miscboat,113,211,252,297
201807051431_023,24,27,Passengership,332,356,242,269
201807051431_024,54,27,Passengership,285,339,249,276
201807051431_025,77,47,Passengership,216,293,241,288
201807051431_026,163,71,Passengership,22,185,233,304
201807051431_022,41,28,Miscboat,394,435,243,271
201807051431_023,49,37,Miscboat,663,712,235,272
201807051431_024,66,41,Miscboat,723,789,238,279
201807051431_025,89,52,Miscboat,835,924,242,294
201807051431_026,140,62,Miscboat,955,1095,245,307
201807051431_022,22,24,Passengership,136,158,248,272
201807051431_023,22,26,Passengership,359,381,242,268
201807051431_024,49,41,Passengership,324,373,230,271
201807051431_025,66,52,Passengership,291,357,227,279
201807051431_026,95,65,Passengership,200,295,222,287
201807051431_027,133,90,Passengership,1,134,219,309
201807051431_022,32,42,Sailboat,371,403,225,267
201807051431_023,34,40,Sailboat,640,674,225,265
201807051431_024,30,34,Sailboat,693,723,234,268
201807051431_025,53,84,Sailboat,774,827,194,278
201807051431_026,81,102,Sailboat,834,915,182,284
201807051431_027,120,149,Sailboat,955,1075,159,308
201807051431_023,59,15,Ferry,460,519,249,264
201807051431_024,89,28,Ferry,384,473,243,271
201807051431_025,115,30,Ferry,339,454,244,274
201807051431_026,116,30,Ferry,303,419,247,277
201807051431_022,52,16,Ferry,263,315,251,267
201807051431_023,76,24,Ferry,448,524,243,267
201807051431_027,161,31,Ferry,189,350,261,292
201807051431_028,260,82,Ferry,1,261,241,323
201807051431_026,46,115,Sailboat,435,481,153,268
201807051431_027,75,153,Sailboat,398,473,123,276
201807051431_028,31,128,Sailboat,466,497,153,281
201807051431_028,39,183,Sailboat,426,465,97,280
201807051431_029,72,58,Motorboat,345,417,226,284
201807051431_030,117,66,Motorboat,24,141,250,316
201807051431_031,140,337,Sailboat,23,163,1,338
201807051431_029,40,32,Motorboat,347,387,260,292
201807051431_030,49,52,Motorboat,-1,48,287,339
201807051431_026,69,92,Sailboat,684,753,180,272
201807051431_027,94,21,Boat,715,809,261,282
201807051431_028,136,173,Sailboat,832,968,123,296
201807051431_029,262,335,Sailboat,1013,1275,20,355
201807051431_030,231,320,Sailboat,1004,1235,13,333
201807051431_029,102,179,Sailboat,858,960,111,290
201807051431_031,67,163,Sailboat,829,896,126,289
201807051431_032,160,323,Sailboat,982,1142,16,339
201807051431_032,112,234,Sailboat,895,1007,78,312
201807051431_033,250,355,Sailboat,989,1239,0,355
201807051431_034,200,92,Motorboat,1075,1275,286,378
201807051431_027,62,90,Sailboat,693,755,182,272
201807051431_030,167,261,Sailboat,859,1026,48,309
201807051431_031,101,402,Sailboat,1179,1280,0,402
201807051431_026,30,99,Sailboat,481,511,165,264
201807051431_027,35,115,Sailboat,475,510,156,271
201807051431_028,26,100,Sailboat,535,561,170,270
201807051431_029,39,187,Sailboat,466,505,93,280
201807051431_030,77,216,Sailboat,262,339,85,301
201807051431_031,86,306,Sailboat,169,255,1,307
201807051431_027,21,21,Motorboat,488,509,249,270
201807051431_028,26,23,Motorboat,539,565,249,272
201807051431_029,16,19,Motorboat,500,516,252,271
201807051431_030,22,22,Motorboat,338,360,257,279
201807051431_031,48,26,Motorboat,259,307,262,288
201807051431_028,35,111,Sailboat,498,533,162,273
201807051431_029,55,155,Sailboat,411,466,125,280
201807051431_030,74,119,Sailboat,740,814,159,278
201807051431_033,150,78,Motorboat,1130,1280,284,362
201807051431_029,21,20,Miscboat,514,535,247,267
201807051431_030,23,24,Miscboat,367,390,249,273
201807051431_031,42,26,Miscboat,327,369,255,281
201807051431_032,77,40,Miscboat,105,182,261,301
201807051431_029,26,28,Miscboat,533,559,236,264
201807051431_030,24,28,Miscboat,402,426,243,271
201807051431_031,43,49,Miscboat,378,421,225,274
201807051431_032,67,53,Miscboat,220,287,234,287
201807051431_033,71,76,Miscboat,-1,70,238,314
201807051431_032,17,15,Passengership,568,585,244,259
201807051431_033,29,22,Passengership,486,515,243,265
201807051431_034,42,38,Passengership,477,519,234,272
201807051431_035,113,107,Passengership,192,305,194,301
201807051431_037,90,186,Sailboat,180,270,100,286
201807051431_038,109,277,Sailboat,5,114,34,311
201807051431_031,17,16,Miscboat,510,527,246,262
201807051431_032,19,18,Miscboat,463,482,246,264
201807051431_033,21,20,Miscboat,389,410,247,267
201807051431_034,23,22,Miscboat,397,420,246,268
201807051431_029,16,45,Sailboat,608,624,211,256
201807051431_030,18,51,Sailboat,496,514,207,258
201807051431_031,19,63,Sailboat,525,544,196,259
201807051431_032,26,71,Sailboat,477,503,191,262
201807051431_033,51,79,Sailboat,392,443,187,266
201807051431_034,34,100,Sailboat,420,454,167,267
201807051431_036,8,8,Miscboat,550,558,255,263
201807051431_037,14,10,Miscboat,563,577,256,266
201807051431_038,24,20,Miscboat,501,525,260,280
201807051431_039,79,38,Miscboat,194,273,291,329
201807051431_041,51,42,Miscboat,842,893,249,291
201807051431_042,111,76,Miscboat,834,945,255,331
201807051431_040,51,18,Ferry,499,550,252,270
201807051431_041,54,16,Ferry,406,460,259,275
201807051431_039,44,15,Ferry,599,643,253,268
201807051431_041,64,28,Ferry,396,460,249,277
201807051431_042,62,34,Ferry,59,121,258,292
201807051431_041,33,18,Passengership,820,853,260,278
201807051431_042,83,37,Passengership,736,819,255,292
201807051431_043,245,74,Passengership,1006,1251,275,349
201807051431_029,46,75,Sailboat,753,799,177,252
201807051431_030,47,86,Sailboat,653,700,165,251
201807051431_031,49,88,Sailboat,699,748,161,249
201807051431_032,50,89,Sailboat,685,735,158,247
201807051431_033,65,113,Sailboat,634,699,140,253
201807051431_034,63,109,Sailboat,687,750,140,249
201807051431_035,65,112,Sailboat,610,675,134,246
201807051431_036,74,136,Sailboat,657,731,116,252
201807051431_037,92,161,Sailboat,699,791,94,255
201807051431_038,96,169,Sailboat,719,815,83,252
201807051431_039,115,179,Sailboat,659,774,75,254
201807051431_040,76,210,Sailboat,688,764,43,253
201807051431_041,150,235,Sailboat,828,978,12,247
201807051431_042,203,263,Sailboat,733,936,2,265
201807051431_043,329,294,Sailboat,936,1265,0,294
201807051431_044,429,394,Sailboat,850,1279,4,398
201807051431_044,48,34,Miscboat,851,899,256,290
201807051431_045,106,55,Miscboat,1050,1156,264,319
201807051431_044,77,101,Militaryship,768,845,180,281
201807051431_045,181,112,Militaryship,879,1060,189,301
201807051431_046,259,278,Militaryship,1020,1279,84,362
201807051431_043,87,85,Cruiseship,896,983,182,267
201807051431_044,101,84,Cruiseship,704,805,178,262
201807051431_045,131,110,Cruiseship,779,910,160,270
201807051431_046,222,167,Cruiseship,791,1013,121,288
201807051431_047,433,290,Cruiseship,839,1272,47,337
201807051431_048,186,209,Cruiseship,1095,1281,126,335
201807051431_049,109,283,Cruiseship,1171,1280,72,355
201807051431_044,26,42,Militaryship,680,706,217,259
201807051431_045,45,47,Militaryship,740,785,214,261
201807051431_046,51,59,Militaryship,744,795,206,265
201807051431_047,62,79,Militaryship,744,806,192,271
201807051431_048,96,103,Militaryship,868,964,181,284
201807051431_049,109,100,Militaryship,772,881,177,277
201807051431_050,143,152,Militaryship,840,983,148,300
201807051431_051,218,214,Militaryship,814,1032,112,326
201807051431_052,397,288,Militaryship,776,1173,56,344
201807051431_053,264,291,Militaryship,1003,1267,147,438
201807051431_056,29,14,Motorboat,452,481,251,265
201807051431_057,29,14,Motorboat,157,186,258,272
201807051431_055,36,17,Motorboat,563,599,248,265
201807051431_056,40,18,Motorboat,470,510,244,262
201807051431_057,39,25,Motorboat,190,229,247,272
201807051431_056,44,17,Miscboat,400,444,248,265
201807051431_057,37,17,Miscboat,106,143,255,272
201807051431_058,68,65,Militaryship,719,787,202,267
201807051431_059,63,74,Militaryship,678,741,192,266
201807051431_057,79,33,Militaryship,852,931,230,263
201807051431_058,74,51,Militaryship,784,858,214,265
201807051431_059,105,73,Militaryship,717,822,189,262
201807051431_011,172,94,Miscboat,9,181,246,340
201807051431_006,98,34,Motorboat,8,106,280,314
201807051431_006,69,168,Sailboat,172,241,133,301
201807051431_006,16,14,Passengership,681,697,246,260
201807051431_020,110,104,Motorboat,140,250,239,343
201807051431_023,24,23,Miscboat,381,405,240,263
201807051431_030,184,102,Motorboat,1096,1280,266,368
201807051431_030,185,286,Sailboat,915,1100,44,330
201807051431_030,102,158,Sailboat,800,902,132,290
201807051431_033,128,69,Motorboat,1060,1188,301,370
201807051431_036,72,145,Sailboat,241,313,134,279
201807051431_008,49,188,Sailboat,260,309,117,305
201807051431_002,26,107,Sailboat,504,530,160,267
201807051431_005,99,157,Sailboat,123,222,148,305
201807051431_008,153,333,Sailboat,981,1134,4,337
201807051431_008,54,196,Sailboat,199,253,114,310
201807051431_008,90,217,Sailboat,22,112,105,322
201807051431_022,22,59,Sailboat,205,227,206,265
201807051431_029,85,283,Sailboat,253,338,10,293
201807051431_009,131,118,Passengership,1149,1280,219,337
201807051431_010,149,129,Passengership,1132,1281,202,331
201807051431_009,102,130,Sailboat,194,296,174,304
201807051431_028,186,101,Passengership,157,343,195,296
201807051431_030,96,231,Sailboat,170,266,72,303
201807051431_001,46,63,Motorboat,1005,1051,250,313
201807051431_007,74,26,Boat,1127,1201,328,354
201807051431_007,26,30,Boat,910,936,279,309
201807051431_019,71,24,Motorboat,857,928,266,290
201807051431_019,101,58,Miscboat,960,1061,259,317
201807051431_037,62,53,Miscboat,113,175,244,297
201807051431_053,19,11,Boat,128,147,265,276
201807051431_056,22,13,Motorboat,52,74,262,275
201807051431_056,109,25,Passengership,100,209,249,274
201807051431_056,38,16,Miscboat,580,618,246,262
201807051431_022,26,24,Miscboat,63,89,262,286
201807051431_022,19,19,Miscboat,94,113,261,280
201807051431_039,27,20,Miscboat,657,684,253,273
201807051431_056,38,20,Militaryship,850,888,244,264
201807051431_057,52,20,Militaryship,651,703,243,263
201807051431_058,70,27,Militaryship,520,590,240,267
201807051431_059,87,30,Militaryship,443,530,238,268
201807051501_000,25,29,Passengership,426,451,241,270
201807051501_001,90,61,Passengership,196,286,232,293
201807051501_002,17,44,Seamark,167,184,242,286
201807051501_003,6,27,Seamark,115,121,254,281
201807051501_004,8,31,Seamark,32,40,258,289
201807051501_002,7,12,Seamark,336,343,247,259
201807051501_003,8,13,Seamark,345,353,247,260
201807051501_004,9,14,Seamark,379,388,246,260
201807051501_005,8,19,Seamark,411,419,244,263
201807051501_006,8,20,Seamark,436,444,241,261
201807051501_007,8,20,Seamark,410,418,242,262
201807051501_008,9,24,Seamark,321,330,242,266
201807051501_009,9,25,Seamark,231,240,244,269
201807051501_010,10,28,Seamark,298,308,241,269
201807051501_011,12,33,Seamark,89,101,249,282
201807051501_013,25,12,Miscboat,289,314,254,266
201807051501_014,43,20,Miscboat,11,54,260,280
201807051501_013,87,61,Miscboat,1021,1108,234,295
201807051501_014,181,229,Miscboat,1044,1225,120,349
201807051501_015,73,77,Sailboat,972,1045,208,285
201807051501_016,61,93,Sailboat,963,1024,195,288
201807051501_017,81,140,Sailboat,970,1051,172,312
201807051501_018,90,158,Sailboat,682,772,146,304
201807051501_019,128,243,Sailboat,696,824,92,335
201807051501_013,75,31,Passengership,319,394,234,265
201807051501_014,87,51,Passengership,68,155,228,279
201807051501_011,19,12,Motorboat,593,612,254,266
201807051501_012,21,13,Motorboat,594,615,251,264
201807051501_013,26,11,Motorboat,607,633,256,267
201807051501_014,41,20,Motorboat,390,431,258,278
201807051501_015,41,19,Motorboat,342,383,258,277
201807051501_016,75,27,Motorboat,38,113,265,292
201807051501_016,6,47,Seamark,1053,1059,272,319
201807051501_017,18,91,Seamark,1202,1220,288,379
201807051501_011,11,12,Miscboat,656,667,251,263
201807051501_012,12,13,Miscboat,667,679,249,262
201807051501_013,13,14,Miscboat,693,706,250,264
201807051501_014,20,20,Miscboat,509,529,249,269
201807051501_015,22,22,Miscboat,497,519,246,268
201807051501_016,26,26,Miscboat,293,319,245,271
201807051501_017,34,38,Miscboat,162,196,254,292
201807051501_016,91,143,Sailboat,723,814,140,283
201807051501_017,115,186,Sailboat,676,791,110,296
201807051501_018,147,241,Sailboat,251,398,67,308
201807051501_011,10,9,Motorboat,687,697,256,265
201807051501_012,11,10,Motorboat,706,717,255,265
201807051501_013,12,11,Motorboat,745,757,258,269
201807051501_014,17,17,Motorboat,569,586,257,274
201807051501_015,19,19,Motorboat,564,583,257,276
201807051501_016,22,18,Motorboat,378,400,266,284
201807051501_017,44,34,Motorboat,234,278,267,301
201807051501_013,16,15,Motorboat,843,859,252,267
201807051501_014,29,39,Motorboat,685,714,238,277
201807051501_015,33,45,Motorboat,705,738,233,278
201807051501_016,34,33,Motorboat,579,613,244,277
201807051501_017,52,64,Motorboat,497,549,232,296
201807051501_018,62,47,Motorboat,28,90,253,300
201807051501_020,23,46,Seamark,18,41,261,307
201807051501_021,7,35,Seamark,21,28,271,306
201807051501_020,42,93,Sailboat,593,635,196,289
201807051501_021,53,115,Sailboat,981,1034,174,289
201807051501_023,17,30,Seamark,552,569,246,276
201807051501_024,5,27,Seamark,328,333,255,282
201807051501_025,7,24,Seamark,55,62,271,295
201807051501_023,18,39,Seamark,1099,1117,245,284
201807051501_024,17,46,Seamark,1066,1083,242,288
201807051501_025,13,34,Seamark,975,988,260,294
201807051501_026,40,99,Seamark,985,1025,227,326
201807051501_026,7,13,Seamark,720,727,248,261
201807051501_027,8,14,Seamark,670,678,246,260
201807051501_028,9,15,Seamark,702,711,245,260
201807051501_029,8,15,Seamark,664,672,249,264
201807051501_030,9,18,Seamark,686,695,244,262
201807051501_031,8,19,Seamark,772,780,248,267
201807051501_032,10,22,Seamark,763,773,248,270
201807051501_033,4,18,Seamark,796,800,249,267
201807051501_034,4,16,Seamark,793,797,252,268
201807051501_035,13,28,Seamark,813,826,246,274
201807051501_036,9,24,Seamark,905,914,255,279
201807051501_037,10,31,Seamark,938,948,254,285
201807051501_026,5,13,Seamark,733,738,247,260
201807051501_027,6,14,Seamark,682,688,244,258
201807051501_028,6,14,Seamark,713,719,244,258
201807051501_029,5,13,Seamark,676,681,248,261
201807051501_030,3,11,Seamark,700,703,247,258
201807051501_026,6,13,Seamark,520,526,253,266
201807051501_027,10,26,Seamark,450,460,246,272
201807051501_028,9,24,Seamark,464,473,249,273
201807051501_029,8,22,Seamark,394,402,254,276
201807051501_030,5,19,Seamark,372,377,257,276
201807051501_031,4,19,Seamark,406,410,259,278
201807051501_032,16,38,Seamark,294,310,255,293
201807051501_033,12,42,Seamark,151,163,265,307
201807051501_025,60,181,Sailboat,1195,1255,141,322
201807051501_026,65,204,Sailboat,1151,1216,128,332
201807051501_027,66,187,Sailboat,1128,1194,132,319
201807051501_028,71,185,Sailboat,1142,1213,134,319
201807051501_029,85,219,Sailboat,1063,1148,112,331
201807051501_030,61,212,Sailboat,1084,1145,118,330
201807051501_031,65,208,Sailboat,1174,1239,123,331
201807051501_032,66,229,Sailboat,1215,1281,118,347
201807051501_026,6,17,Seamark,798,804,247,264
201807051501_027,7,19,Seamark,759,766,245,264
201807051501_028,8,21,Seamark,804,812,244,265
201807051501_029,9,22,Seamark,786,795,246,268
201807051501_030,6,19,Seamark,843,849,248,267
201807051501_031,6,21,Seamark,962,968,252,273
201807051501_032,18,39,Seamark,1037,1055,246,285
201807051501_033,10,39,Seamark,1244,1254,256,295
201807051501_034,4,11,Seamark,772,776,251,262
201807051501_035,8,21,Seamark,772,780,245,266
201807051501_036,5,17,Seamark,836,841,250,267
201807051501_037,4,15,Seamark,821,825,252,267
201807051501_038,9,26,Seamark,1160,1169,248,274
201807051501_027,63,25,Motorboat,14,77,283,308
201807051501_028,41,22,Motorboat,264,305,269,291
201807051501_029,38,36,Motorboat,288,326,264,300
201807051501_030,25,15,Motorboat,408,433,264,279
201807051501_031,12,13,Motorboat,545,557,263,276
201807051501_032,27,25,Motorboat,625,652,253,278
201807051501_033,9,12,Motorboat,698,707,258,270
201807051501_034,10,9,Motorboat,688,698,260,269
201807051501_035,18,18,Motorboat,677,695,252,270
201807051501_036,9,10,Motorboat,725,734,256,266
201807051501_037,14,9,Motorboat,737,751,258,267
201807051501_038,13,13,Motorboat,1141,1154,253,266
201807051501_026,5,10,Seamark,530,535,253,263
201807051501_027,6,11,Seamark,467,473,253,264
201807051501_028,6,11,Seamark,486,492,252,263
201807051501_029,7,14,Seamark,426,433,254,268
201807051501_030,7,14,Seamark,424,431,254,268
201807051501_031,8,15,Seamark,480,488,252,267
201807051501_032,7,23,Seamark,432,439,249,272
201807051501_033,8,25,Seamark,403,411,249,274
201807051501_034,8,27,Seamark,337,345,251,278
201807051501_035,10,29,Seamark,263,273,254,283
201807051501_036,6,26,Seamark,236,242,258,284
201807051501_037,9,29,Seamark,126,135,260,289
201807051501_038,25,59,Seamark,236,261,247,306
201807051501_039,18,66,Seamark,47,65,261,327
201807051501_034,9,45,Sailboat,599,608,220,265
201807051501_035,21,76,Sailboat,533,554,197,273
201807051501_036,18,99,Sailboat,513,531,179,278
201807051501_037,39,174,Sailboat,361,400,123,297
201807051501_040,16,6,Motorboat,226,242,268,274
201807051501_041,17,6,Motorboat,223,240,269,275
201807051501_042,20,9,Motorboat,173,193,270,279
201807051501_043,28,10,Motorboat,354,382,266,276
201807051501_044,40,20,Motorboat,348,388,264,284
201807051501_045,39,18,Motorboat,716,755,261,279
201807051501_046,56,24,Motorboat,1041,1097,272,296
201807051501_046,78,329,Sailboat,36,114,4,333
201807051501_047,80,377,Sailboat,1,81,1,378
201807051501_046,67,22,Miscboat,375,442,276,298
201807051501_047,102,36,Miscboat,558,660,269,305
201807051501_046,47,111,Sailboat,315,362,184,295
201807051501_047,55,145,Sailboat,490,545,158,303
201807051501_000,28,16,Miscboat,181,209,263,279
201807051501_000,17,48,Sailboat,394,411,219,267
201807051501_013,39,18,Miscboat,118,157,253,271
201807051501_013,34,21,Miscboat,160,194,250,271
201807051501_013,36,29,Miscboat,200,236,241,270
201807051501_013,29,16,Miscboat,251,280,252,268
201807051501_046,130,215,Boat,177,307,115,330
201807051501_040,22,64,Sailboat,24,46,223,287
201807051501_040,30,80,Sailboat,71,101,201,281
201807051501_040,24,82,Sailboat,47,71,202,284
201807051501_043,49,63,Sailboat,76,125,225,288
201807051501_043,48,132,Sailboat,27,75,161,293
201807051501_047,232,330,Sailboat,170,402,31,361
201807051501_046,60,197,Sailboat,141,201,119,316
201807051501_020,80,30,Miscboat,1081,1161,259,289
201807051501_020,257,73,Motorboat,817,1074,267,340
201807051501_047,48,28,Motorboat,396,444,270,298
201807051501_014,40,18,Miscboat,53,93,260,278
201807051501_017,72,29,Miscboat,654,726,263,292
201807051501_000,3,14,Seamark,364,367,251,265
201807051501_002,8,13,Seamark,44,52,254,267
201807051501_005,7,16,Seamark,6,13,257,273
201807051501_018,6,53,Seamark,456,462,274,327
201807051501_023,5,10,Seamark,1216,1221,252,262
201807051501_023,6,12,Seamark,1194,1200,251,263
201807051501_023,7,12,Seamark,1228,1235,252,264
201807051501_026,4,11,Seamark,790,794,249,260
201807051501_038,4,14,Seamark,1133,1137,253,267
201807051501_023,11,17,Miscboat,1019,1030,242,259
201807051501_029,12,12,Boat,995,1007,252,264
201807051501_038,8,7,Seamark,1005,1013,254,261
201807051501_044,11,15,Seamark,17,28,305,320
201807051532_000,286,464,Sailboat,183,469,0,464
201807051532_001,175,375,Sailboat,971,1146,1,376
201807051532_003,23,51,Sailboat,527,550,224,275
201807051532_004,35,59,Sailboat,182,217,221,280
201807051532_003,11,19,Seamark,833,844,248,267
201807051532_004,6,21,Seamark,767,773,249,270
201807051532_005,22,58,Seamark,894,916,229,287
201807051532_006,21,55,Seamark,1017,1038,235,290
201807051532_003,128,39,Passengership,400,528,239,278
201807051532_004,81,37,Passengership,705,786,228,265
201807051532_005,66,30,Passengership,1057,1123,231,261
201807051532_006,27,20,Passengership,1252,1279,232,252
201807051532_007,8,16,Seamark,776,784,243,259
201807051532_008,9,18,Seamark,386,395,256,274
201807051532_009,11,24,Seamark,205,216,259,283
201807051532_010,9,30,Seamark,61,70,271,301
201807051532_007,28,19,Passengership,1201,1229,237,256
201807051532_008,30,20,Passengership,968,998,241,261
201807051532_009,32,21,Passengership,899,931,235,256
201807051532_010,23,14,Passengership,890,913,242,256
201807051532_007,5,17,Seamark,1214,1219,246,263
201807051532_008,6,19,Seamark,984,990,250,269
201807051532_009,13,26,Seamark,929,942,248,274
201807051532_010,14,36,Seamark,948,962,246,282
201807051532_007,17,8,Miscboat,1158,1175,241,249
201807051532_010,21,10,Miscboat,495,516,250,260
201807051532_000,62,247,Sailboat,1211,1273,79,326
201807051532_000,182,50,Sailboat,640,822,286,336
201807051532_000,499,477,Sailboat,614,1113,4,481
201807051532_001,125,360,Sailboat,872,997,1,361
201807051532_001,94,279,Sailboat,689,783,63,342
201807051532_001,187,339,Sailboat,502,689,6,345
201807051532_001,85,363,Sailboat,791,876,0,363
201807051532_001,85,239,Sailboat,406,491,101,340
201807051532_001,86,194,Sailboat,171,257,138,332
201807051532_001,106,227,Sailboat,352,458,118,345
201807051532_001,128,294,Sailboat,234,362,50,344
201807051532_001,82,250,Sailboat,17,99,82,332
201807051532_010,92,35,Cruiseship,809,901,217,252
201807051532_009,34,22,Boat,1079,1113,269,291
201807051532_006,15,29,Seamark,375,390,251,280
201807051640_000,45,146,Sailboat,362,407,146,292
201807051640_001,60,236,Sailboat,1139,1199,73,309
201807051640_002,8,16,Seamark,1107,1115,249,265
201807051640_003,9,18,Seamark,1004,1013,252,270
201807051640_004,10,20,Seamark,691,701,250,270
201807051640_005,12,22,Seamark,720,732,245,267
201807051640_004,5,18,Seamark,1148,1153,254,272
201807051640_005,13,29,Seamark,1243,1256,244,273
201807051640_006,11,32,Seamark,1074,1085,250,282
201807051640_007,10,32,Seamark,879,889,256,288
201807051640_008,43,76,Seamark,927,970,240,316
201807051640_009,33,131,Seamark,1189,1222,243,374
201807051640_007,3,10,Seamark,774,777,251,261
201807051640_008,7,15,Seamark,718,725,248,263
201807051640_009,12,24,Seamark,691,703,241,265
201807051640_010,11,19,Seamark,778,789,242,261
201807051640_011,10,20,Seamark,743,753,248,268
201807051640_012,7,21,Seamark,851,858,250,271
201807051640_013,6,19,Seamark,829,835,253,272
201807051640_014,17,32,Seamark,912,929,248,280
201807051640_015,13,37,Seamark,1034,1047,251,288
201807051640_008,7,10,Seamark,651,658,248,258
201807051640_009,9,13,Seamark,616,625,247,260
201807051640_010,6,12,Seamark,693,699,246,258
201807051640_011,7,15,Seamark,632,639,247,262
201807051640_008,7,11,Seamark,639,646,248,259
201807051640_009,9,16,Seamark,605,614,244,260
201807051640_010,8,15,Seamark,684,692,244,259
201807051640_011,7,14,Seamark,621,628,250,264
201807051640_012,8,13,Seamark,711,719,249,262
201807051640_013,2,11,Seamark,638,640,254,265
201807051640_014,6,11,Seamark,691,697,253,264
201807051640_015,7,12,Seamark,698,705,251,263
201807051640_016,4,15,Seamark,789,793,249,264
201807051640_017,4,16,Seamark,781,785,251,267
201807051640_018,4,18,Seamark,851,855,253,271
201807051640_019,6,23,Seamark,891,897,251,274
201807051640_020,16,34,Seamark,1209,1225,251,285
201807051640_008,6,13,Seamark,440,446,254,267
201807051640_009,7,14,Seamark,389,396,254,268
201807051640_010,8,15,Seamark,437,445,254,269
201807051640_011,7,19,Seamark,341,348,259,278
201807051640_012,8,21,Seamark,378,386,258,279
201807051640_013,6,18,Seamark,245,251,270,288
201807051640_014,15,35,Seamark,206,221,263,298
201807051640_015,12,33,Seamark,95,107,271,304
201807051640_008,6,9,Seamark,449,455,254,263
201807051640_009,6,9,Seamark,405,411,255,264
201807051640_010,7,10,Seamark,465,472,254,264
201807051640_011,8,14,Seamark,379,387,257,271
201807051640_012,9,15,Seamark,438,447,254,269
201807051640_013,10,16,Seamark,339,349,255,271
201807051640_014,10,22,Seamark,356,366,255,277
201807051640_015,11,24,Seamark,328,339,254,278
201807051640_016,5,13,Seamark,368,373,260,273
201807051640_017,10,24,Seamark,298,308,256,280
201807051640_011,8,10,Motorboat,576,584,251,261
201807051640_012,9,11,Motorboat,626,635,250,261
201807051640_013,10,12,Motorboat,504,514,251,263
201807051640_014,9,11,Motorboat,511,520,255,266
201807051640_015,10,12,Motorboat,467,477,256,268
201807051640_016,11,13,Motorboat,470,481,255,268
201807051640_017,34,28,Motorboat,325,359,254,282
201807051640_018,48,31,Motorboat,187,235,266,297
201807051640_019,8,22,Sailboat,719,727,239,261
201807051640_020,17,53,Sailboat,970,987,210,263
201807051640_019,6,18,Seamark,266,272,268,286
201807051640_020,16,31,Seamark,454,470,252,283
201807051640_021,11,30,Seamark,556,567,248,278
201807051640_022,14,42,Seamark,626,640,258,300
201807051640_023,41,93,Seamark,286,327,247,340
201807051640_028,33,12,Motorboat,234,267,276,288
201807051640_029,45,22,Motorboat,346,391,266,288
201807051640_030,47,18,Motorboat,738,785,260,278
201807051640_031,40,23,Motorboat,1000,1040,261,284
201807051640_032,46,287,Sailboat,-1,45,56,343
201807051640_033,129,344,Sailboat,17,146,1,345
201807051640_032,75,333,Sailboat,42,117,1,334
201807051640_033,76,345,Sailboat,160,236,1,346
201807051640_031,66,290,Sailboat,18,84,36,326
201807051640_032,75,338,Sailboat,128,203,1,339
201807051640_033,100,350,Sailboat,244,344,1,351
201807051640_030,60,18,Miscboat,191,251,274,292
201807051640_031,58,21,Miscboat,366,424,272,293
201807051640_032,66,23,Miscboat,580,646,269,292
201807051640_033,85,30,Miscboat,840,925,267,297
201807051640_030,40,92,Sailboat,144,184,200,292
201807051640_031,39,117,Sailboat,309,348,178,295
201807051640_032,60,138,Sailboat,499,559,161,299
201807051640_033,62,148,Sailboat,764,826,147,295
201807051640_030,88,129,Sailboat,35,123,174,303
201807051640_031,120,164,Sailboat,125,245,142,306
201807051640_032,145,213,Sailboat,257,402,109,322
201807051640_033,198,272,Sailboat,418,616,62,334
201807051640_034,33,51,Sailboat,405,438,225,276
201807051640_035,39,57,Sailboat,1146,1185,215,272
201807051640_038,34,20,Motorboat,1082,1116,249,269
201807051640_039,50,21,Motorboat,876,926,253,274
201807051640_040,76,48,Motorboat,0,76,278,326
201807051640_039,94,112,Sailboat,666,760,162,274
201807051640_040,226,176,Sailboat,4,230,130,306
201807051640_037,5,15,Seamark,740,745,253,268
201807051640_038,10,19,Seamark,797,807,250,269
201807051640_037,52,73,Sailboat,907,959,194,267
201807051640_038,74,96,Sailboat,860,934,176,272
201807051640_040,6,24,Seamark,569,575,252,276
201807051640_041,15,34,Seamark,238,253,262,296
201807051640_037,6,21,Seamark,1042,1048,251,272
201807051640_038,12,28,Seamark,1144,1156,245,273
201807051640_039,10,28,Seamark,1154,1164,247,275
201807051640_040,9,37,Seamark,1138,1147,248,285
201807051640_041,20,58,Seamark,1008,1028,242,300
201807051640_042,28,91,Seamark,1065,1093,236,327
201807051640_041,10,19,Seamark,753,763,247,266
201807051640_042,11,21,Seamark,550,561,243,264
201807051640_043,6,19,Seamark,319,325,266,285
201807051640_044,11,25,Seamark,302,313,264,289
201807051640_045,12,25,Seamark,62,74,272,297
201807051640_041,10,21,Seamark,1107,1117,246,267
201807051640_043,7,20,Seamark,786,793,253,273
201807051640_044,13,27,Seamark,832,845,251,278
201807051640_045,13,29,Seamark,754,767,249,278
201807051640_046,16,45,Seamark,920,936,251,296
201807051640_047,40,90,Seamark,1048,1088,234,324
201807051640_047,10,15,Seamark,667,677,247,262
201807051640_048,11,16,Seamark,620,631,249,265
201807051640_049,12,18,Seamark,525,537,251,269
201807051640_050,8,18,Seamark,382,390,256,274
201807051640_051,9,20,Seamark,256,265,261,281
201807051640_052,4,19,Seamark,91,95,272,291
201807051640_052,42,16,Miscboat,223,265,257,273
201807051640_053,46,18,Miscboat,110,156,257,275
201807051640_054,57,22,Miscboat,46,103,264,286
201807051640_055,52,14,Miscboat,37,89,268,282
201807051640_050,78,22,Cruiseship,720,798,227,249
201807051640_051,87,24,Cruiseship,625,712,231,255
201807051640_052,97,26,Cruiseship,557,654,230,256
201807051640_053,89,23,Cruiseship,499,588,230,253
201807051640_048,17,17,Cruiseship,954,971,235,252
201807051640_049,18,26,Cruiseship,875,893,228,254
201807051640_050,17,28,Cruiseship,752,769,228,256
201807051640_051,20,20,Cruiseship,663,683,237,257
201807051640_052,19,28,Cruiseship,599,618,229,257
201807051640_053,22,30,Cruiseship,530,552,232,262
201807051640_054,24,25,Cruiseship,510,534,236,261
201807051640_055,23,30,Cruiseship,531,554,228,258
201807051640_046,5,10,Seamark,990,995,250,260
201807051640_047,8,14,Seamark,1017,1025,245,259
201807051640_048,9,15,Seamark,1001,1010,246,261
201807051640_049,3,14,Seamark,951,954,249,263
201807051640_050,10,22,Seamark,845,855,244,266
201807051640_051,8,19,Seamark,779,787,247,266
201807051640_052,6,23,Seamark,750,756,247,270
201807051640_053,17,37,Seamark,722,739,249,286
201807051640_054,21,54,Seamark,755,776,249,303
201807051640_055,30,79,Seamark,855,885,248,327
201807051640_043,77,31,Cruiseship,862,939,225,256
201807051640_044,84,33,Cruiseship,889,973,227,260
201807051640_045,92,34,Cruiseship,787,879,221,255
201807051640_046,102,36,Cruiseship,867,969,218,254
201807051640_047,118,42,Cruiseship,866,984,212,254
201807051640_048,105,39,Cruiseship,828,933,214,253
201807051640_049,110,39,Cruiseship,744,854,216,255
201807051640_050,117,44,Cruiseship,606,723,213,257
201807051640_051,113,42,Cruiseship,519,632,219,261
201807051640_052,119,47,Cruiseship,449,568,213,260
201807051640_053,132,56,Cruiseship,370,502,207,263
201807051640_054,131,40,Cruiseship,344,475,224,264
201807051640_055,139,55,Cruiseship,364,503,209,264
201807051640_000,92,26,Miscboat,1115,1207,260,286
201807051640_034,46,21,Motorboat,1037,1083,263,284
201807051640_034,101,42,Motorboat,539,640,272,314
201807051640_036,50,25,Miscboat,0,50,270,295
201807051640_038,13,10,Seamark,696,709,255,265
201807051640_055,60,14,Cargoship,262,322,256,270
201807051640_000,128,168,Sailboat,897,1025,123,291
201807051640_020,8,30,Sailboat,1086,1094,228,258
201807051640_023,58,166,Sailboat,1209,1267,140,306
201807051640_023,16,56,Sailboat,1101,1117,219,275
201807051640_034,55,70,Sailboat,975,1030,210,280
201807051640_034,23,48,Sailboat,813,836,233,281
201807051640_034,50,74,Sailboat,893,943,210,284
201807051640_043,16,75,Sailboat,1113,1129,202,277
201807051640_001,43,29,Militaryship,25,68,259,288
201807051640_001,4,13,Seamark,642,646,255,268
201807051640_002,14,37,Seamark,243,257,259,296
201807051640_001,5,19,Seamark,810,815,257,276
201807051640_005,6,12,Seamark,1135,1141,244,256
201807051640_014,8,14,Seamark,681,689,255,269
201807051640_020,14,27,Seamark,1124,1138,242,269
201807051640_019,9,16,Seamark,840,849,246,262
201807051640_034,9,6,Miscellaneous,594,603,334,340
201807051640_034,22,21,Miscellaneous,415,437,357,378
201807051640_035,8,21,Seamark,1080,1088,253,274
201807051640_034,3,10,Seamark,389,392,265,275
201807051640_034,7,4,Miscellaneous,470,477,313,317
201807051640_035,13,22,Seamark,211,224,265,287
201807051640_035,8,18,Seamark,848,856,253,271
201807051640_038,11,16,Seamark,1162,1173,246,262
201807051640_044,6,14,Seamark,712,718,254,268
201807051640_053,7,16,Seamark,790,797,247,263
201807051640_035,36,49,Miscellaneous,1194,1230,359,408
201807051710_001,4,11,Seamark,902,906,251,262
201807051710_002,8,15,Seamark,870,878,245,260
201807051710_004,6,15,Seamark,862,868,250,265
201807051710_005,9,20,Seamark,942,951,247,267
201807051710_007,12,31,Seamark,812,824,248,279
201807051710_008,27,55,Seamark,829,856,244,299
201807051710_009,25,75,Seamark,885,910,243,318
201807051710_010,52,178,Seamark,1127,1179,238,416
201807051710_005,7,18,Seamark,1106,1113,251,269
201807051710_006,8,20,Seamark,1030,1038,249,269
201807051710_007,4,21,Seamark,1133,1137,262,283
201807051710_000,9,20,Seamark,852,861,247,267
201807051710_001,10,29,Seamark,784,794,248,277
201807051710_002,21,56,Seamark,789,810,234,290
201807051710_003,20,52,Seamark,837,857,250,302
201807051710_004,32,105,Seamark,921,953,241,346
201807051710_000,146,56,Cruiseship,292,438,213,269
201807051710_001,154,69,Cruiseship,135,289,209,278
201807051710_002,164,69,Cruiseship,27,191,215,284
201807051710_003,153,70,Cruiseship,3,156,212,282
201807051710_004,83,78,Cruiseship,1,84,207,285
201807051710_005,78,88,Cruiseship,1,79,201,289
201807051710_002,160,30,Cruiseship,179,339,231,261
201807051710_003,164,38,Cruiseship,149,313,232,270
201807051710_004,113,30,Cruiseship,136,249,236,266
201807051710_005,128,36,Cruiseship,138,266,234,270
201807051710_000,26,40,Cruiseship,469,495,226,266
201807051710_001,43,46,Cruiseship,309,352,226,272
201807051710_002,39,54,Cruiseship,211,250,220,274
201807051710_003,32,57,Cruiseship,179,211,220,277
201807051710_004,40,72,Cruiseship,98,138,213,285
201807051710_005,38,65,Cruiseship,83,121,218,283
201807051710_002,31,17,Passengership,1037,1068,240,257
201807051710_003,34,19,Passengership,1021,1055,242,261
201807051710_004,38,17,Passengership,959,997,244,261
201807051710_005,56,22,Passengership,947,1003,240,262
201807051710_006,64,28,Passengership,683,747,238,266
201807051710_007,134,64,Passengership,304,438,225,289
201807051710_004,4,14,Seamark,831,835,256,270
201807051710_005,7,19,Seamark,917,924,255,274
201807051710_000,55,25,Militaryship,1173,1228,229,254
201807051710_001,82,41,Militaryship,1081,1163,218,259
201807051710_002,92,55,Militaryship,1071,1163,203,258
201807051710_003,91,60,Militaryship,1093,1184,201,261
201807051710_004,100,62,Militaryship,1085,1185,204,266
201807051710_005,96,72,Militaryship,1185,1281,196,268
201807051710_006,146,82,Militaryship,1094,1240,185,267
201807051710_007,140,99,Militaryship,1142,1282,174,273
201807051710_008,125,103,Militaryship,1156,1281,181,284
201807051710_009,83,39,Militaryship,1199,1282,231,270
201807051710_005,7,14,Seamark,1076,1083,252,266
201807051710_006,8,15,Seamark,960,968,249,264
201807051710_007,3,13,Seamark,974,977,256,269
201807051710_008,9,18,Seamark,1005,1014,256,274
201807051710_010,4,25,Seamark,1117,1121,264,289
201807051710_011,11,42,Seamark,1023,1034,261,303
201807051710_011,23,11,Boat,600,623,263,274
201807051710_012,31,16,Boat,86,117,295,311
201807051710_008,20,16,Passengership,919,939,243,259
201807051710_009,21,17,Passengership,920,941,241,258
201807051710_010,15,19,Passengership,906,921,243,262
201807051710_011,19,26,Passengership,654,673,239,265
201807051710_012,30,27,Passengership,349,379,250,277
201807051710_013,50,49,Passengership,197,247,242,291
201807051710_011,9,16,Seamark,962,971,247,263
201807051710_012,7,23,Seamark,767,774,251,274
201807051710_013,6,21,Seamark,750,756,254,275
201807051710_014,10,36,Seamark,837,847,252,288
201807051710_015,16,69,Seamark,899,915,231,300
201807051710_016,15,63,Seamark,1122,1137,259,322
201807051710_011,197,146,Militaryship,1084,1281,139,285
201807051710_012,284,137,Militaryship,997,1281,162,299
201807051710_013,168,38,Militaryship,947,1115,234,272
201807051710_014,149,87,Militaryship,1132,1281,192,279
201807051710_011,47,16,Motorboat,1031,1078,242,258
201807051710_012,52,18,Motorboat,838,890,248,266
201807051710_013,64,15,Motorboat,816,880,250,265
201807051710_014,80,22,Motorboat,891,971,247,269
201807051710_015,82,21,Motorboat,928,1010,248,269
201807051710_016,95,27,Motorboat,1057,1152,248,275
201807051710_014,13,10,Boat,235,248,268,278
201807051710_015,12,11,Boat,209,221,273,284
201807051710_016,18,13,Boat,189,207,278,291
201807051710_017,14,9,Boat,192,206,270,279
201807051710_018,15,14,Boat,108,123,288,302
201807051710_014,7,15,Seamark,774,781,255,270
201807051710_015,8,16,Seamark,789,797,263,279
201807051710_016,5,17,Seamark,892,897,256,273
201807051710_017,19,44,Seamark,1227,1246,249,293
201807051710_017,21,8,Motorboat,952,973,249,257
201807051710_018,25,14,Motorboat,999,1024,251,265
201807051710_017,33,9,Passengership,912,945,247,256
201807051710_018,17,16,Boat,970,987,250,266
201807051710_017,40,51,Sailboat,799,839,210,261
201807051710_018,44,56,Sailboat,825,869,210,266
201807051710_014,3,13,Seamark,480,483,255,268
201807051710_015,3,14,Seamark,455,458,257,271
201807051710_016,3,15,Seamark,510,513,256,271
201807051710_017,5,16,Seamark,685,690,249,265
201807051710_018,6,18,Seamark,688,694,252,270
201807051710_019,5,24,Seamark,952,957,252,276
201807051710_020,7,31,Seamark,1124,1131,251,282
201807051710_018,28,11,Motorboat,99,127,273,284
201807051710_019,40,17,Motorboat,389,429,264,281
201807051710_020,77,31,Motorboat,622,699,255,286
201807051710_020,25,23,Miscboat,270,295,252,275
201807051710_021,35,26,Miscboat,399,434,246,272
201807051710_022,35,26,Miscboat,567,602,250,276
201807051710_023,37,28,Miscboat,671,708,243,271
201807051710_024,21,20,Miscboat,777,798,253,273
201807051710_025,27,40,Miscboat,810,837,232,272
201807051710_026,62,60,Miscboat,908,970,225,285
201807051710_027,74,79,Miscboat,1070,1144,220,299
201807051710_025,25,31,Miscboat,782,807,240,271
201807051710_026,41,41,Miscboat,869,910,240,281
201807051710_027,66,60,Miscboat,997,1063,233,293
201807051710_028,120,109,Miscboat,1157,1277,203,312
201807051710_022,48,53,Cruiseship,240,288,224,277
201807051710_023,50,59,Cruiseship,313,363,212,271
201807051710_024,52,61,Cruiseship,357,409,211,272
201807051710_025,56,103,Cruiseship,340,396,174,277
201807051710_026,82,92,Cruiseship,288,370,190,282
201807051710_027,104,103,Cruiseship,287,391,181,284
201807051710_028,136,178,Cruiseship,258,394,113,291
201807051710_029,195,156,Cruiseship,219,414,145,301
201807051710_030,266,269,Cruiseship,238,504,33,302
201807051710_031,352,350,Cruiseship,-2,350,1,351
201807051710_032,244,361,Cruiseship,1,245,1,362
201807051710_023,53,61,Sailboat,313,366,175,236
201807051710_024,68,87,Sailboat,356,424,166,253
201807051710_025,66,99,Sailboat,360,426,169,268
201807051710_026,67,120,Sailboat,362,429,150,270
201807051710_027,75,129,Sailboat,393,468,139,268
201807051710_028,51,140,Sailboat,433,484,129,269
201807051710_029,98,159,Sailboat,450,548,112,271
201807051710_030,103,160,Sailboat,568,671,103,263
201807051710_031,77,185,Sailboat,457,534,84,269
201807051710_032,141,228,Sailboat,423,564,50,278
201807051710_033,153,253,Sailboat,256,409,32,285
201807051710_034,174,290,Sailboat,227,401,1,291
201807051710_035,311,308,Sailboat,32,343,1,309
201807051710_036,93,305,Sailboat,0,93,2,307
201807051710_037,68,322,Sailboat,1,69,1,323
201807051710_023,10,9,Boat,420,430,258,267
201807051710_024,11,10,Boat,468,479,260,270
201807051710_025,12,11,Boat,448,460,258,269
201807051710_026,9,8,Boat,435,444,259,267
201807051710_030,39,55,Militaryship,493,532,219,274
201807051710_031,54,76,Militaryship,333,387,213,289
201807051710_032,121,133,Militaryship,220,341,182,315
201807051710_033,97,140,Militaryship,1,98,175,315
201807051710_027,23,21,Militaryship,395,418,252,273
201807051710_028,37,40,Militaryship,395,432,235,275
201807051710_029,43,51,Militaryship,429,472,225,276
201807051710_030,45,60,Militaryship,539,584,215,275
201807051710_031,65,82,Militaryship,384,449,203,285
201807051710_032,98,106,Militaryship,338,436,191,297
201807051710_033,132,130,Militaryship,100,232,175,305
201807051710_034,82,50,Militaryship,72,154,264,314
201807051710_034,50,25,Motorboat,188,238,275,300
201807051710_035,84,57,Motorboat,1,85,275,332
201807051710_032,29,14,Passengership,539,568,254,268
201807051710_033,48,17,Passengership,373,421,258,275
201807051710_034,55,20,Passengership,386,441,259,279
201807051710_035,55,20,Passengership,326,381,263,283
201807051710_036,49,22,Passengership,88,137,277,299
201807051710_037,78,26,Passengership,60,138,280,306
201807051710_035,23,23,Motorboat,363,386,255,278
201807051710_036,22,22,Motorboat,138,160,271,293
201807051710_031,32,12,Ferry,654,686,253,265
201807051710_032,28,8,Ferry,794,822,257,265
201807051710_033,53,20,Ferry,693,746,252,272
201807051710_034,48,18,Ferry,789,837,255,273
201807051710_035,72,22,Ferry,674,746,256,278
201807051710_036,85,25,Ferry,309,394,265,290
201807051710_037,79,33,Ferry,137,216,267,300
201807051710_038,34,30,Miscboat,51,85,270,300
201807051710_039,55,49,Miscboat,50,105,266,315
201807051710_035,15,8,Ferry,464,479,253,261
201807051710_036,34,11,Ferry,274,308,256,267
201807051710_037,31,10,Ferry,399,430,254,264
201807051710_038,29,10,Ferry,421,450,254,264
201807051710_039,27,9,Ferry,605,632,252,261
201807051710_032,13,39,Sailboat,593,606,221,260
201807051710_033,14,43,Sailboat,451,465,221,264
201807051710_034,15,48,Sailboat,520,535,216,264
201807051710_035,18,46,Sailboat,489,507,216,262
201807051710_036,22,57,Sailboat,305,327,215,272
201807051710_037,24,63,Sailboat,427,451,209,272
201807051710_038,19,63,Sailboat,468,487,204,267
201807051710_039,25,63,Sailboat,673,698,201,264
201807051710_040,31,77,Sailboat,681,712,191,268
201807051710_041,21,78,Sailboat,707,728,188,266
201807051710_042,23,80,Sailboat,658,681,184,264
201807051710_043,25,89,Sailboat,645,670,179,268
201807051710_044,21,101,Sailboat,630,651,166,267
201807051710_045,32,115,Sailboat,627,659,154,269
201807051710_035,8,6,Motorboat,454,462,255,261
201807051710_036,11,6,Motorboat,262,273,262,268
201807051710_037,11,26,Sailboat,364,375,240,266
201807051710_038,19,29,Sailboat,407,426,237,266
201807051710_039,19,34,Sailboat,612,631,231,265
201807051710_040,24,33,Sailboat,588,612,234,267
201807051710_041,27,33,Sailboat,578,605,234,267
201807051710_023,17,29,Sailboat,394,411,235,264
201807051710_024,19,32,Sailboat,457,476,236,268
201807051710_025,19,31,Sailboat,463,482,234,265
201807051710_026,20,35,Sailboat,478,498,230,265
201807051710_027,22,38,Sailboat,529,551,225,263
201807051710_028,24,42,Sailboat,561,585,223,265
201807051710_029,20,37,Sailboat,625,645,225,262
201807051710_030,22,41,Sailboat,756,778,219,260
201807051710_031,17,45,Sailboat,637,654,217,262
201807051710_032,23,49,Sailboat,663,686,213,262
201807051710_033,25,45,Sailboat,524,549,220,265
201807051710_034,24,64,Sailboat,590,614,202,266
201807051710_035,32,69,Sailboat,566,598,199,268
201807051710_036,35,77,Sailboat,378,413,198,275
201807051710_037,31,79,Sailboat,494,525,190,269
201807051710_038,43,105,Sailboat,526,569,170,275
201807051710_039,55,126,Sailboat,736,791,150,276
201807051710_040,61,153,Sailboat,764,825,130,283
201807051710_041,82,191,Sailboat,807,889,101,292
201807051710_042,108,251,Sailboat,810,918,51,302
201807051710_043,164,323,Sailboat,879,1043,1,324
201807051710_045,27,13,Motorboat,290,317,274,287
201807051710_046,39,16,Motorboat,242,281,277,293
201807051710_038,23,38,Sailboat,329,352,233,271
201807051710_039,22,44,Sailboat,523,545,225,269
201807051710_040,23,47,Sailboat,521,544,221,268
201807051710_041,26,49,Sailboat,518,544,222,271
201807051710_042,29,53,Sailboat,462,491,219,272
201807051710_043,34,62,Sailboat,428,462,216,278
201807051710_044,47,73,Sailboat,352,399,208,281
201807051710_045,53,67,Sailboat,298,351,217,284
201807051710_046,66,90,Sailboat,258,324,201,291
201807051710_044,22,62,Sailboat,642,664,209,271
201807051710_045,17,72,Sailboat,660,677,200,272
201807051710_042,25,47,Sailboat,526,551,214,261
201807051710_043,32,60,Sailboat,503,535,207,267
201807051710_044,21,45,Sailboat,475,496,221,266
201807051710_038,21,34,Sailboat,357,378,233,267
201807051710_039,26,43,Sailboat,553,579,225,268
201807051710_040,25,41,Sailboat,555,580,224,265
201807051710_041,29,38,Sailboat,560,589,226,264
201807051710_042,36,47,Sailboat,504,540,221,268
201807051710_043,34,50,Sailboat,475,509,218,268
201807051710_044,29,57,Sailboat,440,469,215,272
201807051710_038,18,41,Sailboat,344,362,229,270
201807051710_039,19,44,Sailboat,537,556,224,268
201807051710_040,20,47,Sailboat,538,558,219,266
201807051710_041,32,52,Sailboat,534,566,217,269
201807051710_042,37,61,Sailboat,475,512,210,271
201807051710_043,38,63,Sailboat,448,486,209,272
201807051710_044,30,64,Sailboat,407,437,210,274
201807051710_038,18,25,Miscboat,489,507,241,266
201807051710_039,20,17,Miscboat,700,720,248,265
201807051710_040,22,26,Miscboat,713,735,240,266
201807051710_041,29,39,Miscboat,728,757,228,267
201807051710_042,21,26,Miscboat,694,715,240,266
201807051710_043,29,36,Miscboat,687,716,233,269
201807051710_044,41,47,Miscboat,668,709,230,277
201807051710_045,46,39,Miscboat,688,734,238,277
201807051710_046,58,70,Miscboat,729,787,215,285
201807051710_018,20,12,Motorboat,942,962,252,264
201807051710_035,54,48,Boat,1088,1142,357,405
201807051710_035,13,24,Sailboat,475,488,238,262
201807051710_017,17,41,Sailboat,1058,1075,218,259
201807051710_018,11,51,Sailboat,1048,1059,219,270
201807051710_035,14,35,Sailboat,483,497,225,260
201807051710_044,132,351,Sailboat,1149,1281,96,447
201807051710_044,25,58,Sailboat,459,484,211,269
201807051710_044,31,62,Sailboat,383,414,214,276
201807051710_008,45,23,Miscboat,281,326,261,284
201807051710_032,12,11,Miscboat,613,625,249,260
201807051710_044,163,122,Miscboat,1010,1173,237,359
201807051710_005,28,14,Motorboat,294,322,273,287
201807051710_010,14,8,Motorboat,931,945,259,267
201807051710_015,40,20,Boat,1240,1280,281,301
201807051710_014,18,10,Motorboat,405,423,260,270
201807051710_018,19,12,Boat,137,156,283,295
201807051710_025,56,14,Boat,1209,1265,294,308
201807051710_025,57,13,Boat,1126,1183,289,302
201807051710_002,6,15,Seamark,835,841,249,264
201807051710_007,7,44,Seamark,872,879,261,305
201807051710_011,5,10,Seamark,763,768,248,258
201807051710_017,6,11,Seamark,1147,1153,247,258
201807051710_035,10,11,Miscboat,477,487,254,265
201807060954_000,46,51,Miscboat,897,943,234,285
201807060954_002,54,36,Miscboat,1075,1129,251,287
201807060954_000,84,93,Passengership,351,435,224,317
201807060954_002,155,179,Passengership,334,489,138,317
201807060954_003,111,160,Passengership,301,412,175,335
201807060954_002,29,24,Motorboat,984,1013,256,280
201807060954_003,51,38,Motorboat,1123,1174,257,295
201807060954_000,49,43,Motorboat,777,826,236,279
201807060954_002,52,29,Motorboat,925,977,249,278
201807060954_003,89,54,Motorboat,1017,1106,237,291
201807060954_000,167,53,Miscboat,484,651,232,285
201807060954_002,137,51,Miscboat,610,747,227,278
201807060954_003,107,120,Miscboat,688,795,178,298
201807060954_002,33,30,Passengership,499,532,247,277
201807060954_003,40,57,Passengership,452,492,239,296
201807060954_004,131,167,Passengership,403,534,169,336
201807060954_002,15,28,Passengership,530,545,243,271
201807060954_003,16,31,Passengership,491,507,244,275
201807060954_004,61,73,Passengership,534,595,225,298
201807060954_005,151,115,Passengership,35,186,222,337
201807060954_005,32,34,Motorboat,818,850,253,287
201807060954_006,71,44,Motorboat,967,1038,252,296
201807060954_007,151,93,Motorboat,982,1133,233,326
201807060954_005,34,25,Miscboat,295,329,260,285
201807060954_006,78,36,Miscboat,314,392,256,292
201807060954_000,75,39,Miscboat,1062,1137,256,295
201807060954_003,340,432,Passengership,1,341,74,506
201807060954_003,44,86,Passengership,398,442,226,312
201807060954_008,64,46,Miscboat,869,933,253,299
201807060954_009,60,39,Miscboat,763,823,231,270
201807060954_009,36,25,Passengership,821,857,247,272
201807060954_009,49,32,Passengership,857,906,242,274
201807060954_009,92,57,Motorboat,389,481,277,334
201807060954_000,122,332,Sailboat,259,381,30,362
201807060954_000,236,274,Passengership,8,244,212,486
201807060954_002,317,436,Sailboat,0,317,0,436
201807060954_005,17,19,Miscboat,329,346,262,281
201807060954_009,79,30,Passengership,952,1031,245,275
201807060954_009,158,83,Passengership,1079,1237,213,296
201807061018_000,88,93,Passengership,874,962,209,302
201807061018_001,143,209,Passengership,1137,1280,133,342
201807061018_000,45,30,Miscboat,233,278,272,302
201807061018_001,79,45,Miscboat,179,258,271,316
201807061018_000,99,101,Miscboat,768,867,195,296
201807061018_001,161,163,Miscboat,931,1092,158,321
201807061018_002,295,232,Miscboat,982,1277,111,343
201807061018_002,103,62,Miscboat,878,981,238,300
201807061018_003,48,73,Miscboat,1233,1281,248,321
201807061018_000,48,31,Miscboat,292,340,264,295
201807061018_001,71,36,Miscboat,291,362,263,299
201807061018_002,100,48,Miscboat,106,206,271,319
201807061018_003,196,82,Miscboat,67,263,266,348
201807061018_000,35,36,Passengership,334,369,254,290
201807061018_001,54,50,Passengership,361,415,243,293
201807061018_002,88,60,Passengership,209,297,245,305
201807061018_003,149,53,Passengership,293,442,256,309
201807061018_003,59,39,Passengership,1175,1234,257,296
201807061018_004,76,93,Passengership,1205,1281,235,328
201807061018_000,42,37,Passengership,371,413,250,287
201807061018_001,53,45,Passengership,415,468,241,286
201807061018_002,69,53,Passengership,301,370,241,294
201807061018_003,96,69,Passengership,453,549,235,304
201807061018_004,162,108,Passengership,83,245,229,337
201807061018_003,68,93,Sailboat,1096,1164,189,282
201807061018_004,101,150,Sailboat,1029,1130,154,304
201807061018_000,73,31,Ferry,623,696,245,276
201807061018_001,83,35,Ferry,767,850,241,276
201807061018_002,75,32,Ferry,741,816,246,278
201807061018_003,93,30,Ferry,1013,1106,251,281
201807061018_004,161,47,Ferry,864,1025,244,291
201807061018_005,109,199,Sailboat,997,1106,103,302
201807061018_006,93,186,Sailboat,1007,1100,107,293
201807061018_007,123,325,Sailboat,1051,1174,1,326
201807061018_008,119,345,Sailboat,1039,1158,1,346
201807061018_000,43,35,Passengership,407,450,244,279
201807061018_001,51,42,Passengership,474,525,237,279
201807061018_002,68,48,Passengership,386,454,236,284
201807061018_003,85,54,Passengership,577,662,232,286
201807061018_004,101,71,Passengership,313,414,231,302
201807061018_005,237,119,Passengership,181,418,207,326
201807061018_002,20,80,Sailboat,498,518,193,273
201807061018_005,32,133,Sailboat,561,593,155,288
201807061018_006,48,208,Sailboat,435,483,98,306
201807061018_007,128,394,Sailboat,21,149,0,394
201807061018_002,23,88,Sailboat,475,498,186,274
201807061018_003,26,113,Sailboat,693,719,162,275
201807061018_004,30,129,Sailboat,455,485,158,287
201807061018_005,42,193,Sailboat,519,561,96,289
201807061018_006,57,298,Sailboat,370,427,11,309
201807061018_005,27,149,Sailboat,601,628,127,276
201807061018_006,37,196,Sailboat,510,547,91,287
201807061018_007,55,283,Sailboat,310,365,25,308
201807061018_008,49,224,Sailboat,102,151,101,325
201807061018_008,54,61,Miscboat,213,267,238,299
201807061018_009,70,57,Miscboat,119,189,255,312
201807061018_008,18,72,Sailboat,391,409,202,274
201807061018_009,28,90,Sailboat,385,413,190,280
201807061018_010,29,93,Sailboat,431,460,184,277
201807061018_011,41,122,Sailboat,285,326,165,287
201807061018_012,76,155,Sailboat,231,307,140,295
201807061018_013,92,196,Sailboat,193,285,112,308
201807061018_008,16,22,Miscboat,375,391,254,276
201807061018_009,18,24,Miscboat,375,393,252,276
201807061018_010,22,23,Miscboat,409,431,255,278
201807061018_011,36,43,Miscboat,249,285,248,291
201807061018_012,53,30,Miscboat,196,249,266,296
201807061018_013,70,46,Miscboat,117,187,266,312
201807061018_015,68,21,Ferry,807,875,259,280
201807061018_016,91,28,Ferry,796,887,261,289
201807061018_017,129,40,Ferry,792,921,263,303
201807061018_018,243,97,Ferry,947,1190,259,356
201807061018_014,58,176,Sailboat,810,868,79,255
201807061018_015,95,217,Sailboat,836,931,33,250
201807061018_016,95,259,Sailboat,818,913,1,260
201807061018_017,117,270,Sailboat,815,932,1,271
201807061018_018,290,242,Sailboat,854,1144,9,251
201807061018_019,356,426,Sailboat,922,1278,1,427
201807061018_018,57,68,Militaryship,793,850,211,279
201807061018_019,107,99,Militaryship,774,881,189,288
201807061018_020,216,170,Militaryship,799,1015,139,309
201807061018_021,303,252,Militaryship,978,1281,104,356
201807061018_014,9,47,Sailboat,779,788,216,263
201807061018_015,10,52,Sailboat,782,792,213,265
201807061018_016,12,44,Sailboat,739,751,220,264
201807061018_017,13,48,Sailboat,697,710,217,265
201807061018_018,14,54,Sailboat,668,682,213,267
201807061018_019,10,47,Sailboat,638,648,221,268
201807061018_020,10,52,Sailboat,626,636,215,267
201807061018_021,17,76,Sailboat,679,696,200,276
201807061018_022,14,58,Sailboat,699,713,209,267
201807061018_023,15,58,Sailboat,663,678,210,268
201807061018_018,76,100,Cruiseship,751,827,171,271
201807061018_019,108,142,Cruiseship,720,828,148,290
201807061018_020,96,200,Cruiseship,710,806,82,282
201807061018_021,204,178,Cruiseship,777,981,118,296
201807061018_022,452,339,Cruiseship,829,1281,1,340
201807061018_023,373,406,Cruiseship,910,1283,1,407
201807061018_025,24,43,Sailboat,299,323,232,275
201807061018_026,29,51,Sailboat,180,209,227,278
201807061018_025,25,43,Sailboat,333,358,231,274
201807061018_026,22,50,Sailboat,219,241,228,278
201807061018_025,62,13,Miscboat,540,602,255,268
201807061018_026,72,15,Miscboat,457,529,256,271
201807061018_027,80,16,Miscboat,395,475,258,274
201807061018_028,100,23,Miscboat,328,428,257,280
201807061018_025,26,15,Motorboat,744,770,248,263
201807061018_026,30,17,Motorboat,696,726,248,265
201807061018_027,32,18,Motorboat,676,708,248,266
201807061018_028,43,22,Motorboat,664,707,247,269
201807061018_029,48,24,Motorboat,329,377,257,281
201807061018_030,56,32,Motorboat,184,240,262,294
201807061018_031,62,34,Motorboat,91,153,267,301
201807061018_030,54,31,Militaryship,665,719,240,271
201807061018_031,66,36,Militaryship,657,723,236,272
201807061018_032,90,49,Militaryship,568,658,230,279
201807061018_033,111,57,Militaryship,19,130,248,305
201807061018_029,44,51,Militaryship,887,931,214,265
201807061018_030,92,41,Militaryship,855,947,224,265
201807061018_031,64,60,Militaryship,831,895,208,268
201807061018_032,73,67,Militaryship,771,844,202,269
201807061018_033,120,52,Militaryship,298,418,228,280
201807061018_034,155,69,Militaryship,51,206,222,291
201807061018_031,14,78,Sailboat,1112,1126,192,270
201807061018_032,13,63,Sailboat,1113,1126,205,268
201807061018_033,17,61,Sailboat,688,705,213,274
201807061018_034,15,51,Sailboat,499,514,224,275
201807061018_035,16,73,Sailboat,465,481,204,277
201807061018_036,25,67,Sailboat,331,356,214,281
201807061018_037,19,80,Sailboat,189,208,207,287
201807061018_038,17,80,Sailboat,107,124,213,293
201807061018_039,58,95,Sailboat,23,81,201,296
201807061018_040,60,103,Sailboat,40,100,196,299
201807061018_041,70,118,Sailboat,36,106,185,303
201807061018_042,87,138,Sailboat,45,132,167,305
201807061018_043,68,178,Sailboat,1,69,141,319
201807061018_034,5,15,Seamark,413,418,258,273
201807061018_035,8,19,Seamark,401,409,259,278
201807061018_036,12,30,Seamark,294,306,263,293
201807061018_037,9,27,Seamark,180,189,267,294
201807061018_038,13,34,Seamark,91,104,272,306
201807061018_040,4,8,Seamark,336,340,266,274
201807061018_041,5,11,Seamark,333,338,263,274
201807061018_042,6,12,Seamark,353,359,262,274
201807061018_043,6,12,Seamark,299,305,267,279
201807061018_044,6,13,Seamark,230,236,272,285
201807061018_045,10,26,Seamark,137,147,271,297
201807061018_046,43,43,Sailboat,841,884,229,272
201807061018_047,40,40,Sailboat,693,733,233,273
201807061018_048,53,78,Sailboat,704,757,204,282
201807061018_049,75,118,Sailboat,737,812,167,285
201807061018_050,121,192,Sailboat,441,562,118,310
201807061018_047,93,126,Miscboat,817,910,174,300
201807061018_048,196,304,Miscboat,1084,1280,72,376
201807061018_046,37,64,Sailboat,543,580,209,273
201807061018_047,44,79,Sailboat,313,357,204,283
201807061018_049,47,30,Miscboat,1098,1145,257,287
201807061018_050,174,73,Miscboat,1,175,316,389
201807061018_049,9,36,Seamark,947,956,266,302
201807061018_050,10,89,Seamark,1044,1054,288,377
201807061018_046,13,15,Motorboat,783,796,253,268
201807061018_047,16,15,Motorboat,614,630,258,273
201807061018_048,22,24,Boat,609,631,257,281
201807061018_049,27,25,Motorboat,612,639,258,283
201807061018_050,54,60,Motorboat,249,303,248,308
201807061018_054,17,13,Seamark,28,45,276,289
201807061018_055,7,18,Seamark,22,29,277,295
201807061018_054,13,19,Seamark,197,210,275,294
201807061018_055,12,39,Seamark,120,132,270,309
201807061018_055,5,14,Seamark,1126,1131,249,263
201807061018_056,6,16,Seamark,965,971,248,264
201807061018_057,16,33,Seamark,615,631,249,282
201807061018_058,15,48,Seamark,771,786,250,298
201807061018_059,36,120,Seamark,885,921,240,360
201807061018_058,5,12,Seamark,577,582,253,265
201807061018_059,4,12,Seamark,502,506,257,269
201807061018_061,7,15,Seamark,427,434,258,273
201807061018_062,6,16,Seamark,420,426,258,274
201807061018_063,9,19,Seamark,365,374,263,282
201807061018_064,8,23,Seamark,344,352,260,283
201807061018_065,9,27,Seamark,317,326,260,287
201807061018_066,14,39,Seamark,245,259,266,305
201807061018_061,4,8,Seamark,482,486,257,265
201807061018_062,6,13,Seamark,485,491,254,267
201807061018_063,6,13,Seamark,452,458,257,270
201807061018_064,5,12,Seamark,456,461,257,269
201807061018_065,4,11,Seamark,467,471,257,268
201807061018_066,8,19,Seamark,505,513,253,272
201807061018_067,7,17,Seamark,546,553,255,272
201807061018_068,6,21,Seamark,625,631,254,275
201807061018_069,10,26,Seamark,708,718,250,276
201807061018_070,13,39,Seamark,819,832,249,288
201807061018_071,26,83,Seamark,974,1000,244,327
201807061018_059,4,13,Seamark,802,806,250,263
201807061018_060,9,20,Seamark,795,804,248,268
201807061018_061,5,16,Seamark,819,824,250,266
201807061018_062,6,15,Seamark,857,863,252,267
201807061018_063,13,21,Seamark,862,875,254,275
201807061018_064,8,25,Seamark,911,919,246,271
201807061018_065,9,26,Seamark,982,991,249,275
201807061018_066,21,44,Seamark,1199,1220,248,292
201807061018_059,3,8,Seamark,732,735,252,260
201807061018_060,2,8,Seamark,707,709,253,261
201807061018_061,4,9,Seamark,718,722,253,262
201807061018_062,4,9,Seamark,739,743,252,261
201807061018_063,4,10,Seamark,723,727,252,262
201807061018_064,5,12,Seamark,747,752,251,263
201807061018_065,4,12,Seamark,781,785,251,263
201807061018_066,7,17,Seamark,873,880,251,268
201807061018_067,7,19,Seamark,1005,1012,249,268
201807061018_068,7,27,Seamark,1218,1225,250,277
201807061018_061,3,6,Seamark,735,738,253,259
201807061018_062,3,7,Seamark,755,758,252,259
201807061018_063,3,8,Seamark,739,742,253,261
201807061018_064,4,8,Seamark,761,765,251,259
201807061018_065,4,9,Seamark,791,795,251,260
201807061018_066,4,10,Seamark,872,876,249,259
201807061018_067,5,12,Seamark,982,987,249,261
201807061018_068,5,13,Seamark,1140,1145,252,265
201807061018_058,5,22,Sailboat,753,758,236,258
201807061018_059,6,23,Sailboat,702,708,235,258
201807061018_060,6,24,Sailboat,680,686,234,258
201807061018_061,7,25,Sailboat,699,706,235,260
201807061018_062,6,24,Sailboat,726,732,235,259
201807061018_063,7,26,Sailboat,715,722,234,260
201807061018_064,6,23,Sailboat,739,745,235,258
201807061018_065,6,24,Sailboat,773,779,234,258
201807061018_066,6,25,Sailboat,859,865,231,256
201807061018_067,7,21,Sailboat,953,960,236,257
201807061018_067,22,42,Sailboat,79,101,247,289
201807061018_069,21,17,Motorboat,66,87,277,294
201807061018_070,28,12,Motorboat,35,63,277,289
201807061018_000,62,53,Miscboat,79,141,270,323
201807061018_009,77,79,Miscboat,1203,1280,292,371
201807061018_030,49,29,Miscboat,104,153,266,295
201807061018_030,51,22,Miscboat,336,387,261,283
201807061018_030,30,33,Militaryship,759,789,232,265
201807061018_050,73,25,Boat,284,357,340,365
201807061018_006,73,265,Sailboat,1203,1276,68,333
201807061018_009,171,356,Sailboat,1062,1233,0,356
201807061018_008,85,220,Sailboat,856,941,94,314
201807061018_007,30,135,Sailboat,367,397,157,292
201807061018_007,72,231,Sailboat,231,303,92,323
201807061018_010,128,301,Sailboat,961,1089,33,334
201807061018_049,100,113,Sailboat,87,187,199,312
201807061018_052,119,430,Sailboat,22,141,1,431
201807061018_053,30,160,Sailboat,1093,1123,131,291
201807061018_053,38,188,Sailboat,1000,1038,104,292
201807061018_072,43,77,Sailboat,6,49,215,292
201807061018_072,21,98,Sailboat,64,85,191,289
201807061018_072,34,98,Sailboat,89,123,188,286
201807061018_000,157,134,Passengership,983,1140,190,324
201807061018_004,70,73,Passengership,1135,1205,245,318
201807061018_005,145,187,Sailboat,1064,1209,121,308
201807061018_010,132,38,Boat,1107,1239,316,354
201807061018_018,104,73,Boat,1169,1273,301,374
201807061018_025,24,13,Motorboat,247,271,265,278
201807061018_049,19,10,Boat,1158,1177,275,285
201807061018_052,245,85,Motorboat,255,500,250,335
201807061018_069,24,49,Sailboat,42,66,249,298
201807061018_032,66,47,Militaryship,844,910,220,267
201807061018_036,11,29,Seamark,102,113,281,310
201807061018_049,5,23,Seamark,819,824,264,287
201807061018_050,6,36,Seamark,593,599,278,314
201807061018_053,8,17,Seamark,105,113,281,298
201807061018_058,2,7,Seamark,801,803,252,259
201807061018_057,9,15,Seamark,654,663,250,265
201807061018_058,5,10,Seamark,836,841,253,263
201807061018_058,5,9,Seamark,600,605,255,264
201807061018_070,5,7,Miscellaneous,12,17,294,301
201807061048_000,29,13,Motorboat,144,173,275,288
201807061048_001,13,14,Motorboat,236,249,277,291
201807061048_002,34,14,Boat,466,500,272,286
201807061048_003,73,27,Motorboat,954,1027,262,289
201807061048_003,123,199,Sailboat,1,124,133,332
201807061048_004,77,376,Sailboat,157,234,1,377
201807061048_003,64,20,Miscboat,237,301,286,306
201807061048_004,91,25,Miscboat,1087,1178,272,297
201807061048_003,29,128,Sailboat,188,217,176,304
201807061048_004,53,189,Sailboat,1022,1075,112,301
201807061048_005,50,213,Sailboat,13,63,128,341
201807061048_006,76,165,Sailboat,874,950,136,301
201807061048_005,116,249,Sailboat,75,191,89,338
201807061048_006,81,192,Sailboat,959,1040,112,304
201807061048_006,47,78,Sailboat,168,215,221,299
201807061048_007,48,81,Sailboat,1212,1260,196,277
201807061048_006,29,53,Sailboat,50,79,251,304
201807061048_007,31,54,Sailboat,1078,1109,218,272
201807061048_007,5,10,Seamark,527,532,260,270
201807061048_008,7,15,Seamark,764,771,249,264
201807061048_009,9,17,Seamark,972,981,247,264
201807061048_010,6,14,Seamark,1090,1096,248,262
201807061048_011,3,13,Seamark,916,919,250,263
201807061048_012,9,17,Seamark,457,466,259,276
201807061048_013,9,23,Seamark,196,205,266,289
201807061048_014,8,27,Seamark,72,80,275,302
201807061048_007,9,23,Seamark,499,508,258,281
201807061048_008,7,23,Seamark,728,735,249,272
201807061048_009,10,35,Seamark,951,961,244,279
201807061048_010,13,38,Seamark,1166,1179,247,285
201807061048_007,6,16,Seamark,208,214,272,288
201807061048_008,6,17,Seamark,406,412,263,280
201807061048_009,13,26,Seamark,578,591,254,280
201807061048_010,9,24,Seamark,634,643,253,277
201807061048_011,10,32,Seamark,341,351,263,295
201807061048_012,8,23,Seamark,937,945,246,269
201807061048_013,12,24,Seamark,741,753,249,273
201807061048_014,9,29,Seamark,757,766,249,278
201807061048_015,18,47,Seamark,772,790,246,293
201807061048_016,22,57,Seamark,840,862,246,303
201807061048_016,6,10,Seamark,538,544,259,269
201807061048_017,6,10,Seamark,531,537,260,270
201807061048_018,7,11,Seamark,383,390,267,278
201807061048_019,8,16,Seamark,213,221,270,286
201807061048_020,9,18,Seamark,112,121,275,293
201807061048_021,13,26,Seamark,36,49,276,302
201807061048_013,5,8,Seamark,833,838,250,258
201807061048_014,6,9,Seamark,841,847,248,257
201807061048_015,7,10,Seamark,848,855,248,258
201807061048_016,7,14,Seamark,874,881,249,263
201807061048_017,8,15,Seamark,923,931,249,264
201807061048_018,9,16,Seamark,855,864,250,266
201807061048_019,9,23,Seamark,766,775,249,272
201807061048_020,7,18,Seamark,731,738,252,270
201807061048_021,12,34,Seamark,745,757,249,283
201807061048_022,17,40,Seamark,754,771,250,290
201807061048_023,29,75,Seamark,887,916,252,327
201807061048_026,89,34,Militaryship,1063,1152,225,259
201807061048_027,105,53,Militaryship,1147,1252,211,264
201807061048_022,8,14,Seamark,826,834,249,263
201807061048_023,9,15,Seamark,882,891,250,265
201807061048_024,10,16,Seamark,906,916,247,263
201807061048_025,9,23,Seamark,568,577,254,277
201807061048_026,9,29,Seamark,709,718,251,280
201807061048_027,15,58,Seamark,771,786,243,301
201807061048_028,48,155,Seamark,976,1024,236,391
201807061048_017,17,29,Cruiseship,878,895,226,255
201807061048_018,19,32,Cruiseship,770,789,224,256
201807061048_019,21,36,Cruiseship,650,671,223,259
201807061048_020,24,31,Cruiseship,599,623,227,258
201807061048_021,25,33,Cruiseship,597,622,228,261
201807061048_022,28,36,Cruiseship,558,586,225,261
201807061048_023,22,38,Cruiseship,582,604,224,262
201807061048_024,27,47,Cruiseship,555,582,216,263
201807061048_025,29,50,Cruiseship,178,207,228,278
201807061048_026,29,51,Cruiseship,278,307,223,274
201807061048_027,36,63,Cruiseship,268,304,217,280
201807061048_028,37,65,Cruiseship,231,268,216,281
201807061048_029,36,70,Cruiseship,90,126,214,284
201807061048_029,40,20,Passengership,922,962,241,261
201807061048_030,58,25,Passengership,558,616,252,277
201807061048_031,93,63,Passengership,291,384,240,303
201807061048_031,12,41,Seamark,862,874,263,304
201807061048_032,16,59,Seamark,910,926,268,327
201807061048_033,45,152,Seamark,1127,1172,289,441
201807061048_030,125,92,Militaryship,1156,1281,182,274
201807061048_031,163,80,Militaryship,1117,1280,188,268
201807061048_032,177,92,Militaryship,1092,1269,172,264
201807061048_033,217,114,Militaryship,1058,1275,154,268
201807061048_029,4,24,Seamark,1021,1025,242,266
201807061048_030,4,28,Seamark,866,870,242,270
201807061048_031,9,34,Seamark,809,818,247,281
201807061048_032,11,37,Seamark,780,791,248,285
201807061048_033,13,60,Seamark,724,737,242,302
201807061048_034,25,78,Seamark,749,774,246,324
201807061048_031,29,16,Miscboat,829,858,249,265
201807061048_032,39,20,Miscboat,705,744,249,269
201807061048_033,46,40,Miscboat,513,559,244,284
201807061048_034,86,64,Miscboat,292,378,239,303
201807061048_036,53,18,Motorboat,1210,1263,251,269
201807061048_037,62,17,Motorboat,531,593,254,271
201807061048_006,41,19,Boat,252,293,274,293
201807061048_017,37,10,Cargoship,714,751,248,258
201807061048_032,111,76,Militaryship,1092,1203,192,268
201807061048_004,99,371,Sailboat,59,158,1,372
201807061048_004,108,371,Sailboat,235,343,1,372
201807061048_004,154,381,Sailboat,343,497,1,382
201807061048_004,284,370,Sailboat,560,844,1,371
201807061048_005,215,300,Sailboat,891,1106,45,345
201807061048_005,120,340,Sailboat,713,833,1,341
201807061048_005,80,328,Sailboat,465,545,9,337
201807061048_005,43,331,Sailboat,554,597,7,338
201807061048_006,71,229,Sailboat,1178,1249,80,309
201807061048_005,125,330,Sailboat,305,430,15,345
201807061048_005,95,337,Sailboat,617,712,1,338
201807061048_006,84,212,Sailboat,1088,1172,99,311
201807061048_005,95,284,Sailboat,206,301,56,340
201807061048_006,109,165,Sailboat,748,857,135,300
201807061048_013,23,86,Sailboat,1175,1198,192,278
201807061048_031,10,36,Sailboat,952,962,225,261
201807061048_035,34,107,Sailboat,772,806,174,281
201807061048_037,387,101,Militaryship,893,1280,209,310
201807061048_027,47,13,Miscboat,1079,1126,246,259
201807061048_035,54,33,Miscboat,44,98,280,313
201807061048_037,45,26,Militaryship,213,258,264,290
201807061048_006,26,33,Miscellaneous,550,576,330,363
201807061048_007,6,12,Seamark,763,769,253,265
201807061048_031,11,20,Seamark,1121,1132,261,281
201807061048_029,35,66,Cruiseship,126,161,218,284
201807061048_007,9,6,Miscellaneous,1199,1208,309,315
201807061118_002,45,60,Sailboat,746,791,205,265
201807061118_003,54,72,Sailboat,1106,1160,191,263
201807061118_001,10,20,Seamark,464,474,259,279
201807061118_002,11,22,Seamark,585,596,255,277
201807061118_003,12,24,Seamark,928,940,251,275
201807061118_004,14,28,Seamark,1173,1187,250,278
201807061118_005,8,8,Motorboat,323,331,276,284
201807061118_006,28,23,Motorboat,251,279,290,313
201807061118_009,37,33,Miscboat,857,894,252,285
201807061118_010,90,108,Miscboat,1082,1172,202,310
201807061118_009,44,32,Miscboat,812,856,250,282
201807061118_010,69,67,Miscboat,1008,1077,231,298
201807061118_005,48,43,Cruiseship,185,233,233,276
201807061118_006,45,56,Cruiseship,210,255,224,280
201807061118_007,51,94,Cruiseship,241,292,191,285
201807061118_008,64,72,Cruiseship,282,346,208,280
201807061118_009,91,86,Cruiseship,276,367,197,283
201807061118_010,132,170,Cruiseship,262,394,128,298
201807061118_011,233,149,Cruiseship,89,322,154,303
201807061118_012,217,238,Cruiseship,1,218,91,329
201807061118_008,12,28,Militaryship,348,360,246,274
201807061118_009,22,36,Militaryship,367,389,239,275
201807061118_010,36,54,Militaryship,403,439,224,278
201807061118_011,49,68,Militaryship,352,401,214,282
201807061118_012,172,73,Militaryship,219,391,221,294
201807061118_013,155,145,Militaryship,133,288,177,322
201807061118_014,168,185,Militaryship,4,172,148,333
201807061118_016,21,14,Boat,523,544,274,288
201807061118_017,9,8,Boat,475,484,277,285
201807061118_018,28,23,Boat,166,194,318,341
201807061118_008,52,104,Sailboat,343,395,167,271
201807061118_009,46,104,Sailboat,393,439,163,267
201807061118_010,54,134,Sailboat,441,495,138,272
201807061118_011,95,147,Sailboat,396,491,124,271
201807061118_012,97,175,Sailboat,416,513,94,269
201807061118_013,132,244,Sailboat,361,493,42,286
201807061118_014,183,285,Sailboat,287,470,6,291
201807061118_015,228,301,Sailboat,213,441,1,302
201807061118_016,376,350,Sailboat,-2,374,1,351
201807061118_020,11,9,Motorboat,482,493,266,275
201807061118_021,18,19,Motorboat,367,385,266,285
201807061118_022,30,25,Motorboat,307,337,272,297
201807061118_023,52,40,Motorboat,192,244,284,324
201807061118_010,16,29,Sailboat,579,595,234,263
201807061118_011,18,32,Sailboat,583,601,231,263
201807061118_012,20,36,Sailboat,638,658,227,263
201807061118_013,22,50,Sailboat,647,669,215,265
201807061118_014,22,51,Sailboat,653,675,213,264
201807061118_015,24,57,Sailboat,671,695,208,265
201807061118_016,37,83,Sailboat,688,725,187,270
201807061118_017,38,100,Sailboat,663,701,170,270
201807061118_018,42,107,Sailboat,674,716,169,276
201807061118_019,67,157,Sailboat,711,778,129,286
201807061118_020,82,188,Sailboat,758,840,98,286
201807061118_021,117,257,Sailboat,706,823,45,302
201807061118_022,165,324,Sailboat,756,921,1,325
201807061118_023,324,377,Sailboat,919,1243,2,379
201807061118_023,27,24,Miscboat,671,698,249,273
201807061118_024,38,49,Miscboat,715,753,231,280
201807061118_025,42,54,Miscboat,715,757,229,283
201807061118_026,61,67,Miscboat,800,861,223,290
201807061118_027,118,80,Miscboat,890,1008,240,320
201807061118_028,246,260,Miscboat,1034,1280,116,376
201807061118_029,92,325,Sailboat,889,981,3,328
201807061118_030,141,442,Sailboat,1139,1280,0,442
201807061118_026,52,22,Motorboat,219,271,280,302
201807061118_027,72,38,Motorboat,6,78,296,334
201807061118_028,84,230,Sailboat,1,85,113,343
201807061118_029,56,238,Sailboat,1,57,99,337
201807061118_029,42,144,Sailboat,246,288,159,303
201807061118_030,91,45,Motorboat,19,110,286,331
201807061118_026,15,17,Passengership,627,642,247,264
201807061118_027,18,21,Passengership,625,643,247,268
201807061118_028,35,34,Passengership,597,632,239,273
201807061118_029,50,47,Passengership,551,601,235,282
201807061118_030,113,80,Passengership,394,507,225,305
201807061118_031,68,48,Passengership,488,556,227,275
201807061118_032,69,49,Passengership,532,601,224,273
201807061118_033,80,40,Passengership,488,568,239,279
201807061118_034,92,83,Passengership,473,565,209,292
201807061118_035,167,125,Passengership,269,436,176,301
201807061118_023,27,93,Sailboat,631,658,173,266
201807061118_024,28,98,Sailboat,671,699,170,268
201807061118_025,32,112,Sailboat,659,691,160,272
201807061118_026,22,152,Sailboat,725,747,124,276
201807061118_027,13,130,Sailboat,743,756,140,270
201807061118_028,14,143,Sailboat,746,760,134,277
201807061118_029,43,183,Sailboat,748,791,99,282
201807061118_030,60,61,Passengership,748,808,231,292
201807061118_026,27,114,Sailboat,752,779,165,279
201807061118_027,37,149,Sailboat,793,830,136,285
201807061118_027,33,189,Sailboat,756,789,88,277
201807061118_028,45,251,Sailboat,778,823,41,292
201807061118_029,64,283,Sailboat,803,867,12,295
201807061118_030,53,244,Sailboat,806,859,58,302
201807061118_031,82,282,Sailboat,836,918,44,326
201807061118_032,198,103,Passengership,1026,1224,205,308
201807061118_033,226,71,Ferry,1018,1244,238,309
201807061118_034,100,132,Passengership,1180,1280,192,324
201807061118_031,74,430,Sailboat,1206,1280,1,431
201807061118_029,45,147,Sailboat,287,332,152,299
201807061118_031,111,48,Motorboat,190,301,273,321
201807061118_026,68,111,Sailboat,308,376,181,292
201807061118_027,105,151,Sailboat,168,273,157,308
201807061118_028,82,35,Motorboat,270,352,268,303
201807061118_029,94,45,Motorboat,155,249,274,319
201807061118_028,26,101,Sailboat,721,747,175,276
201807061118_029,16,121,Sailboat,722,738,158,279
201807061118_030,31,144,Sailboat,708,739,143,287
201807061118_030,118,324,Sailboat,852,970,8,332
201807061118_032,68,92,Sailboat,362,430,204,296
201807061118_033,111,142,Sailboat,206,317,178,320
201807061118_034,169,212,Sailboat,-2,167,147,359
201807061118_032,34,30,Passengership,431,465,258,288
201807061118_033,82,55,Passengership,302,384,252,307
201807061118_034,119,66,Passengership,170,289,265,331
201807061118_033,42,39,Miscboat,429,471,254,293
201807061118_034,54,51,Miscboat,379,433,251,302
201807061118_035,174,110,Miscboat,0,174,247,357
201807061118_035,84,62,Passengership,413,497,234,296
201807061118_036,175,84,Passengership,7,182,247,331
201807061118_036,77,45,Motorboat,844,921,240,285
201807061118_037,134,75,Motorboat,1041,1175,232,307
201807061118_038,84,85,Motorboat,1184,1268,246,331
201807061118_036,60,35,Passengership,324,384,253,288
201807061118_037,96,63,Passengership,281,377,243,306
201807061118_038,134,105,Passengership,119,253,217,322
201807061118_039,113,130,Passengership,0,113,216,346
201807061118_045,80,32,Passengership,938,1018,246,278
201807061118_046,124,90,Passengership,747,871,205,295
201807061118_047,189,86,Passengership,1081,1270,235,321
201807061118_047,27,22,Miscboat,389,416,258,280
201807061118_048,29,24,Miscboat,412,441,258,282
201807061118_047,36,29,Miscboat,344,380,260,289
201807061118_048,43,32,Miscboat,346,389,260,292
201807061118_046,38,54,Passengership,585,623,227,281
201807061118_047,55,48,Passengership,818,873,233,281
201807061118_048,72,58,Passengership,932,1004,231,289
201807061118_046,51,51,Miscboat,530,581,225,276
201807061118_047,60,45,Miscboat,756,816,233,278
201807061118_048,76,44,Miscboat,843,919,237,281
201807061118_045,42,10,Ferry,641,683,256,266
201807061118_046,50,19,Ferry,325,375,257,276
201807061118_047,55,21,Ferry,473,528,251,272
201807061118_048,46,21,Ferry,513,559,250,271
201807061118_045,24,22,Motorboat,513,537,256,278
201807061118_046,39,38,Motorboat,194,233,260,298
201807061118_047,63,49,Motorboat,259,322,254,303
201807061118_048,103,67,Motorboat,183,286,253,320
201807061118_000,108,24,Boat,798,906,249,273
201807061118_002,23,9,Motorboat,930,953,252,261
201807061118_002,23,9,Motorboat,869,892,252,261
201807061118_002,25,11,Motorboat,891,916,250,261
201807061118_009,52,51,Militaryship,904,956,250,301
201807061118_026,41,16,Motorboat,176,217,292,308
201807061118_035,61,36,Miscboat,1124,1185,257,293
201807061118_036,90,52,Miscboat,1035,1125,257,309
201807061118_041,38,37,Motorboat,1237,1275,258,295
201807061118_044,201,72,Miscboat,982,1183,264,336
201807061118_045,178,69,Motorboat,60,238,287,356
201807061118_047,29,18,Miscboat,411,440,260,278
201807061118_002,41,70,Sailboat,1218,1259,199,269
201807061118_028,89,212,Sailboat,86,175,114,326
201807061118_029,72,215,Sailboat,58,130,115,330
201807061118_032,95,306,Sailboat,5,100,58,364
201807061118_028,50,226,Sailboat,830,880,80,306
201807061118_029,64,131,Sailboat,337,401,161,292
201807061118_032,137,220,Sailboat,215,352,107,327
201807061118_047,20,43,Sailboat,703,723,227,270
201807061118_031,118,38,Ferry,539,657,249,287
201807061118_047,26,20,Passengership,729,755,253,273
201807061118_034,71,75,Passengership,1102,1173,223,298
201807061118_000,20,16,Boat,14,34,286,302
201807061118_017,79,58,Boat,47,126,327,385
201807061118_029,59,21,Boat,1018,1077,313,334
201807061118_031,98,56,Motorboat,88,186,281,337
201807061118_031,147,140,Motorboat,956,1103,206,346
201807061118_011,45,70,Militaryship,307,352,214,284
201807061118_037,93,65,Miscboat,1175,1268,257,322
201807061118_043,129,99,Miscboat,63,192,238,337
201807061118_043,67,51,Miscboat,202,269,266,317
201807061118_048,54,36,Miscboat,267,321,268,304
201807061118_000,12,90,Seamark,759,771,259,349
201807061118_001,8,37,Seamark,936,944,262,299
201807061118_023,40,9,Ferry,562,602,256,265
201807061118_032,156,34,Ferry,784,940,257,291
201807061118_047,17,28,Miscboat,324,341,268,296
201807061148_000,95,81,Passengership,253,348,226,307
201807061148_001,194,122,Passengership,5,199,216,338
201807061148_000,68,109,Sailboat,926,994,182,291
201807061148_001,135,173,Sailboat,1081,1216,149,322
201807061148_000,131,40,Ferry,348,479,252,292
201807061148_001,197,58,Ferry,220,417,248,306
201807061148_002,170,70,Passengership,117,287,226,296
201807061148_003,106,136,Passengership,1,107,199,335
201807061148_000,57,81,Sailboat,756,813,194,275
201807061148_001,80,110,Sailboat,801,881,178,288
201807061148_002,78,134,Sailboat,780,858,157,291
201807061148_003,217,299,Sailboat,979,1196,38,337
201807061148_000,21,86,Sailboat,731,752,191,277
201807061148_002,52,114,Sailboat,740,792,165,279
201807061148_003,65,188,Sailboat,854,919,119,307
201807061148_004,121,67,Motorboat,1160,1281,263,330
201807061148_001,31,137,Sailboat,436,467,142,279
201807061148_002,36,172,Sailboat,361,397,111,283
201807061148_003,46,237,Sailboat,328,374,57,294
201807061148_004,112,328,Sailboat,265,377,1,329
201807061148_005,150,389,Sailboat,18,168,11,400
201807061148_003,49,150,Sailboat,373,422,147,297
201807061148_004,57,270,Sailboat,380,437,51,321
201807061148_005,171,125,Motorboat,116,287,217,342
201807061148_004,33,16,Boat,433,466,304,320
201807061148_005,72,24,Boat,139,211,362,386
201807061148_000,25,72,Sailboat,701,726,197,269
201807061148_003,84,127,Sailboat,780,864,156,283
201807061148_005,87,177,Sailboat,998,1085,123,300
201807061148_006,113,293,Sailboat,1158,1271,45,338
201807061148_002,20,133,Sailboat,438,458,142,275
201807061148_003,33,29,Motorboat,449,482,258,287
201807061148_004,46,217,Sailboat,527,573,76,293
201807061148_005,94,299,Sailboat,380,474,15,314
201807061148_006,70,287,Sailboat,222,292,37,324
201807061148_002,43,77,Sailboat,662,705,193,270
201807061148_003,77,104,Sailboat,733,810,174,278
201807061148_004,62,123,Sailboat,911,973,160,283
201807061148_005,94,168,Sailboat,915,1009,130,298
201807061148_006,100,114,Sailboat,919,1019,180,294
201807061148_007,64,45,Motorboat,1075,1139,270,315
201807061148_001,22,85,Sailboat,471,493,194,279
201807061148_002,25,82,Sailboat,405,430,199,281
201807061148_004,46,172,Sailboat,479,525,121,293
201807061148_005,57,242,Sailboat,319,376,69,311
201807061148_005,34,52,Miscboat,520,554,228,280
201807061148_006,64,71,Miscboat,362,426,225,296
201807061148_007,141,129,Miscboat,106,247,208,337
201807061148_004,24,108,Sailboat,587,611,172,280
201807061148_005,36,126,Sailboat,480,516,163,289
201807061148_006,15,20,Miscboat,526,541,250,270
201807061148_007,23,28,Miscboat,490,513,246,274
201807061148_008,34,23,Miscboat,435,469,257,280
201807061148_009,52,46,Miscboat,283,335,251,297
201807061148_005,18,61,Sailboat,617,635,203,264
201807061148_006,18,73,Sailboat,541,559,196,269
201807061148_007,23,89,Sailboat,513,536,183,272
201807061148_008,44,95,Sailboat,459,503,182,277
201807061148_009,68,180,Sailboat,341,409,112,292
201807061148_010,108,308,Sailboat,1,109,24,332
201807061148_014,56,68,Cruiseship,836,892,197,265
201807061148_015,79,85,Cruiseship,795,874,174,259
201807061148_010,12,12,Motorboat,536,548,257,269
201807061148_011,14,11,Boat,525,539,258,269
201807061148_012,31,27,Motorboat,492,523,260,287
201807061148_013,71,48,Motorboat,394,465,269,317
201807061148_008,35,11,Ferry,728,763,254,265
201807061148_009,38,12,Ferry,721,759,255,267
201807061148_010,42,13,Ferry,625,667,256,269
201807061148_011,55,17,Ferry,650,705,257,274
201807061148_012,67,21,Ferry,734,801,258,279
201807061148_013,83,25,Ferry,802,885,261,286
201807061148_014,146,38,Ferry,858,1004,260,298
201807061148_000,36,71,Sailboat,654,690,196,267
201807061148_001,40,79,Sailboat,661,701,191,270
201807061148_002,46,74,Sailboat,632,678,188,262
201807061148_003,44,80,Sailboat,705,749,189,269
201807061148_004,54,99,Sailboat,837,891,177,276
201807061148_005,48,81,Sailboat,769,817,181,262
201807061148_006,55,86,Sailboat,719,774,170,256
201807061148_007,40,104,Sailboat,726,766,150,254
201807061148_008,69,111,Sailboat,731,800,141,252
201807061148_009,73,135,Sailboat,729,802,121,256
201807061148_010,100,169,Sailboat,616,716,90,259
201807061148_011,117,185,Sailboat,650,767,64,249
201807061148_012,144,249,Sailboat,736,880,23,272
201807061148_013,175,264,Sailboat,789,964,3,267
201807061148_014,192,279,Sailboat,840,1032,0,279
201807061148_015,299,285,Sailboat,832,1131,1,286
201807061148_016,463,396,Sailboat,817,1280,1,397
201807061148_017,342,407,Sailboat,938,1280,2,409
201807061148_016,109,100,Militaryship,743,852,186,286
201807061148_017,132,110,Militaryship,734,866,180,290
201807061148_018,289,152,Militaryship,845,1134,151,303
201807061148_019,206,345,Militaryship,1076,1282,32,377
201807061148_016,63,144,Cruiseship,684,747,129,273
201807061148_017,104,98,Cruiseship,668,772,175,273
201807061148_018,94,197,Cruiseship,745,839,80,277
201807061148_019,256,307,Cruiseship,805,1061,1,308
201807061148_020,445,273,Cruiseship,814,1259,62,335
201807061148_021,344,380,Cruiseship,932,1276,1,381
201807061148_020,36,20,Miscboat,321,357,253,273
201807061148_021,70,40,Miscboat,262,332,240,280
201807061148_022,103,77,Miscboat,5,108,220,297
201807061148_020,25,18,Miscboat,362,387,254,272
201807061148_021,28,20,Miscboat,329,357,252,272
201807061148_022,82,59,Miscboat,114,196,235,294
201807061148_020,24,14,Miscboat,400,424,256,270
201807061148_021,26,15,Miscboat,383,409,254,269
201807061148_022,63,30,Miscboat,206,269,255,285
201807061148_023,96,37,Miscboat,51,147,254,291
201807061148_023,28,13,Motorboat,294,322,247,260
201807061148_024,28,16,Motorboat,253,281,246,262
201807061148_025,28,16,Motorboat,196,224,248,264
201807061148_026,34,15,Motorboat,53,87,253,268
201807061148_023,18,38,Sailboat,324,342,221,259
201807061148_024,20,42,Sailboat,287,307,219,261
201807061148_025,27,48,Sailboat,252,279,215,263
201807061148_026,30,53,Sailboat,117,147,213,266
201807061148_022,21,35,Sailboat,409,430,223,258
201807061148_023,18,36,Sailboat,368,386,221,257
201807061148_024,20,40,Sailboat,333,353,219,259
201807061148_025,24,44,Sailboat,289,313,218,262
201807061148_026,20,50,Sailboat,157,177,216,266
201807061148_023,27,35,Sailboat,392,419,223,258
201807061148_024,31,39,Sailboat,358,389,221,260
201807061148_025,37,47,Sailboat,313,350,217,264
201807061148_026,23,54,Sailboat,196,219,213,267
201807061148_022,52,9,Miscboat,580,632,249,258
201807061148_023,57,10,Miscboat,549,606,248,258
201807061148_024,63,11,Miscboat,525,588,247,258
201807061148_025,66,13,Miscboat,506,572,248,261
201807061148_026,74,14,Miscboat,399,473,247,261
201807061148_027,111,20,Miscboat,305,416,244,264
201807061148_028,116,23,Miscboat,167,283,245,268
201807061148_024,24,10,Motorboat,716,740,250,260
201807061148_025,29,17,Motorboat,717,746,244,261
201807061148_026,30,15,Motorboat,635,665,248,263
201807061148_027,40,18,Motorboat,583,623,243,261
201807061148_028,40,21,Motorboat,499,539,243,264
201807061148_029,46,23,Motorboat,378,424,243,266
201807061148_030,47,28,Motorboat,338,385,241,269
201807061148_031,57,28,Motorboat,144,201,248,276
201807061148_026,21,8,Miscboat,711,732,254,262
201807061148_027,23,9,Miscboat,669,692,251,260
201807061148_028,25,10,Miscboat,594,619,251,261
201807061148_029,45,14,Miscboat,489,534,251,265
201807061148_029,66,26,Militaryship,775,841,240,266
201807061148_030,80,32,Militaryship,782,862,237,269
201807061148_031,51,27,Militaryship,658,709,240,267
201807061148_032,76,25,Militaryship,414,490,241,266
201807061148_033,98,32,Militaryship,278,376,237,269
201807061148_034,75,49,Militaryship,138,213,229,278
201807061148_031,49,49,Militaryship,827,876,211,260
201807061148_032,47,59,Militaryship,612,659,199,258
201807061148_033,64,63,Militaryship,503,567,193,256
201807061148_034,68,79,Militaryship,401,469,181,260
201807061148_035,62,96,Militaryship,42,104,174,270
201807061148_033,22,27,Passengership,893,915,243,270
201807061148_034,29,30,Passengership,811,840,240,270
201807061148_035,66,53,Passengership,411,477,225,278
201807061148_036,121,83,Passengership,51,172,222,305
201807061148_035,23,22,Motorboat,467,490,248,270
201807061148_036,45,38,Motorboat,237,282,249,287
201807061148_034,13,46,Sailboat,770,783,217,263
201807061148_035,17,58,Sailboat,510,527,203,261
201807061148_036,25,83,Sailboat,405,430,188,271
201807061148_037,31,121,Sailboat,355,386,156,277
201807061148_036,16,28,Seamark,340,356,244,272
201807061148_037,8,20,Seamark,310,318,249,269
201807061148_038,7,23,Seamark,192,199,252,275
201807061148_040,5,8,Seamark,320,325,253,261
201807061148_041,6,9,Seamark,344,350,253,262
201807061148_042,7,10,Seamark,301,308,252,262
201807061148_043,5,9,Seamark,279,284,254,263
201807061148_044,6,10,Seamark,232,238,255,265
201807061148_045,5,19,Seamark,196,201,249,268
201807061148_046,6,13,Seamark,160,166,256,269
201807061148_047,13,22,Seamark,196,209,249,271
201807061148_048,15,19,Seamark,119,134,259,278
201807061148_047,40,23,Miscboat,420,460,236,259
201807061148_048,46,30,Miscboat,384,430,234,264
201807061148_049,60,32,Miscboat,298,358,234,266
201807061148_050,68,36,Miscboat,228,296,238,274
201807061148_047,30,14,Miscboat,471,501,247,261
201807061148_048,40,17,Miscboat,437,477,248,265
201807061148_049,37,18,Miscboat,364,401,249,267
201807061148_050,51,23,Miscboat,294,345,248,271
201807061148_047,53,29,Passengership,520,573,233,262
201807061148_048,66,36,Passengership,492,558,228,264
201807061148_049,79,36,Passengership,418,497,231,267
201807061148_050,79,31,Passengership,377,456,236,267
201807061148_049,38,55,Sailboat,637,675,212,267
201807061148_050,47,67,Sailboat,617,664,206,273
201807061148_051,66,78,Sailboat,486,552,194,272
201807061148_052,62,104,Sailboat,253,315,174,278
201807061148_053,7,43,Seamark,968,975,275,318
201807061148_054,25,138,Seamark,1160,1185,295,433
201807061148_049,15,20,Motorboat,888,903,249,269
201807061148_050,17,16,Motorboat,905,922,255,271
201807061148_051,19,18,Motorboat,832,851,254,272
201807061148_052,24,24,Motorboat,670,694,250,274
201807061148_053,30,32,Motorboat,436,466,249,281
201807061148_054,47,43,Motorboat,83,130,254,297
201807061148_052,54,80,Sailboat,782,836,202,282
201807061148_053,75,141,Sailboat,588,663,144,285
201807061148_054,118,221,Sailboat,283,401,86,307
201807061148_057,14,22,Seamark,92,106,266,288
201807061148_058,7,15,Seamark,34,41,276,291
201807061148_057,19,30,Seamark,258,277,265,295
201807061148_058,11,33,Seamark,177,188,265,298
201807061148_060,12,11,Seamark,857,869,255,266
201807061148_061,6,15,Seamark,712,718,254,269
201807061148_062,6,16,Seamark,448,454,261,277
201807061148_063,22,29,Seamark,122,144,269,298
201807061148_060,16,18,Seamark,1241,1257,257,275
201807061148_061,7,21,Seamark,1172,1179,254,275
201807061148_062,9,26,Seamark,1105,1114,252,278
201807061148_063,25,57,Seamark,1165,1190,249,306
201807061148_064,5,12,Seamark,867,872,253,265
201807061148_065,4,11,Seamark,891,895,256,267
201807061148_066,16,20,Seamark,931,947,249,269
201807061148_067,9,21,Seamark,1077,1086,252,273
201807061148_068,6,26,Seamark,1185,1191,250,276
201807061148_064,5,13,Seamark,557,562,256,269
201807061148_065,11,16,Seamark,533,544,253,269
201807061148_066,10,15,Seamark,502,512,254,269
201807061148_067,6,13,Seamark,556,562,254,267
201807061148_068,12,14,Seamark,576,588,254,268
201807061148_069,11,13,Seamark,571,582,257,270
201807061148_070,5,14,Seamark,592,597,255,269
201807061148_071,16,23,Seamark,574,590,248,271
201807061148_072,15,21,Seamark,556,571,251,272
201807061148_073,8,23,Seamark,530,538,256,279
201807061148_074,7,24,Seamark,468,475,258,282
201807061148_075,20,33,Seamark,406,426,258,291
201807061148_066,19,19,Seamark,458,477,256,275
201807061148_067,9,25,Seamark,490,499,256,281
201807061148_068,7,25,Seamark,491,498,256,281
201807061148_069,16,38,Seamark,452,468,256,294
201807061148_070,16,47,Seamark,422,438,257,304
201807061148_071,17,57,Seamark,312,329,264,321
201807061148_072,42,133,Seamark,1,43,266,399
201807061148_064,5,9,Seamark,773,778,252,261
201807061148_065,6,10,Seamark,765,771,252,262
201807061148_066,15,23,Seamark,761,776,243,266
201807061148_067,5,11,Seamark,855,860,252,263
201807061148_068,3,13,Seamark,903,906,249,262
201807061148_069,9,16,Seamark,929,938,251,267
201807061148_070,7,17,Seamark,985,992,249,266
201807061148_071,18,25,Seamark,1019,1037,250,275
201807061148_072,16,23,Seamark,1063,1079,253,276
201807061148_073,9,23,Seamark,1143,1152,252,275
201807061148_074,7,28,Seamark,1201,1208,251,279
201807061148_067,5,10,Seamark,849,854,249,259
201807061148_068,16,12,Seamark,897,913,246,258
201807061148_069,11,12,Seamark,902,913,249,261
201807061148_070,6,10,Seamark,954,960,250,260
201807061148_071,13,14,Seamark,971,984,249,263
201807061148_072,12,13,Seamark,989,1001,250,263
201807061148_073,6,13,Seamark,1019,1025,251,264
201807061148_074,14,16,Seamark,1012,1026,250,266
201807061148_075,13,15,Seamark,1042,1055,252,267
201807061148_020,36,20,Miscboat,284,320,255,275
201807061148_050,75,118,Boat,1109,1184,184,302
201807061148_050,24,14,Boat,351,375,257,271
201807061148_056,79,24,Miscboat,699,778,260,284
201807061148_056,97,32,Miscboat,564,661,254,286
201807061148_056,96,26,Miscboat,422,518,252,278
201807061148_005,89,258,Sailboat,1122,1211,62,320
201807061148_005,62,311,Sailboat,1204,1266,22,333
201807061148_006,128,218,Sailboat,1043,1171,98,316
201807061148_007,151,236,Sailboat,1127,1278,86,322
201807061148_056,127,45,Passengership,902,1029,233,278
201807061148_000,188,90,Miscboat,1092,1280,234,324
201807061148_000,80,62,Passengership,1023,1103,244,306
201807061148_000,157,67,Passengership,97,254,246,313
201807061148_032,30,27,Miscboat,522,552,234,261
201807061148_000,97,102,Passengership,1,98,244,346
201807061148_006,108,390,Sailboat,0,108,0,390
201807061148_034,5,14,Seamark,765,770,250,264
201807061148_037,6,20,Seamark,170,176,261,281
201807061148_054,17,41,Seamark,465,482,269,310
201807061148_056,19,143,Seamark,1184,1203,332,475
201807061148_002,239,69,Ferry,14,253,255,324
201807061148_061,7,6,Miscellaneous,1148,1155,313,319
201807061148_063,9,11,Seamark,1032,1041,252,263
201807061148_061,7,6,Miscellaneous,1155,1162,313,319
201807061148_063,6,6,Seamark,964,970,252,258
201807061148_063,4,6,Seamark,976,980,252,258
201807061148_063,10,16,Seamark,770,780,248,264
201807061219_001,62,141,Sailboat,1,63,166,307
201807061219_002,56,91,Sailboat,133,189,212,303
201807061219_003,33,131,Sailboat,469,502,172,303
201807061219_001,57,144,Sailboat,67,124,156,300
201807061219_002,78,222,Sailboat,10,88,96,318
201807061219_000,20,10,Motorboat,274,294,270,280
201807061219_001,22,12,Motorboat,457,479,265,277
201807061219_002,23,17,Boat,639,662,262,279
201807061219_004,167,211,Sailboat,992,1159,126,337
201807061219_005,133,220,Sailboat,1139,1272,112,332
201807061219_004,134,337,Sailboat,836,970,0,337
201807061219_005,112,307,Sailboat,1024,1136,8,315
201807061219_004,89,217,Sailboat,298,387,108,325
201807061219_005,81,181,Sailboat,604,685,126,307
201807061219_004,74,285,Sailboat,648,722,46,331
201807061219_005,64,229,Sailboat,898,962,84,313
201807061219_004,79,250,Sailboat,431,510,77,327
201807061219_005,95,195,Sailboat,688,783,112,307
201807061219_004,126,277,Sailboat,518,644,57,334
201807061219_005,103,223,Sailboat,786,889,87,310
201807061219_004,60,316,Sailboat,723,783,15,331
201807061219_005,47,248,Sailboat,969,1016,65,313
201807061219_006,14,16,Seamark,570,584,257,273
201807061219_007,11,22,Seamark,946,957,251,273
201807061219_008,11,28,Seamark,1017,1028,254,282
201807061219_009,25,48,Seamark,973,998,249,297
201807061219_010,16,58,Seamark,1114,1130,258,316
201807061219_006,12,15,Seamark,285,297,264,279
201807061219_007,12,19,Seamark,609,621,253,272
201807061219_008,6,17,Seamark,548,554,259,276
201807061219_009,18,31,Seamark,340,358,260,291
201807061219_010,12,29,Seamark,219,231,267,296
201807061219_011,11,35,Seamark,5,16,281,316
201807061219_013,19,14,Boat,511,530,273,287
201807061219_014,35,18,Boat,214,249,292,310
201807061219_009,11,14,Seamark,837,848,254,268
201807061219_010,12,15,Seamark,817,829,254,269
201807061219_011,13,16,Seamark,727,740,256,272
201807061219_012,11,19,Seamark,509,520,257,276
201807061219_013,11,20,Seamark,453,464,260,280
201807061219_014,6,27,Seamark,329,335,261,288
201807061219_009,12,13,Seamark,1167,1179,257,270
201807061219_010,13,14,Seamark,1189,1202,258,272
201807061219_011,14,15,Seamark,1148,1162,258,273
201807061219_012,12,19,Seamark,998,1010,256,275
201807061219_013,9,24,Seamark,1022,1031,254,278
201807061219_014,11,26,Seamark,1036,1047,253,279
201807061219_015,25,51,Seamark,1019,1044,253,304
201807061219_017,16,6,Boat,509,525,266,272
201807061219_018,42,17,Boat,100,142,285,302
201807061219_017,6,13,Seamark,274,280,264,277
201807061219_018,6,12,Seamark,106,112,277,289
201807061219_019,7,21,Seamark,165,172,268,289
201807061219_017,5,12,Seamark,731,736,255,267
201807061219_018,8,20,Seamark,657,665,254,274
201807061219_019,8,26,Seamark,884,892,254,280
201807061219_020,14,31,Seamark,941,955,257,288
201807061219_021,26,57,Seamark,988,1014,251,308
201807061219_022,33,137,Seamark,1248,1281,251,388
201807061219_021,21,14,Motorboat,661,682,256,270
201807061219_022,42,22,Motorboat,326,368,273,295
201807061219_023,66,55,Motorboat,0,66,294,349
201807061219_021,6,13,Seamark,915,921,250,263
201807061219_022,7,18,Seamark,792,799,251,269
201807061219_023,5,17,Seamark,817,822,251,268
201807061219_024,20,26,Seamark,832,852,248,274
201807061219_025,9,27,Seamark,750,759,254,281
201807061219_026,14,34,Seamark,724,738,250,284
201807061219_027,22,49,Seamark,703,725,257,306
201807061219_028,28,75,Seamark,799,827,244,319
201807061219_031,15,27,Seamark,843,858,247,274
201807061219_032,7,28,Seamark,814,821,252,280
201807061219_033,23,52,Seamark,916,939,248,300
201807061219_034,31,100,Seamark,998,1029,247,347
201807061219_027,8,15,Seamark,802,810,251,266
201807061219_028,9,16,Seamark,889,898,250,266
201807061219_029,5,17,Seamark,961,966,250,267
201807061219_030,10,16,Seamark,909,919,257,273
201807061219_031,11,38,Seamark,846,857,251,289
201807061219_032,10,35,Seamark,830,840,266,301
201807061219_033,16,96,Seamark,1113,1129,278,374
201807061219_017,17,28,Cruiseship,638,655,230,258
201807061219_018,20,34,Cruiseship,549,569,229,263
201807061219_019,26,31,Cruiseship,735,761,226,257
201807061219_020,29,34,Cruiseship,687,716,224,258
201807061219_021,26,30,Cruiseship,609,635,225,255
201807061219_022,33,40,Cruiseship,443,476,226,266
201807061219_023,36,44,Cruiseship,443,479,224,268
201807061219_024,52,63,Cruiseship,430,482,212,275
201807061219_025,45,51,Cruiseship,285,330,224,275
201807061219_026,40,52,Cruiseship,191,231,224,276
201807061219_027,45,59,Cruiseship,127,172,222,281
201807061219_028,36,58,Cruiseship,164,200,220,278
201807061219_029,32,62,Cruiseship,127,159,217,279
201807061219_028,29,60,Cruiseship,189,218,218,278
201807061219_029,24,61,Cruiseship,164,188,217,278
201807061219_030,47,21,Miscboat,510,557,262,283
201807061219_031,79,43,Miscboat,142,221,270,313
201807061219_018,167,117,Motorboat,638,805,263,380
201807061219_019,64,48,Motorboat,672,736,266,314
201807061219_020,36,30,Motorboat,716,752,262,292
201807061219_021,50,39,Motorboat,783,833,253,292
201807061219_022,34,27,Motorboat,721,755,258,285
201807061219_023,31,21,Motorboat,718,749,258,279
201807061219_024,41,33,Motorboat,671,712,250,283
201807061219_025,22,17,Motorboat,622,644,257,274
201807061219_026,19,13,Motorboat,665,684,255,268
201807061219_027,21,19,Motorboat,670,691,255,274
201807061219_028,23,21,Motorboat,789,812,251,272
201807061219_029,22,10,Motorboat,925,947,254,264
201807061219_023,76,28,Militaryship,1088,1164,224,252
201807061219_024,77,26,Militaryship,1109,1186,226,252
201807061219_025,90,40,Militaryship,1032,1122,214,254
201807061219_026,96,36,Militaryship,1021,1117,216,252
201807061219_027,98,42,Militaryship,1009,1107,210,252
201807061219_028,108,42,Militaryship,1105,1213,211,253
201807061219_029,88,53,Militaryship,1192,1280,205,258
201807061219_030,92,63,Militaryship,1179,1271,196,259
201807061219_031,117,67,Militaryship,1141,1258,188,255
201807061219_032,128,76,Militaryship,1137,1265,186,262
201807061219_024,56,433,Sailboat,1,57,143,576
201807061219_025,89,73,Motorboat,348,437,292,365
201807061219_026,50,37,Motorboat,428,478,280,317
201807061219_027,52,47,Motorboat,475,527,266,313
201807061219_028,30,32,Motorboat,612,642,267,299
201807061219_029,21,20,Motorboat,732,753,262,282
201807061219_030,22,18,Motorboat,740,762,262,280
201807061219_031,43,25,Passengership,731,774,247,272
201807061219_032,55,31,Passengership,578,633,248,279
201807061219_033,138,88,Passengership,305,443,232,320
201807061219_033,19,23,Boat,1092,1111,250,273
201807061219_034,17,12,Boat,1137,1154,255,267
201807061219_036,25,10,Motorboat,682,707,253,263
201807061219_037,35,52,Sailboat,733,768,207,259
201807061219_038,36,54,Sailboat,638,674,213,267
201807061219_040,46,70,Sailboat,850,896,199,269
201807061219_034,5,28,Seamark,1116,1121,259,287
201807061219_035,8,40,Seamark,1136,1144,274,314
201807061219_035,113,46,Militaryship,1161,1274,243,289
201807061219_036,68,63,Militaryship,1213,1281,244,307
201807061219_035,42,14,Motorboat,1088,1130,250,264
201807061219_036,57,23,Motorboat,962,1019,249,272
201807061219_037,68,23,Motorboat,1108,1176,247,270
201807061219_038,96,33,Motorboat,1168,1264,252,285
201807061219_033,15,7,Motorboat,1167,1182,253,260
201807061219_034,16,8,Motorboat,1107,1123,256,264
201807061219_035,17,8,Motorboat,769,786,253,261
201807061219_036,18,11,Motorboat,428,446,258,269
201807061219_039,12,8,Motorboat,850,862,255,263
201807061219_040,17,12,Motorboat,1060,1077,258,270
201807061219_038,20,9,Motorboat,771,791,255,264
201807061219_039,22,10,Motorboat,789,811,251,261
201807061219_040,21,11,Motorboat,1016,1037,254,265
201807061219_038,18,9,Motorboat,746,764,255,264
201807061219_039,20,10,Motorboat,763,783,252,262
201807061219_040,18,13,Motorboat,986,1004,251,264
201807061219_038,16,8,Motorboat,728,744,257,265
201807061219_039,17,8,Motorboat,743,760,254,262
201807061219_040,19,11,Motorboat,962,981,255,266
201807061219_004,88,44,Motorboat,1133,1221,260,304
201807061219_023,34,23,Boat,81,115,310,333
201807061219_029,26,12,Passengership,1016,1042,249,261
201807061219_040,21,17,Miscboat,151,172,273,290
201807061219_003,28,18,Motorboat,359,387,281,299
201807061219_003,30,17,Motorboat,390,420,283,300
201807061219_003,175,258,Sailboat,234,409,81,339
201807061219_003,59,359,Sailboat,1,60,1,360
201807061219_002,38,126,Sailboat,81,119,178,304
201807061219_003,87,352,Sailboat,88,175,1,353
201807061219_005,57,175,Sailboat,419,476,134,309
201807061219_004,68,153,Sailboat,217,285,175,328
201807061219_003,41,19,Miscboat,423,464,282,301
201807061219_003,57,19,Miscboat,505,562,275,294
201807061219_006,37,17,Motorboat,1228,1265,259,276
201807061219_039,9,5,Motorboat,910,919,256,261
201807061219_005,15,22,Miscellaneous,184,199,336,358
201807061219_018,8,10,Seamark,753,761,252,262
201807061219_030,6,17,Seamark,890,896,264,281
201807061219_039,7,28,Seamark,1136,1143,262,290
201807061219_019,49,12,Cargoship,527,576,253,265
201807061219_006,14,12,Boat,1120,1134,259,271
201807061219_012,17,9,Boat,605,622,265,274
201807061219_036,12,6,Boat,726,738,259,265
201807061249_002,28,14,Militaryship,686,714,259,273
201807061249_003,28,24,Militaryship,859,887,255,279
201807061249_004,52,33,Militaryship,986,1038,261,294
201807061249_005,110,82,Militaryship,1113,1223,239,321
201807061249_002,18,15,Miscboat,670,688,257,272
201807061249_003,42,30,Miscboat,817,859,248,278
201807061249_004,42,34,Miscboat,923,965,254,288
201807061249_005,65,71,Miscboat,1002,1067,224,295
201807061249_002,17,17,Miscboat,644,661,253,270
201807061249_003,22,24,Miscboat,795,817,248,272
201807061249_004,32,25,Miscboat,876,908,255,280
201807061249_005,35,56,Boat,941,976,235,291
201807061249_004,26,18,Miscboat,855,881,259,277
201807061249_005,28,30,Miscboat,909,937,254,284
201807061249_001,50,49,Cruiseship,136,186,228,277
201807061249_002,49,57,Cruiseship,272,321,217,274
201807061249_003,59,108,Cruiseship,334,393,170,278
201807061249_004,75,85,Cruiseship,312,387,198,283
201807061249_005,98,101,Cruiseship,261,359,186,287
201807061249_006,157,142,Cruiseship,145,302,160,302
201807061249_007,360,202,Cruiseship,0,360,124,326
201807061249_008,115,265,Cruiseship,0,115,74,339
201807061249_003,22,17,Motorboat,433,455,253,270
201807061249_004,23,20,Motorboat,426,449,258,278
201807061249_005,39,27,Motorboat,369,408,258,285
201807061249_006,38,60,Militaryship,314,352,220,280
201807061249_007,55,75,Militaryship,397,452,208,283
201807061249_008,106,108,Militaryship,229,335,199,307
201807061249_009,163,139,Militaryship,1,164,188,327
201807061249_007,75,65,Militaryship,332,407,224,289
201807061249_008,119,83,Militaryship,104,223,229,312
201807061249_008,12,9,Boat,541,553,262,271
201807061249_009,16,13,Boat,508,524,263,276
201807061249_011,68,286,Sailboat,170,238,56,342
201807061249_012,95,324,Sailboat,0,95,1,325
201807061249_008,28,10,Passengership,470,498,265,275
201807061249_009,30,16,Passengership,419,449,263,279
201807061249_010,45,22,Passengership,422,467,261,283
201807061249_011,63,27,Passengership,219,282,270,297
201807061249_012,70,37,Passengership,95,165,275,312
201807061249_004,41,101,Sailboat,399,440,166,267
201807061249_005,52,117,Sailboat,375,427,149,266
201807061249_006,56,145,Sailboat,358,414,124,269
201807061249_007,84,162,Sailboat,467,551,108,270
201807061249_008,103,212,Sailboat,369,472,67,279
201807061249_009,148,278,Sailboat,271,419,14,292
201807061249_010,266,297,Sailboat,165,431,1,298
201807061249_011,238,322,Sailboat,0,238,0,322
201807061249_012,9,13,Motorboat,385,394,259,272
201807061249_013,12,10,Motorboat,502,514,261,271
201807061249_014,15,16,Motorboat,533,548,258,274
201807061249_015,18,24,Motorboat,521,539,253,277
201807061249_016,22,20,Motorboat,512,534,261,281
201807061249_017,36,41,Motorboat,430,466,261,302
201807061249_018,32,15,Motorboat,371,403,264,279
201807061249_019,39,18,Motorboat,428,467,267,285
201807061249_020,47,16,Motorboat,264,311,279,295
201807061249_021,54,19,Motorboat,107,161,296,315
201807061249_008,20,44,Sailboat,609,629,221,265
201807061249_009,23,42,Sailboat,590,613,225,267
201807061249_010,27,50,Sailboat,649,676,215,265
201807061249_011,30,72,Sailboat,537,567,199,271
201807061249_012,33,87,Sailboat,520,553,188,275
201807061249_013,40,98,Sailboat,654,694,178,276
201807061249_014,47,118,Sailboat,706,753,161,279
201807061249_015,56,139,Sailboat,730,786,142,281
201807061249_016,65,167,Sailboat,770,835,120,287
201807061249_017,90,216,Sailboat,793,883,82,298
201807061249_019,46,81,Sailboat,428,474,203,284
201807061249_020,64,107,Sailboat,282,346,186,293
201807061249_021,64,34,Motorboat,172,236,274,308
201807061249_022,104,209,Sailboat,7,111,123,332
201807061249_023,116,192,Sailboat,61,177,137,329
201807061249_012,15,7,Motorboat,402,417,263,270
201807061249_013,17,11,Motorboat,531,548,258,269
201807061249_014,20,8,Motorboat,569,589,261,269
201807061249_015,19,8,Motorboat,574,593,259,267
201807061249_016,28,9,Motorboat,584,612,258,267
201807061249_017,24,8,Motorboat,567,591,261,269
201807061249_018,34,17,Motorboat,512,546,256,273
201807061249_019,18,10,Motorboat,568,586,267,277
201807061249_020,39,15,Motorboat,446,485,272,287
201807061249_021,78,33,Motorboat,380,458,268,301
201807061249_022,145,62,Motorboat,233,378,273,335
201807061249_023,104,60,Motorboat,29,133,281,341
201807061249_024,73,38,Motorboat,165,238,284,322
201807061249_017,16,19,Miscboat,682,698,249,268
201807061249_018,29,40,Miscboat,655,684,233,273
201807061249_019,36,50,Miscboat,789,825,228,278
201807061249_020,52,49,Miscboat,755,807,236,285
201807061249_021,79,143,Miscboat,830,909,153,296
201807061249_022,170,146,Miscboat,972,1142,180,326
201807061249_019,48,70,Sailboat,487,535,205,275
201807061249_020,57,76,Sailboat,376,433,205,281
201807061249_021,73,98,Sailboat,333,406,192,290
201807061249_022,63,113,Sailboat,360,423,172,285
201807061249_023,70,146,Sailboat,371,441,151,297
201807061249_024,119,204,Sailboat,211,330,111,315
201807061249_025,111,297,Sailboat,2,113,48,345
201807061249_026,74,374,Sailboat,0,74,0,374
201807061249_020,52,102,Sailboat,346,398,186,288
201807061249_023,103,151,Sailboat,252,355,151,302
201807061249_023,35,78,Sailboat,482,517,204,282
201807061249_025,124,33,Motorboat,292,416,270,303
201807061249_026,129,42,Motorboat,322,451,279,321
201807061249_027,275,86,Motorboat,58,333,277,363
201807061249_025,132,249,Sailboat,132,264,78,327
201807061249_026,153,58,Motorboat,112,265,275,333
201807061249_020,29,97,Sailboat,706,735,179,276
201807061249_021,26,129,Sailboat,749,775,153,282
201807061249_022,36,172,Sailboat,826,862,120,292
201807061249_023,59,293,Sailboat,863,922,4,297
201807061249_024,44,246,Sailboat,946,990,65,311
201807061249_025,77,86,Motorboat,919,996,228,314
201807061249_023,69,268,Sailboat,960,1029,47,315
201807061249_024,126,338,Sailboat,1005,1131,1,339
201807061249_025,116,346,Sailboat,1080,1196,5,351
201807061249_019,28,104,Sailboat,747,775,167,271
201807061249_020,14,111,Sailboat,690,704,162,273
201807061249_021,27,143,Sailboat,722,749,135,278
201807061249_022,37,174,Sailboat,780,817,108,282
201807061249_019,17,11,Miscboat,727,744,259,270
201807061249_020,17,16,Miscboat,670,687,258,274
201807061249_021,19,18,Miscboat,702,721,260,278
201807061249_022,26,20,Miscboat,749,775,259,279
201807061249_023,46,33,Miscboat,804,850,257,290
201807061249_024,80,50,Miscboat,865,945,260,310
201807061249_025,136,81,Miscboat,982,1118,267,348
201807061249_024,15,8,Boat,786,801,281,289
201807061249_025,16,9,Boat,806,822,291,300
201807061249_026,36,27,Boat,1051,1087,309,336
201807061249_025,33,296,Sailboat,880,913,4,300
201807061249_026,94,314,Sailboat,1081,1175,15,329
201807061249_023,45,107,Sailboat,438,483,179,286
201807061249_025,87,139,Sailboat,261,348,167,306
201807061249_026,218,270,Sailboat,125,343,57,327
201807061249_024,39,150,Sailboat,801,840,139,289
201807061249_025,68,214,Sailboat,809,877,88,302
201807061249_026,104,77,Passengership,961,1065,218,295
201807061249_027,165,94,Passengership,1059,1224,214,308
201807061249_028,170,148,Passengership,1108,1278,192,340
201807061249_019,14,9,Ferry,708,722,255,264
201807061249_020,15,10,Ferry,642,657,254,264
201807061249_021,16,11,Ferry,654,670,255,266
201807061249_022,55,19,Ferry,654,709,248,267
201807061249_023,74,21,Ferry,629,703,252,273
201807061249_024,73,20,Ferry,550,623,256,276
201807061249_025,101,32,Ferry,434,535,253,285
201807061249_026,127,32,Ferry,449,576,253,285
201807061249_027,117,29,Ferry,393,510,257,286
201807061249_028,225,63,Ferry,69,294,257,320
201807061249_024,31,24,Passengership,763,794,249,273
201807061249_025,46,37,Passengership,748,794,238,275
201807061249_026,42,42,Passengership,906,948,233,275
201807061249_027,56,48,Passengership,957,1013,232,280
201807061249_028,81,61,Passengership,906,987,228,289
201807061249_029,142,94,Passengership,1004,1146,214,308
201807061249_028,63,31,Miscboat,377,440,256,287
201807061249_029,72,44,Miscboat,273,345,254,298
201807061249_030,125,78,Miscboat,88,213,245,323
201807061249_028,37,23,Miscboat,846,883,254,277
201807061249_029,51,33,Miscboat,887,938,250,283
201807061249_030,100,61,Miscboat,968,1068,244,305
201807061249_031,83,85,Miscboat,1198,1281,252,337
201807061249_029,25,20,Miscboat,860,885,261,281
201807061249_030,39,31,Miscboat,920,959,258,289
201807061249_031,74,47,Miscboat,1063,1137,258,305
201807061249_023,40,35,Militaryship,547,587,234,269
201807061249_024,50,43,Militaryship,509,559,230,273
201807061249_025,61,52,Militaryship,467,528,224,276
201807061249_026,47,43,Militaryship,585,632,226,269
201807061249_027,53,47,Militaryship,581,634,222,269
201807061249_028,63,46,Militaryship,442,505,230,276
201807061249_029,89,57,Militaryship,360,449,229,286
201807061249_030,108,120,Militaryship,275,383,188,308
201807061249_031,218,163,Militaryship,69,287,162,325
201807061249_029,14,20,Motorboat,777,791,250,270
201807061249_030,26,22,Motorboat,791,817,251,273
201807061249_031,56,35,Motorboat,839,895,244,279
201807061249_032,55,52,Motorboat,897,952,237,289
201807061249_033,107,61,Motorboat,891,998,244,305
201807061249_034,234,102,Motorboat,969,1203,245,347
201807061249_029,19,15,Miscboat,527,546,255,270
201807061249_030,21,16,Miscboat,502,523,254,270
201807061249_031,25,20,Miscboat,489,514,256,276
201807061249_032,29,24,Miscboat,438,467,257,281
201807061249_029,26,22,Passengership,501,527,250,272
201807061249_030,39,31,Passengership,467,506,244,275
201807061249_031,40,33,Passengership,447,487,245,278
201807061249_032,69,34,Passengership,371,440,252,286
201807061249_033,123,80,Passengership,203,326,220,300
201807061249_034,228,78,Passengership,15,243,238,316
201807061249_035,193,94,Passengership,5,198,241,335
201807061249_040,114,73,Passengership,1167,1281,238,311
201807061249_041,264,93,Passengership,833,1097,217,310
201807061249_040,14,11,Ferry,635,649,254,265
201807061249_041,35,17,Ferry,192,227,252,269
201807061249_042,57,12,Ferry,374,431,254,266
201807061249_043,52,11,Ferry,492,544,254,265
201807061249_044,61,17,Ferry,496,557,249,266
201807061249_045,64,25,Ferry,561,625,245,270
201807061249_046,72,28,Ferry,724,796,247,275
201807061249_047,116,35,Ferry,747,863,246,281
201807061249_040,21,21,Motorboat,599,620,256,277
201807061249_041,31,24,Motorboat,127,158,258,282
201807061249_042,44,42,Motorboat,183,227,250,292
201807061249_043,80,48,Motorboat,122,202,250,298
201807061249_043,45,25,Miscboat,240,285,259,284
201807061249_044,44,33,Miscboat,86,130,259,292
201807061249_029,31,55,Passengership,445,476,227,282
201807061249_030,43,65,Passengership,384,427,220,285
201807061249_031,87,85,Passengership,282,369,212,297
201807061249_032,177,142,Passengership,15,192,190,332
201807061249_029,21,15,Miscboat,819,840,259,274
201807061249_030,33,26,Miscboat,846,879,252,278
201807061249_031,48,37,Miscboat,926,974,254,291
201807061249_032,87,54,Miscboat,1077,1164,258,312
201807061249_029,20,13,Miscboat,794,814,258,271
201807061249_030,20,16,Miscboat,818,838,258,274
201807061249_031,32,26,Miscboat,873,905,258,284
201807061249_032,74,50,Miscboat,946,1020,251,301
201807061249_033,93,64,Miscboat,1000,1093,254,318
201807061249_034,59,97,Miscboat,1226,1285,277,374
201807061249_029,17,15,Miscboat,591,608,251,266
201807061249_030,19,16,Miscboat,579,598,248,264
201807061249_031,21,18,Miscboat,583,604,247,265
201807061249_032,22,20,Miscboat,564,586,248,268
201807061249_033,25,23,Miscboat,455,480,248,271
201807061249_034,27,22,Miscboat,374,401,257,279
201807061249_035,28,22,Miscboat,313,341,255,277
201807061249_036,50,31,Miscboat,217,267,258,289
201807061249_037,68,30,Miscboat,438,506,252,282
201807061249_038,92,47,Miscboat,150,242,259,306
201807061249_029,10,11,Miscboat,611,621,254,265
201807061249_030,11,12,Miscboat,601,612,252,264
201807061249_031,12,13,Miscboat,608,620,251,264
201807061249_032,14,17,Miscboat,591,605,250,267
201807061249_033,15,19,Miscboat,487,502,249,268
201807061249_034,22,20,Miscboat,404,426,259,279
201807061249_035,24,22,Miscboat,347,371,257,279
201807061249_036,32,20,Miscboat,269,301,263,283
201807061249_037,45,20,Miscboat,508,553,257,277
201807061249_038,54,31,Miscboat,253,307,264,295
201807061249_038,28,32,Miscboat,918,946,259,291
201807061249_039,95,51,Miscboat,960,1055,261,312
201807061249_043,23,23,Miscboat,301,324,252,275
201807061249_044,35,21,Miscboat,191,226,261,282
201807061249_045,57,35,Miscboat,122,179,261,296
201807061249_040,28,23,Passengership,896,924,250,273
201807061249_041,36,22,Passengership,463,499,250,272
201807061249_042,40,42,Passengership,640,680,234,276
201807061249_043,57,39,Passengership,758,815,240,279
201807061249_044,90,71,Passengership,786,876,220,291
201807061249_045,136,150,Passengership,888,1024,167,317
201807061249_043,28,18,Miscboat,335,363,254,272
201807061249_044,40,16,Miscboat,234,274,259,275
201807061249_045,59,33,Miscboat,197,256,253,286
201807061249_046,109,48,Miscboat,76,185,256,304
201807061249_044,15,13,Miscboat,408,423,254,267
201807061249_045,25,19,Miscboat,416,441,254,273
201807061249_046,50,32,Miscboat,383,433,259,291
201807061249_044,30,25,Passengership,335,365,242,267
201807061249_045,42,22,Passengership,341,383,246,268
201807061249_046,60,35,Passengership,364,424,237,272
201807061249_047,79,40,Passengership,289,368,236,276
201807061249_046,86,50,Passengership,188,274,240,290
201807061249_047,91,80,Passengership,5,96,232,312
201807061249_046,34,102,Sailboat,469,503,163,265
201807061249_047,25,118,Sailboat,423,448,151,269
201807061249_043,84,24,Ferry,472,556,243,267
201807061249_044,88,25,Ferry,480,568,244,269
201807061249_044,29,28,Miscboat,651,680,248,276
201807061249_045,33,32,Miscboat,703,736,248,280
201807061249_046,95,57,Miscboat,865,960,240,297
201807061249_047,200,88,Miscboat,1005,1205,246,334
201807061249_044,21,57,Sailboat,627,648,213,270
201807061249_045,37,64,Sailboat,669,706,213,277
201807061249_046,52,81,Sailboat,797,849,204,285
201807061249_047,81,122,Sailboat,849,930,178,300
201807061249_044,7,28,Sailboat,468,475,234,262
201807061249_045,8,31,Sailboat,503,511,233,264
201807061249_046,12,40,Sailboat,594,606,223,263
201807061249_047,15,41,Sailboat,588,603,223,264
201807061249_043,28,27,Passengership,367,395,243,270
201807061249_044,38,28,Passengership,302,340,244,272
201807061249_045,48,39,Passengership,292,340,235,274
201807061249_046,75,55,Passengership,281,356,231,286
201807061249_047,106,73,Passengership,125,231,226,299
201807061249_040,36,25,Passengership,851,887,247,272
201807061249_041,45,34,Passengership,413,458,235,269
201807061249_042,55,60,Passengership,585,640,213,273
201807061249_043,61,37,Passengership,690,751,236,273
201807061249_044,93,70,Passengership,684,777,212,282
201807061249_045,121,124,Passengership,748,869,170,294
201807061249_046,314,244,Passengership,967,1281,104,348
201807061249_026,160,364,Sailboat,0,160,0,364
201807061249_025,71,74,Motorboat,1203,1274,300,374
201807061249_029,122,174,Sailboat,23,145,164,338
201807061249_038,138,101,Motorboat,1112,1250,243,344
201807061249_040,149,64,Motorboat,261,410,268,332
201807061249_010,27,103,Sailboat,518,545,179,282
201807061249_014,26,39,Sailboat,477,503,232,271
201807061249_018,227,350,Sailboat,911,1138,1,351
201807061249_025,76,251,Sailboat,112,188,79,330
201807061249_023,75,192,Sailboat,176,251,133,325
201807061249_028,220,342,Sailboat,29,249,14,356
201807061249_026,74,120,Sailboat,464,538,176,296
201807061249_026,98,333,Sailboat,1174,1272,5,338
201807061249_047,38,43,Sailboat,607,645,223,266
201807061249_047,15,56,Sailboat,538,553,207,263
201807061249_006,159,111,Passengership,0,159,236,347
201807061249_029,54,53,Passengership,944,998,242,295
201807061249_030,182,113,Passengership,1088,1270,227,340
201807061249_024,114,61,Motorboat,38,152,283,344
201807061249_023,58,19,Boat,1058,1116,305,324
201807061249_000,13,26,Seamark,1205,1218,258,284
201807061320_001,185,70,Motorboat,1083,1268,276,346
201807061320_002,156,287,Sailboat,1090,1246,17,304
201807061320_004,198,365,Sailboat,1082,1280,1,366
201807061320_005,230,328,Sailboat,1014,1244,21,349
201807061320_000,128,45,Motorboat,817,945,255,300
201807061320_001,218,83,Motorboat,951,1169,262,345
201807061320_000,36,121,Sailboat,566,602,158,279
201807061320_001,28,37,Miscboat,527,555,234,271
201807061320_002,55,42,Miscboat,304,359,239,281
201807061320_004,82,82,Miscboat,203,285,219,301
201807061320_002,141,232,Sailboat,894,1035,81,313
201807061320_004,137,50,Motorboat,972,1109,280,330
201807061320_000,29,151,Sailboat,436,465,136,287
201807061320_001,38,199,Sailboat,361,399,95,294
201807061320_000,9,5,Boat,677,686,260,265
201807061320_001,11,7,Boat,663,674,260,267
201807061320_002,23,13,Boat,526,549,274,287
201807061320_004,58,33,Boat,394,452,281,314
201807061320_000,61,226,Sailboat,368,429,64,290
201807061320_001,55,257,Sailboat,259,314,53,310
201807061320_000,17,89,Sailboat,545,562,182,271
201807061320_001,51,184,Sailboat,468,519,107,291
201807061320_000,43,116,Sailboat,471,514,160,276
201807061320_001,36,165,Sailboat,398,434,123,288
201807061320_002,62,222,Sailboat,151,213,81,303
201807061320_002,11,14,Motorboat,591,602,250,264
201807061320_004,20,15,Motorboat,560,580,254,269
201807061320_005,32,25,Motorboat,462,494,258,283
201807061320_006,90,59,Motorboat,249,339,270,329
201807061320_002,76,129,Sailboat,810,886,161,290
201807061320_004,134,169,Sailboat,838,972,133,302
201807061320_000,15,49,Sailboat,756,771,222,271
201807061320_001,19,66,Sailboat,764,783,205,271
201807061320_002,22,98,Sailboat,669,691,179,277
201807061320_004,29,111,Sailboat,667,696,170,281
201807061320_005,47,155,Sailboat,630,677,138,293
201807061320_006,60,188,Sailboat,696,756,115,303
201807061320_007,110,303,Sailboat,839,949,37,340
201807061320_008,168,381,Sailboat,1056,1224,9,390
201807061320_008,86,145,Sailboat,909,995,110,255
201807061320_009,84,172,Sailboat,880,964,88,260
201807061320_010,113,219,Sailboat,810,923,51,270
201807061320_011,143,258,Sailboat,855,998,19,277
201807061320_012,156,294,Sailboat,836,992,0,294
201807061320_013,333,313,Sailboat,723,1056,0,313
201807061320_014,429,408,Sailboat,851,1280,0,408
201807061320_000,22,67,Sailboat,622,644,206,273
201807061320_001,36,142,Sailboat,608,644,145,287
201807061320_002,24,65,Sailboat,507,531,199,264
201807061320_004,28,75,Sailboat,494,522,192,267
201807061320_005,39,92,Sailboat,443,482,178,270
201807061320_006,38,108,Sailboat,473,511,164,272
201807061320_007,55,145,Sailboat,507,562,134,279
201807061320_008,82,208,Sailboat,469,551,82,290
201807061320_009,150,304,Sailboat,277,427,12,316
201807061320_004,20,18,Motorboat,485,505,250,268
201807061320_005,27,23,Miscboat,426,453,249,272
201807061320_006,27,24,Miscboat,446,473,251,275
201807061320_007,50,51,Motorboat,458,508,233,284
201807061320_008,73,46,Miscboat,396,469,250,296
201807061320_009,130,110,Miscboat,138,268,228,338
201807061320_008,32,15,Ferry,915,947,255,270
201807061320_009,49,16,Ferry,889,938,256,272
201807061320_010,49,19,Ferry,838,887,254,273
201807061320_011,72,20,Ferry,902,974,259,279
201807061320_012,98,29,Ferry,896,994,262,291
201807061320_013,170,64,Ferry,932,1102,271,335
201807061320_012,45,45,Militaryship,828,873,227,272
201807061320_013,83,72,Militaryship,697,780,205,277
201807061320_014,107,66,Militaryship,772,879,220,286
201807061320_015,203,168,Militaryship,781,984,143,311
201807061320_016,418,294,Militaryship,861,1279,82,376
201807061320_017,254,297,Militaryship,1019,1273,119,416
201807061320_014,11,81,Sailboat,570,581,194,275
201807061320_015,55,216,Sailboat,311,366,93,309
201807061320_016,26,23,Miscboat,298,324,248,271
201807061320_017,28,18,Miscboat,239,267,256,274
201807061320_018,48,28,Miscboat,116,164,261,289
201807061320_017,23,15,Militaryship,492,515,252,267
201807061320_018,52,26,Militaryship,392,444,254,280
201807061320_019,66,29,Miscboat,123,189,260,289
201807061320_011,47,50,Cruiseship,858,905,212,262
201807061320_012,29,79,Cruiseship,797,826,190,269
201807061320_013,47,91,Cruiseship,654,701,176,267
201807061320_014,91,91,Cruiseship,719,810,183,274
201807061320_015,99,198,Cruiseship,680,779,82,280
201807061320_016,174,259,Cruiseship,691,865,36,295
201807061320_017,277,225,Cruiseship,700,977,88,313
201807061320_018,501,425,Cruiseship,777,1278,1,426
201807061320_017,24,11,Miscboat,340,364,259,270
201807061320_018,31,15,Miscboat,290,321,260,275
201807061320_017,27,20,Miscboat,305,332,250,270
201807061320_018,36,34,Miscboat,230,266,243,277
201807061320_017,39,15,Miscboat,270,309,256,271
201807061320_018,63,28,Miscboat,168,231,254,282
201807061320_019,42,26,Passengership,648,690,241,267
201807061320_020,81,55,Passengership,501,582,225,280
201807061320_021,28,24,Motorboat,623,651,244,268
201807061320_022,64,51,Motorboat,392,456,236,287
201807061320_023,66,109,Motorboat,5,71,226,335
201807061320_023,43,16,Motorboat,765,808,251,267
201807061320_024,45,16,Motorboat,734,779,256,272
201807061320_025,62,21,Motorboat,511,573,254,275
201807061320_021,28,15,Motorboat,692,720,247,262
201807061320_022,35,19,Motorboat,670,705,246,265
201807061320_023,35,21,Motorboat,594,629,243,264
201807061320_024,42,21,Motorboat,590,632,249,270
201807061320_025,54,26,Motorboat,452,506,248,274
201807061320_026,40,44,Miscboat,2,42,245,289
201807061320_026,84,25,Militaryship,524,608,244,269
201807061320_027,72,34,Militaryship,246,318,244,278
201807061320_025,46,51,Militaryship,1045,1091,223,274
201807061320_026,64,48,Militaryship,708,772,219,267
201807061320_027,78,74,Militaryship,475,553,195,269
201807061320_028,79,91,Militaryship,294,373,184,275
201807061320_029,104,98,Militaryship,96,200,186,284
201807061320_027,6,4,Boat,875,881,261,265
201807061320_028,12,8,Boat,722,734,259,267
201807061320_029,15,7,Boat,567,582,261,268
201807061320_030,35,23,Boat,193,228,270,293
201807061320_027,10,12,Motorboat,793,803,253,265
201807061320_028,10,10,Motorboat,664,674,256,266
201807061320_029,15,11,Motorboat,481,496,257,268
201807061320_030,38,27,Motorboat,82,120,264,291
201807061320_030,4,9,Seamark,181,185,256,265
201807061320_031,5,9,Seamark,113,118,261,270
201807061320_028,5,13,Seamark,645,650,252,265
201807061320_029,4,14,Seamark,511,515,251,265
201807061320_030,6,17,Seamark,370,376,251,268
201807061320_031,8,22,Seamark,286,294,255,277
201807061320_027,9,14,Passengership,833,842,249,263
201807061320_028,13,15,Passengership,678,691,249,264
201807061320_029,11,12,Passengership,548,559,248,260
201807061320_030,19,19,Passengership,410,429,246,265
201807061320_031,26,36,Passengership,328,354,241,277
201807061320_032,56,37,Passengership,215,271,249,286
201807061320_033,55,56,Passengership,0,55,258,314
201807061320_033,11,26,Seamark,187,198,257,283
201807061320_034,12,34,Seamark,108,120,256,290
201807061320_033,4,6,Seamark,390,394,257,263
201807061320_034,8,11,Seamark,386,394,253,264
201807061320_036,3,8,Seamark,336,339,261,269
201807061320_037,5,11,Seamark,318,323,258,269
201807061320_038,6,11,Seamark,259,265,261,272
201807061320_039,5,10,Seamark,261,266,261,271
201807061320_040,7,17,Seamark,229,236,257,274
201807061320_032,39,12,Miscboat,417,456,251,263
201807061320_033,43,13,Miscboat,423,466,248,261
201807061320_034,47,14,Miscboat,425,472,248,262
201807061320_035,46,18,Miscboat,337,383,248,266
201807061320_036,45,17,Miscboat,400,445,244,261
201807061320_037,80,30,Miscboat,374,454,239,269
201807061320_038,54,18,Miscboat,342,396,251,269
201807061320_039,53,18,Miscboat,360,413,249,267
201807061320_040,51,17,Miscboat,367,418,250,267
201807061320_041,42,33,Miscboat,373,415,232,265
201807061320_032,29,12,Miscboat,461,490,249,261
201807061320_033,32,13,Miscboat,470,502,246,259
201807061320_034,35,14,Miscboat,473,508,246,260
201807061320_035,18,15,Miscboat,384,402,250,265
201807061320_036,20,16,Miscboat,449,469,245,261
201807061320_037,22,18,Miscboat,447,469,246,264
201807061320_038,45,18,Miscboat,396,441,248,266
201807061320_039,49,19,Miscboat,414,463,246,265
201807061320_040,53,20,Miscboat,422,475,245,265
201807061320_041,42,23,Miscboat,416,458,242,265
201807061320_035,32,19,Passengership,403,435,246,265
201807061320_036,44,20,Passengership,465,509,242,262
201807061320_037,42,15,Passengership,467,509,247,262
201807061320_038,35,16,Passengership,444,479,250,266
201807061320_039,38,18,Passengership,464,502,248,266
201807061320_040,42,20,Passengership,478,520,247,267
201807061320_041,52,25,Passengership,477,529,238,263
201807061320_042,67,90,Miscboat,987,1054,203,293
201807061320_043,110,138,Miscboat,1020,1130,176,314
201807061320_044,158,237,Miscboat,1122,1280,120,357
201807061320_040,27,43,Sailboat,628,655,224,267
201807061320_041,29,46,Sailboat,650,679,217,263
201807061320_042,43,70,Sailboat,573,616,201,271
201807061320_043,49,82,Sailboat,410,459,191,273
201807061320_045,4,23,Seamark,854,858,266,289
201807061320_046,6,33,Seamark,792,798,275,308
201807061320_047,20,71,Seamark,93,113,299,370
201807061320_045,8,41,Seamark,1053,1061,274,315
201807061320_046,11,70,Seamark,1223,1234,297,367
201807061320_043,47,36,Sailboat,798,845,239,275
201807061320_044,49,42,Sailboat,708,757,234,276
201807061320_042,12,14,Motorboat,832,844,256,270
201807061320_043,18,17,Motorboat,718,736,254,271
201807061320_044,19,20,Motorboat,609,628,252,272
201807061320_045,30,26,Motorboat,609,639,253,279
201807061320_046,41,44,Motorboat,449,490,249,293
201807061320_048,34,153,Sailboat,683,717,142,295
201807061320_049,43,182,Sailboat,1238,1281,124,306
201807061320_048,45,181,Sailboat,583,628,111,292
201807061320_049,51,207,Sailboat,1137,1188,97,304
201807061320_049,8,15,Seamark,169,177,271,286
201807061320_050,8,27,Seamark,190,198,262,289
201807061320_052,5,15,Seamark,472,477,258,273
201807061320_053,6,16,Seamark,363,369,259,275
201807061320_054,9,29,Seamark,21,30,266,295
201807061320_051,6,15,Seamark,1219,1225,268,283
201807061320_052,9,21,Seamark,977,986,259,280
201807061320_053,9,29,Seamark,1085,1094,261,290
201807061320_054,18,59,Seamark,1107,1125,256,315
201807061320_055,29,94,Seamark,1141,1170,255,349
201807061320_054,4,8,Seamark,993,997,259,267
201807061320_055,4,9,Seamark,799,803,256,265
201807061320_056,3,12,Seamark,763,766,255,267
201807061320_057,5,14,Seamark,718,723,253,267
201807061320_058,6,14,Seamark,694,700,255,269
201807061320_059,6,15,Seamark,691,697,255,270
201807061320_060,8,20,Seamark,769,777,251,271
201807061320_061,10,28,Seamark,783,793,249,277
201807061320_062,10,37,Seamark,882,892,247,284
201807061320_063,18,59,Seamark,1028,1046,243,302
201807061320_054,4,8,Seamark,724,728,256,264
201807061320_055,4,8,Seamark,504,508,257,265
201807061320_056,6,15,Seamark,441,447,254,269
201807061320_057,5,14,Seamark,364,369,255,269
201807061320_058,6,13,Seamark,302,308,258,271
201807061320_059,5,16,Seamark,242,247,262,278
201807061320_060,7,22,Seamark,178,185,264,286
201807061320_061,9,29,Seamark,18,27,268,297
201807061320_055,4,7,Seamark,716,720,255,262
201807061320_056,4,8,Seamark,671,675,254,262
201807061320_057,3,7,Seamark,617,620,255,262
201807061320_058,3,7,Seamark,583,586,255,262
201807061320_059,3,8,Seamark,567,570,255,263
201807061320_060,4,11,Seamark,610,614,252,263
201807061320_061,5,12,Seamark,578,583,250,262
201807061320_062,4,12,Seamark,630,634,251,263
201807061320_063,7,15,Seamark,682,689,251,266
201807061320_064,8,20,Seamark,714,722,249,269
201807061320_065,8,22,Seamark,901,909,248,270
201807061320_066,10,31,Seamark,1082,1092,244,275
201807061320_054,5,8,Sailboat,804,809,253,261
201807061320_055,7,11,Sailboat,604,611,250,261
201807061320_056,6,10,Sailboat,571,577,251,261
201807061320_057,6,10,Sailboat,527,533,251,261
201807061320_058,8,11,Sailboat,500,508,252,263
201807061320_059,7,10,Sailboat,487,494,253,263
201807061320_060,6,9,Sailboat,545,551,251,260
201807061320_061,6,13,Sailboat,513,519,247,260
201807061320_062,7,14,Sailboat,560,567,248,262
201807061320_063,6,13,Sailboat,600,606,248,261
201807061320_064,8,16,Sailboat,598,606,247,263
201807061320_065,8,20,Sailboat,734,742,243,263
201807061320_066,8,23,Sailboat,849,857,240,263
201807061320_067,12,37,Sailboat,989,1001,234,271
201807061320_068,32,64,Sailboat,1208,1240,232,296
201807061320_055,3,7,Seamark,518,521,255,262
201807061320_056,3,9,Seamark,462,465,255,264
201807061320_057,3,8,Seamark,394,397,255,263
201807061320_058,4,7,Seamark,346,350,258,265
201807061320_059,4,10,Seamark,311,315,260,270
201807061320_060,4,9,Seamark,316,320,260,269
201807061320_061,5,11,Seamark,248,253,260,271
201807061320_062,4,11,Seamark,268,272,262,273
201807061320_063,4,10,Seamark,283,287,263,273
201807061320_064,7,16,Seamark,216,223,264,280
201807061320_065,8,20,Seamark,324,332,259,279
201807061320_066,7,23,Seamark,400,407,256,279
201807061320_067,12,31,Seamark,397,409,258,289
201807061320_068,17,62,Seamark,230,247,261,323
201807061320_064,23,71,Sailboat,289,312,215,286
201807061320_065,45,110,Sailboat,203,248,195,305
201807061320_057,3,6,Seamark,628,631,254,260
201807061320_058,3,7,Seamark,595,598,254,261
201807061320_059,3,8,Seamark,582,585,254,262
201807061320_060,3,7,Seamark,628,631,252,259
201807061320_061,3,8,Seamark,601,604,250,258
201807061320_062,3,9,Seamark,657,660,250,259
201807061320_063,5,10,Seamark,713,718,250,260
201807061320_064,6,11,Seamark,743,749,248,259
201807061320_065,7,12,Seamark,921,928,246,258
201807061320_066,4,15,Seamark,1073,1077,245,260
201807061320_067,7,17,Seamark,1239,1246,248,265
201807061320_063,5,5,Miscboat,706,711,249,254
201807061320_064,6,6,Miscboat,719,725,249,255
201807061320_065,5,5,Miscboat,884,889,246,251
201807061320_066,5,7,Miscboat,1010,1015,244,251
201807061320_070,9,9,Motorboat,425,434,265,274
201807061320_071,25,9,Motorboat,444,469,266,275
201807061320_001,31,16,Boat,314,345,297,313
201807061320_002,274,68,Boat,1005,1279,287,355
201807061320_032,23,11,Miscboat,531,554,250,261
201807061320_038,46,13,Boat,522,568,254,267
201807061320_041,39,15,Miscboat,331,370,250,265
201807061320_041,19,10,Boat,454,473,252,262
201807061320_050,128,110,Sailboat,1102,1230,176,286
201807061320_000,192,270,Sailboat,932,1124,56,326
201807061320_000,167,259,Sailboat,1025,1192,79,338
201807061320_001,108,322,Sailboat,154,262,1,323
201807061320_045,87,148,Sailboat,39,126,149,297
201807061320_046,104,175,Sailboat,646,750,125,300
201807061320_071,88,162,Sailboat,42,130,145,307
201807061320_071,60,154,Sailboat,10,70,156,310
201807061320_000,175,147,Passengership,0,175,195,342
201807061320_048,108,103,Passengership,806,914,183,286
201807061320_001,89,68,Motorboat,275,364,230,298
201807061320_013,79,50,Boat,1103,1182,299,349
201807061320_034,55,78,Motorboat,0,55,274,352
201807061320_046,32,31,Miscboat,104,136,266,297
201807061320_045,18,14,Boat,570,588,264,278
201807061320_063,15,39,Sailboat,435,450,231,270
201807061320_014,167,82,Militaryship,763,930,200,282
201807061320_019,52,9,Miscboat,579,631,251,260
201807061320_025,142,27,Miscboat,2,144,255,282
201807061320_022,7,21,Seamark,100,107,258,279
201807061320_031,5,28,Seamark,133,138,263,291
201807061320_031,8,14,Seamark,99,107,265,279
201807061320_033,4,10,Seamark,74,78,262,272
201807061320_051,4,9,Seamark,852,856,259,268
201807061320_052,3,8,Seamark,1150,1153,263,271
201807061320_052,5,5,Seamark,943,948,260,265
201807061320_054,3,7,Seamark,738,741,253,260
201807061320_054,4,6,Seamark,922,926,256,262
201807061320_054,3,6,Seamark,937,940,256,262
201807061320_055,3,5,Seamark,729,732,255,260
201807061320_071,7,10,Seamark,238,245,294,304
201807061320_070,5,8,Miscellaneous,305,310,281,289
201807061320_069,21,20,Miscellaneous,690,711,381,401
201807061350_000,74,20,Miscboat,197,271,281,301
201807061350_001,97,27,Miscboat,778,875,265,292
201807061350_000,37,119,Sailboat,161,198,184,303
201807061350_001,50,168,Sailboat,723,773,123,291
201807061350_000,156,187,Sailboat,1,157,135,322
201807061350_001,226,300,Sailboat,409,635,40,340
201807061350_002,189,358,Sailboat,869,1058,9,367
201807061350_003,148,331,Sailboat,1064,1212,1,332
201807061350_002,155,341,Sailboat,625,780,8,349
201807061350_003,74,273,Sailboat,971,1045,57,330
201807061350_004,21,76,Sailboat,1171,1192,206,282
201807061350_002,88,208,Sailboat,366,454,127,335
201807061350_003,94,150,Sailboat,691,785,165,315
201807061350_002,159,329,Sailboat,459,618,6,335
201807061350_003,115,263,Sailboat,793,908,58,321
201807061350_002,128,268,Sailboat,230,358,57,325
201807061350_003,81,193,Sailboat,606,687,115,308
201807061350_003,47,21,Motorboat,52,99,273,294
201807061350_004,46,16,Boat,220,266,265,281
201807061350_005,37,15,Boat,618,655,257,272
201807061350_006,30,13,Boat,1043,1073,258,271
201807061350_007,23,9,Boat,1193,1216,248,257
201807061350_008,4,9,Seamark,911,915,258,267
201807061350_009,11,25,Seamark,672,683,250,275
201807061350_010,5,20,Seamark,489,494,257,277
201807061350_011,10,21,Seamark,233,243,264,285
201807061350_005,5,9,Seamark,376,381,264,273
201807061350_006,6,10,Seamark,519,525,262,272
201807061350_007,6,19,Seamark,518,524,256,275
201807061350_008,10,28,Seamark,326,336,259,287
201807061350_004,5,17,Seamark,502,507,257,274
201807061350_005,6,21,Seamark,663,669,254,275
201807061350_006,12,27,Seamark,869,881,250,277
201807061350_007,10,34,Seamark,944,954,242,276
201807061350_008,15,61,Seamark,1010,1025,248,309
201807061350_010,22,11,Miscboat,963,985,258,269
201807061350_011,31,17,Miscboat,723,754,249,266
201807061350_012,67,52,Miscboat,482,549,237,289
201807061350_010,5,21,Seamark,1022,1027,258,279
201807061350_011,10,23,Seamark,852,862,252,275
201807061350_012,14,27,Seamark,829,843,258,285
201807061350_013,21,56,Seamark,1005,1026,245,301
201807061350_010,17,95,Sailboat,842,859,184,279
201807061350_011,24,132,Sailboat,618,642,152,284
201807061350_016,4,11,Seamark,164,168,273,284
201807061350_017,6,27,Seamark,42,48,263,290
201807061350_016,6,19,Seamark,717,723,251,270
201807061350_017,8,25,Seamark,731,739,253,278
201807061350_018,17,35,Seamark,710,727,255,290
201807061350_019,23,60,Seamark,868,891,257,317
201807061350_020,20,14,Boat,652,672,256,270
201807061350_021,23,18,Boat,265,288,273,291
201807061350_020,13,11,Motorboat,976,989,253,264
201807061350_021,17,16,Motorboat,872,889,251,267
201807061350_022,27,14,Motorboat,635,662,259,273
201807061350_023,59,37,Motorboat,419,478,267,304
201807061350_013,15,26,Cruiseship,921,936,224,250
201807061350_014,20,29,Cruiseship,757,777,226,255
201807061350_015,17,28,Cruiseship,697,714,228,256
201807061350_016,19,32,Cruiseship,620,639,225,257
201807061350_017,23,33,Cruiseship,609,632,226,259
201807061350_018,21,36,Cruiseship,565,586,225,261
201807061350_019,21,35,Cruiseship,640,661,224,259
201807061350_020,26,40,Cruiseship,619,645,220,260
201807061350_021,28,44,Cruiseship,529,557,220,264
201807061350_022,29,47,Cruiseship,357,386,220,267
201807061350_023,28,52,Cruiseship,337,365,216,268
201807061350_024,30,57,Cruiseship,260,290,217,274
201807061350_025,33,62,Cruiseship,21,54,217,279
201807061350_020,6,16,Seamark,957,963,252,268
201807061350_021,6,17,Seamark,906,912,253,270
201807061350_022,10,22,Seamark,800,810,254,276
201807061350_023,11,29,Seamark,853,864,256,285
201807061350_024,18,53,Seamark,912,930,251,304
201807061350_025,40,129,Seamark,992,1032,245,374
201807061350_021,75,47,Militaryship,1179,1254,231,278
201807061350_022,80,32,Militaryship,1082,1162,235,267
201807061350_023,93,47,Militaryship,1131,1224,221,268
201807061350_024,91,55,Militaryship,1152,1243,218,273
201807061350_025,77,41,Militaryship,1057,1134,226,267
201807061350_026,124,68,Militaryship,1047,1171,196,264
201807061350_027,138,97,Militaryship,1134,1272,185,282
201807061350_025,22,13,Passengership,839,861,250,263
201807061350_026,37,22,Passengership,732,769,243,265
201807061350_027,58,40,Passengership,583,641,244,284
201807061350_028,215,106,Passengership,49,264,243,349
201807061350_029,38,19,Miscboat,313,351,265,284
201807061350_027,10,32,Seamark,800,810,264,296
201807061350_028,8,55,Seamark,912,920,274,329
201807061350_026,8,21,Seamark,787,795,250,271
201807061350_027,12,23,Seamark,821,833,256,279
201807061350_028,9,33,Seamark,880,889,255,288
201807061350_029,22,64,Seamark,898,920,248,312
201807061350_030,13,36,Seamark,1113,1126,272,308
201807061350_031,8,70,Seamark,1258,1266,294,364
201807061350_030,46,41,Passengership,834,880,230,271
201807061350_031,143,71,Passengership,248,391,233,304
201807061350_030,28,25,Passengership,909,937,244,269
201807061350_031,50,34,Passengership,575,625,240,274
201807061350_032,159,77,Passengership,109,268,233,310
201807061350_031,51,17,Motorboat,1016,1067,253,270
201807061350_032,63,17,Motorboat,971,1034,255,272
201807061350_033,78,23,Motorboat,1026,1104,255,278
201807061350_000,31,22,Motorboat,918,949,255,277
201807061350_001,39,18,Motorboat,665,704,271,289
201807061350_001,35,16,Boat,637,672,272,288
201807061350_001,45,23,Miscboat,686,731,271,294
201807061350_010,15,15,Miscboat,1075,1090,256,271
201807061350_032,11,6,Boat,660,671,261,267
201807061350_032,12,6,Motorboat,736,748,256,262
201807061350_032,14,8,Motorboat,750,764,253,261
201807061350_032,15,8,Motorboat,773,788,254,262
201807061350_001,98,150,Sailboat,325,423,160,310
201807061350_001,72,355,Sailboat,31,103,12,367
201807061350_001,82,346,Sailboat,118,200,12,358
201807061350_001,104,349,Sailboat,214,318,5,354
201807061350_002,178,369,Sailboat,1095,1273,15,384
201807061350_002,130,319,Sailboat,785,915,39,358
201807061350_002,108,211,Sailboat,194,302,121,332
201807061350_003,59,144,Sailboat,540,599,163,307
201807061350_003,72,187,Sailboat,458,530,117,304
201807061350_002,128,244,Sailboat,25,153,88,332
201807061350_004,52,77,Sailboat,1200,1252,201,278
201807061350_004,16,36,Sailboat,1053,1069,240,276
201807061350_012,143,378,Sailboat,2,145,5,383
201807061350_033,17,68,Sailboat,636,653,205,273
201807061350_027,38,30,Boat,370,408,281,311
201807061350_031,129,50,Militaryship,1151,1280,246,296
201807061350_032,135,80,Militaryship,1140,1275,216,296
201807061350_004,18,39,Miscellaneous,1248,1266,369,408
201807061350_005,3,8,Seamark,749,752,256,264
201807061350_009,14,161,Seamark,1266,1280,267,428
201807061350_007,9,11,Seamark,987,996,243,254
201807061350_019,13,17,Seamark,309,322,256,273
201807061420_000,24,11,Motorboat,963,987,255,266
201807061420_001,27,15,Motorboat,1189,1216,260,275
201807061420_007,44,39,Militaryship,927,971,251,290
201807061420_008,35,48,Militaryship,1239,1274,275,323
201807061420_007,40,32,Miscboat,867,907,252,284
201807061420_008,70,54,Miscboat,1095,1165,254,308
201807061420_007,35,32,Miscboat,826,861,247,279
201807061420_008,73,47,Miscboat,1011,1084,249,296
201807061420_007,13,21,Miscboat,808,821,255,276
201807061420_008,36,32,Miscboat,969,1005,257,289
201807061420_004,54,63,Cruiseship,262,316,209,272
201807061420_006,56,72,Cruiseship,277,333,206,278
201807061420_007,70,84,Cruiseship,284,354,194,278
201807061420_008,101,106,Cruiseship,271,372,178,284
201807061420_009,192,157,Cruiseship,155,347,151,308
201807061420_010,300,239,Cruiseship,7,307,94,333
201807061420_008,27,48,Militaryship,373,400,225,273
201807061420_009,38,66,Militaryship,368,406,214,280
201807061420_010,66,79,Militaryship,368,434,207,286
201807061420_011,121,129,Militaryship,241,362,174,303
201807061420_010,90,86,Militaryship,298,388,205,291
201807061420_011,140,123,Militaryship,113,253,186,309
201807061420_011,6,6,Motorboat,565,571,258,264
201807061420_012,15,12,Motorboat,544,559,255,267
201807061420_013,14,11,Motorboat,581,595,258,269
201807061420_014,13,10,Motorboat,530,543,264,274
201807061420_015,42,31,Motorboat,341,383,279,310
201807061420_011,24,11,Passengership,512,536,259,270
201807061420_012,26,12,Passengership,474,500,261,273
201807061420_013,29,13,Passengership,485,514,263,276
201807061420_014,55,17,Passengership,375,430,271,288
201807061420_015,115,43,Passengership,113,228,272,315
201807061420_011,25,55,Sailboat,648,673,209,264
201807061420_012,24,57,Sailboat,634,658,208,265
201807061420_013,25,61,Sailboat,672,697,206,267
201807061420_014,28,62,Sailboat,644,672,206,268
201807061420_015,36,87,Sailboat,560,596,186,273
201807061420_007,37,113,Sailboat,358,395,155,268
201807061420_008,60,126,Sailboat,389,449,142,268
201807061420_009,59,148,Sailboat,409,468,123,271
201807061420_010,79,182,Sailboat,451,530,90,272
201807061420_011,134,228,Sailboat,388,522,50,278
201807061420_012,149,276,Sailboat,327,476,10,286
201807061420_013,226,285,Sailboat,255,481,8,293
201807061420_014,357,311,Sailboat,25,382,5,316
201807061420_015,141,334,Sailboat,0,141,1,335
201807061420_001,43,14,Motorboat,1138,1181,258,272
201807061420_001,29,14,Motorboat,1086,1115,257,271
201807061420_001,48,52,Sailboat,1019,1067,220,272
201807061420_011,102,302,Cruiseship,0,102,32,334
201807061420_000,8,9,Boat,773,781,258,267
201807061420_000,12,6,Motorboat,743,755,261,267
201807061420_012,217,161,Militaryship,24,241,167,328
201807061420_000,9,17,Seamark,697,706,254,271
201807061450_000,70,55,Passengership,456,526,238,293
201807061450_001,128,106,Miscboat,54,182,217,323
201807061450_001,11,8,Boat,592,603,261,269
201807061450_002,28,15,Boat,381,409,271,286
201807061450_001,21,22,Miscboat,480,501,249,271
201807061450_002,36,18,Miscboat,358,394,259,277
201807061450_003,45,23,Miscboat,177,222,269,292
201807061450_004,75,94,Miscboat,0,75,230,324
201807061450_001,25,85,Sailboat,501,526,185,270
201807061450_002,51,108,Sailboat,385,436,166,274
201807061450_003,78,148,Sailboat,224,302,138,286
201807061450_004,130,251,Sailboat,88,218,60,311
201807061450_002,57,108,Sailboat,697,754,142,250
201807061450_003,58,143,Sailboat,667,725,118,261
201807061450_004,128,198,Sailboat,728,856,59,257
201807061450_005,115,177,Sailboat,738,853,69,246
201807061450_006,115,210,Sailboat,772,887,47,257
201807061450_007,78,246,Sailboat,849,927,12,258
201807061450_008,203,234,Sailboat,829,1032,8,242
201807061450_009,245,290,Sailboat,851,1096,0,290
201807061450_010,387,388,Sailboat,893,1280,0,388
201807061450_002,19,6,Ferry,691,710,255,261
201807061450_003,30,10,Ferry,659,689,254,264
201807061450_004,36,14,Ferry,736,772,252,266
201807061450_005,49,16,Ferry,740,789,255,271
201807061450_006,58,20,Ferry,776,834,258,278
201807061450_007,71,23,Ferry,829,900,259,282
201807061450_008,124,40,Ferry,846,970,257,297
201807061450_009,66,55,Militaryship,838,904,218,273
201807061450_010,109,100,Militaryship,815,924,188,288
201807061450_011,265,152,Militaryship,821,1086,152,304
201807061450_012,307,219,Militaryship,974,1281,137,356
201807061450_009,155,53,Ferry,960,1115,267,320
201807061450_008,40,66,Cruiseship,833,873,201,267
201807061450_009,72,67,Cruiseship,812,884,200,267
201807061450_010,61,142,Cruiseship,757,818,133,275
201807061450_011,154,119,Cruiseship,694,848,159,278
201807061450_012,223,173,Cruiseship,737,960,121,294
201807061450_013,391,337,Cruiseship,889,1280,1,338
201807061450_014,382,380,Cruiseship,898,1280,0,380
201807061450_013,37,24,Miscboat,323,360,257,281
201807061450_014,50,31,Miscboat,86,136,267,298
201807061450_013,22,15,Motorboat,797,819,246,261
201807061450_014,24,16,Motorboat,694,718,248,264
201807061450_015,22,15,Motorboat,757,779,248,263
201807061450_016,43,22,Motorboat,820,863,244,266
201807061450_017,36,19,Motorboat,724,760,246,265
201807061450_018,33,17,Motorboat,634,667,248,265
201807061450_013,25,15,Miscboat,442,467,257,272
201807061450_014,38,21,Miscboat,263,301,258,279
201807061450_016,23,11,Motorboat,352,375,253,264
201807061450_017,30,15,Motorboat,184,214,256,271
201807061450_016,75,10,Miscboat,620,695,252,262
201807061450_017,82,11,Miscboat,493,575,253,264
201807061450_018,90,12,Miscboat,379,469,253,265
201807061450_019,100,15,Miscboat,197,297,258,273
201807061450_016,28,14,Motorboat,826,854,249,263
201807061450_019,37,17,Motorboat,491,528,250,267
201807061450_020,42,23,Motorboat,392,434,247,270
201807061450_021,47,25,Motorboat,209,256,253,278
201807061450_022,57,29,Motorboat,42,99,257,286
201807061450_020,67,16,Militaryship,760,827,248,264
201807061450_021,43,15,Militaryship,678,721,250,265
201807061450_022,47,16,Militaryship,589,636,250,266
201807061450_023,117,36,Militaryship,343,460,240,276
201807061450_020,36,24,Militaryship,834,870,237,261
201807061450_021,30,26,Militaryship,770,800,238,264
201807061450_022,32,28,Militaryship,689,721,237,265
201807061450_023,41,41,Militaryship,474,515,229,270
201807061450_022,52,58,Militaryship,773,825,209,267
201807061450_023,65,71,Militaryship,580,645,197,268
201807061450_024,73,51,Militaryship,127,200,228,279
201807061450_021,62,46,Militaryship,878,940,212,258
201807061450_022,77,63,Militaryship,819,896,203,266
201807061450_023,115,73,Militaryship,612,727,190,263
201807061450_024,141,86,Militaryship,174,315,186,272
201807061450_025,115,86,Militaryship,1,116,202,288
201807061450_025,5,15,Seamark,284,289,262,277
201807061450_026,5,15,Seamark,206,211,269,284
201807061450_027,4,25,Seamark,86,90,276,301
201807061450_024,5,15,Seamark,525,530,252,267
201807061450_025,6,18,Seamark,384,390,252,270
201807061450_026,6,15,Seamark,343,349,258,273
201807061450_027,7,24,Seamark,281,288,253,277
201807061450_028,7,23,Seamark,208,215,255,278
201807061450_029,8,28,Seamark,92,100,260,288
201807061450_025,7,12,Seamark,226,233,259,271
201807061450_026,8,13,Seamark,168,176,262,275
201807061450_027,9,14,Seamark,126,135,263,277
201807061450_028,4,10,Seamark,83,87,260,270
201807061450_024,13,10,Boat,537,550,258,268
201807061450_026,11,9,Seamark,339,350,264,273
201807061450_025,13,33,Sailboat,268,281,232,265
201807061450_026,14,43,Sailboat,257,271,225,268
201807061450_027,22,69,Sailboat,236,258,207,276
201807061450_028,14,69,Sailboat,213,227,201,270
201807061450_029,23,88,Sailboat,138,161,187,275
201807061450_025,12,13,Passengership,523,535,247,260
201807061450_026,10,14,Passengership,495,505,247,261
201807061450_027,12,17,Passengership,463,475,246,263
201807061450_028,16,22,Passengership,422,438,242,264
201807061450_029,19,23,Passengership,356,375,244,267
201807061450_030,36,39,Passengership,224,260,241,280
201807061450_033,7,11,Seamark,351,358,261,272
201807061450_034,5,15,Seamark,254,259,257,272
201807061450_035,7,21,Seamark,152,159,262,283
201807061450_032,37,18,Passengership,505,542,242,260
201807061450_033,41,20,Passengership,562,603,242,262
201807061450_034,45,22,Passengership,519,564,239,261
201807061450_035,56,29,Passengership,511,567,236,265
201807061450_036,58,20,Passengership,441,499,244,264
201807061450_032,26,20,Miscboat,477,503,241,261
201807061450_033,28,21,Miscboat,532,560,242,263
201807061450_034,31,23,Miscboat,485,516,239,262
201807061450_035,39,28,Miscboat,468,507,238,266
201807061450_036,75,92,Militaryship,1062,1137,199,291
201807061450_037,125,155,Militaryship,1123,1248,162,317
201807061450_037,16,9,Boat,640,656,262,271
201807061450_038,18,10,Boat,392,410,266,276
201807061450_039,20,11,Boat,308,328,276,287
201807061450_040,38,27,Boat,38,76,295,322
201807061450_039,82,15,Motorboat,355,437,274,289
201807061450_040,123,31,Motorboat,130,253,287,318
201807061450_037,18,18,Miscboat,741,759,252,270
201807061450_038,20,21,Miscboat,518,538,253,274
201807061450_039,28,29,Miscboat,494,522,255,284
201807061450_040,57,47,Miscboat,356,413,255,302
201807061450_046,6,15,Seamark,840,846,252,267
201807061450_047,15,23,Seamark,407,422,255,278
201807061450_046,6,18,Seamark,1239,1245,255,273
201807061450_047,7,20,Seamark,951,958,249,269
201807061450_048,8,22,Seamark,1078,1086,255,277
201807061450_049,18,65,Seamark,994,1012,238,303
201807061450_050,37,106,Seamark,1104,1141,234,340
201807061450_049,23,13,Passengership,527,550,256,269
201807061450_050,30,19,Passengership,310,340,263,282
201807061450_051,65,27,Passengership,56,121,280,307
201807061450_049,9,37,Sailboat,632,641,224,261
201807061450_050,7,35,Sailboat,505,512,230,265
201807061450_051,17,68,Sailboat,458,475,208,276
201807061450_052,18,72,Sailboat,445,463,205,277
201807061450_053,21,100,Sailboat,352,373,185,285
201807061450_051,4,5,Seamark,494,498,257,262
201807061450_052,8,11,Seamark,531,539,254,265
201807061450_053,8,11,Seamark,528,536,253,264
201807061450_054,7,10,Seamark,360,367,268,278
201807061450_055,11,10,Motorboat,501,512,255,265
201807061450_056,17,9,Motorboat,490,507,253,262
201807061450_057,10,9,Miscellaneous,499,509,257,266
201807061450_058,14,11,Motorboat,536,550,251,262
201807061450_059,20,9,Motorboat,605,625,249,258
201807061450_060,19,7,Motorboat,691,710,249,256
201807061450_061,17,8,Motorboat,721,738,248,256
201807061450_062,21,9,Motorboat,691,712,246,255
201807061450_063,9,9,Miscboat,749,758,250,259
201807061450_064,10,10,Miscboat,826,836,247,257
201807061450_065,11,11,Miscboat,1001,1012,241,252
201807061450_066,6,7,Miscboat,1223,1229,249,256
201807061450_051,6,12,Seamark,744,750,247,259
201807061450_052,7,18,Seamark,806,813,244,262
201807061450_053,6,16,Seamark,830,836,244,260
201807061450_054,5,15,Seamark,725,730,257,272
201807061450_055,10,43,Seamark,857,867,237,280
201807061450_056,19,26,Seamark,883,902,247,273
201807061450_057,9,36,Seamark,939,948,247,283
201807061450_054,15,9,Miscboat,541,556,255,264
201807061450_055,19,10,Miscboat,665,684,246,256
201807061450_056,13,12,Seamark,668,681,256,268
201807061450_057,5,13,Seamark,673,678,256,269
201807061450_058,6,14,Seamark,685,691,255,269
201807061450_059,13,26,Seamark,733,746,244,270
201807061450_060,9,20,Seamark,799,808,249,269
201807061450_061,10,22,Seamark,822,832,253,275
201807061450_062,11,24,Seamark,786,797,254,278
201807061450_063,19,54,Seamark,876,895,249,303
201807061450_049,4,12,Seamark,846,850,245,257
201807061450_050,6,13,Seamark,745,751,243,256
201807061450_052,5,12,Seamark,807,812,247,259
201807061450_053,4,12,Seamark,833,837,248,260
201807061450_054,9,21,Seamark,723,732,253,274
201807061450_055,8,19,Seamark,859,867,248,267
201807061450_056,9,27,Seamark,889,898,245,272
201807061450_057,15,58,Seamark,937,952,235,293
201807061450_058,16,60,Seamark,1116,1132,235,295
201807061450_053,7,16,Seamark,436,443,255,271
201807061450_054,8,18,Seamark,262,270,268,286
201807061450_055,8,23,Seamark,289,297,265,288
201807061450_056,8,28,Seamark,179,187,270,298
201807061450_054,4,21,Seamark,265,269,267,288
201807061450_056,15,33,Seamark,174,189,268,301
201807061450_057,12,34,Seamark,70,82,278,312
201807061450_055,4,7,Seamark,708,712,250,257
201807061450_056,4,13,Seamark,686,690,247,260
201807061450_057,4,12,Seamark,685,689,249,261
201807061450_058,4,11,Seamark,698,702,248,259
201807061450_059,8,16,Seamark,746,754,246,262
201807061450_060,7,15,Seamark,805,812,245,260
201807061450_061,6,14,Seamark,816,822,249,263
201807061450_062,6,20,Seamark,756,762,243,263
201807061450_063,10,25,Seamark,782,792,247,272
201807061450_064,9,23,Seamark,876,885,248,271
201807061450_065,10,33,Seamark,1138,1148,243,276
201807061450_055,11,11,Boat,417,428,266,277
201807061450_056,21,17,Boat,247,268,278,295
201807061450_054,4,15,Seamark,330,334,264,279
201807061450_055,6,16,Seamark,403,409,255,271
201807061450_056,9,14,Seamark,349,358,262,276
201807061450_057,11,14,Seamark,317,328,265,279
201807061450_054,15,28,Sailboat,428,443,243,271
201807061450_055,19,35,Sailboat,505,524,232,267
201807061450_056,17,56,Sailboat,443,460,216,272
201807061450_057,23,83,Sailboat,388,411,199,282
201807061450_052,6,22,Sailboat,591,597,237,259
201807061450_053,6,23,Sailboat,583,589,233,256
201807061450_054,12,35,Sailboat,433,445,236,271
201807061450_055,10,32,Sailboat,511,521,233,265
201807061450_058,32,121,Sailboat,241,273,172,293
201807061450_059,66,200,Sailboat,47,113,117,317
201807061450_056,4,12,Seamark,355,359,264,276
201807061450_058,6,15,Seamark,275,281,266,281
201807061450_059,6,18,Seamark,279,285,262,280
201807061450_061,8,22,Seamark,222,230,267,289
201807061450_062,8,28,Seamark,59,67,270,298
201807061450_061,13,8,Boat,422,435,268,276
201807061450_062,15,10,Boat,242,257,273,283
201807061450_058,17,22,Miscboat,299,316,262,284
201807061450_059,22,39,Miscboat,243,265,251,290
201807061450_060,60,36,Miscboat,46,106,284,320
201807061450_063,19,10,Boat,316,335,276,286
201807061450_064,50,32,Boat,59,109,288,320
201807061450_055,4,10,Seamark,695,699,251,261
201807061450_056,4,11,Seamark,675,679,254,265
201807061450_057,4,12,Seamark,671,675,252,264
201807061450_058,5,15,Seamark,685,690,250,265
201807061450_059,7,18,Seamark,737,744,248,266
201807061450_063,11,36,Seamark,882,893,249,285
201807061450_064,35,121,Seamark,1227,1262,241,362
201807061450_068,15,8,Motorboat,833,848,249,257
201807061450_069,22,11,Motorboat,1224,1246,253,264
201807061450_067,17,11,Motorboat,110,127,278,289
201807061450_068,16,10,Motorboat,472,488,264,274
201807061450_069,25,12,Motorboat,741,766,258,270
201807061450_002,12,6,Boat,682,694,257,263
201807061450_014,63,31,Miscboat,141,204,260,291
201807061450_014,34,38,Miscboat,208,242,247,285
201807061450_032,15,20,Boat,462,477,241,261
201807061450_042,166,76,Motorboat,0,166,267,343
201807061450_044,163,58,Miscboat,1105,1268,237,295
201807061450_044,95,39,Miscboat,1003,1098,246,285
201807061450_051,12,9,Motorboat,600,612,252,261
201807061450_069,60,16,Motorboat,303,363,271,287
201807061450_069,37,82,Sailboat,270,307,202,284
201807061450_069,30,23,Motorboat,236,266,262,285
201807061450_069,21,141,Sailboat,200,221,153,294
201807061450_069,24,122,Sailboat,170,194,172,294
201807061450_069,28,115,Sailboat,136,164,183,298
201807061450_069,19,81,Sailboat,117,136,213,294
201807061450_069,27,118,Sailboat,96,123,180,298
201807061450_069,23,106,Sailboat,66,89,194,300
201807061450_069,34,121,Sailboat,40,74,182,303
201807061450_069,21,105,Sailboat,2,23,198,303
201807061450_069,27,81,Sailboat,17,44,223,304
201807061450_001,95,229,Sailboat,939,1034,89,318
201807061450_017,24,53,Sailboat,241,265,215,268
201807061450_017,22,46,Sailboat,282,304,221,267
201807061450_017,21,45,Sailboat,314,335,221,266
201807061450_025,7,33,Sailboat,362,369,229,262
201807061450_037,55,92,Sailboat,418,473,183,275
201807061450_040,125,210,Sailboat,579,704,100,310
201807061450_043,286,397,Sailboat,981,1267,1,398
201807061450_043,31,158,Sailboat,407,438,143,301
201807061450_043,46,186,Sailboat,310,356,117,303
201807061450_000,66,53,Passengership,330,396,238,291
201807061450_000,172,59,Motorboat,1040,1212,290,349
201807061450_000,102,280,Sailboat,102,204,34,314
201807061450_000,192,63,Motorboat,947,1139,273,336
201807061450_000,98,53,Motorboat,200,298,250,303
201807061450_001,125,55,Motorboat,1088,1213,302,357
201807061450_025,34,22,Motorboat,177,211,278,300
201807061450_039,85,66,Sailboat,629,714,222,288
201807061450_043,60,42,Motorboat,693,753,297,339
201807061450_048,48,27,Motorboat,11,59,306,333
201807061450_007,137,88,Miscboat,1143,1280,237,325
201807061450_025,4,6,Sailboat,205,209,260,266
201807061450_033,5,9,Sailboat,60,65,263,272
201807061450_039,6,44,Seamark,951,957,274,318
201807061450_040,9,38,Seamark,759,768,280,318
201807061450_043,19,102,Seamark,607,626,326,428
201807061450_044,6,21,Seamark,275,281,264,285
201807061450_049,5,8,Seamark,569,574,255,263
201807061450_052,4,10,Seamark,485,489,255,265
201807061450_009,115,37,Miscboat,906,1021,279,316
201807061450_024,15,32,Sailboat,373,388,229,261
201807061450_045,5,20,Seamark,129,134,268,288
201807061450_045,9,29,Seamark,268,277,265,294
201807061450_045,5,11,Seamark,203,208,268,279
201807061450_048,7,23,Seamark,314,321,262,285
201807061450_048,9,34,Seamark,1075,1084,247,281
201807061450_048,13,11,Miscboat,892,905,246,257
201807061450_048,3,10,Seamark,882,885,248,258
201807061450_048,7,7,Seamark,941,948,251,258
201807061450_048,16,11,Motorboat,992,1008,245,256
201807061450_048,6,6,Miscboat,1024,1030,244,250
201807061450_048,3,10,Seamark,1120,1123,248,258
201807061450_051,6,3,Seamark,368,374,261,264
201807061450_051,5,10,Seamark,421,426,261,271
201807061450_051,3,4,Seamark,557,560,255,259
201807061450_051,3,4,Seamark,658,661,253,257
201807061450_054,7,16,Seamark,586,593,250,266
201807061450_054,6,12,Seamark,599,605,252,264
201807061450_054,3,5,Seamark,618,621,257,262
201807061450_057,10,12,Miscboat,379,389,264,276
201807061450_060,8,21,Seamark,281,289,266,287
201807061450_060,10,9,Seamark,484,494,261,270
201807061450_060,7,12,Seamark,601,608,249,261
201807061450_063,23,11,Boat,416,439,266,277
201807061520_001,57,20,Miscboat,550,607,271,291
201807061520_002,97,40,Miscboat,782,879,267,307
201807061520_001,30,108,Sailboat,511,541,182,290
201807061520_002,52,212,Sailboat,730,782,98,310
201807061520_001,149,186,Sailboat,277,426,126,312
201807061520_002,204,361,Sailboat,354,558,13,374
201807061520_000,76,20,Motorboat,502,578,270,290
201807061520_001,125,28,Motorboat,383,508,285,313
201807061520_002,293,91,Motorboat,419,712,295,386
201807061520_000,45,237,Sailboat,369,414,68,305
201807061520_001,71,317,Sailboat,203,274,7,324
201807061520_002,138,401,Sailboat,141,279,1,402
201807061520_000,41,222,Boat,305,346,84,306
201807061520_001,49,297,Sailboat,130,179,26,323
201807061520_002,124,176,Sailboat,267,391,154,330
201807061520_003,28,51,Sailboat,392,420,232,283
201807061520_004,25,50,Sailboat,1185,1210,220,270
201807061520_004,7,17,Seamark,637,644,254,271
201807061520_005,10,31,Seamark,1029,1039,239,270
201807061520_006,8,30,Seamark,986,994,244,274
201807061520_007,18,41,Seamark,1019,1037,257,298
201807061520_008,35,98,Seamark,1190,1225,234,332
201807061520_008,10,25,Seamark,827,837,239,264
201807061520_009,10,21,Seamark,339,349,263,284
201807061520_010,7,24,Seamark,208,215,273,297
201807061520_006,8,23,Seamark,543,551,254,277
201807061520_007,7,26,Seamark,360,367,261,287
201807061520_008,24,51,Seamark,177,201,257,308
201807061520_009,8,23,Seamark,852,860,251,274
201807061520_010,8,30,Seamark,885,893,250,280
201807061520_011,21,52,Seamark,846,867,247,299
201807061520_012,31,101,Seamark,860,891,246,347
201807061520_005,195,66,Passengership,187,382,233,299
201807061520_006,134,50,Passengership,656,790,224,274
201807061520_007,68,33,Passengership,967,1035,242,275
201807061520_008,54,44,Passengership,1099,1153,221,265
201807061520_009,31,21,Passengership,800,831,243,264
201807061520_010,25,13,Passengership,870,895,250,263
201807061520_011,30,24,Passengership,820,850,243,267
201807061520_012,23,12,Passengership,755,778,253,265
201807061520_013,21,11,Passengership,744,765,248,259
201807061520_014,29,23,Passengership,810,839,237,260
201807061520_015,22,12,Passengership,889,911,244,256
201807061520_016,32,14,Passengership,883,915,244,258
201807061520_017,38,15,Passengership,977,1015,240,255
201807061520_018,33,9,Passengership,1131,1164,247,256
201807061520_019,30,8,Passengership,1104,1134,248,256
201807061520_011,7,15,Seamark,551,558,256,271
201807061520_012,13,24,Seamark,386,399,259,283
201807061520_013,12,22,Seamark,260,272,262,284
201807061520_014,11,20,Seamark,183,194,267,287
201807061520_014,14,26,Sailboat,641,655,241,267
201807061520_015,22,43,Sailboat,571,593,231,274
201807061520_016,25,55,Sailboat,384,409,232,287
201807061520_017,68,135,Sailboat,99,167,199,334
201807061520_013,6,15,Seamark,698,704,250,265
201807061520_014,10,22,Seamark,701,711,249,271
201807061520_015,6,23,Seamark,715,721,250,273
201807061520_016,10,29,Seamark,676,686,253,282
201807061520_017,23,57,Seamark,722,745,246,303
201807061520_018,25,72,Seamark,874,899,248,320
201807061520_017,9,23,Seamark,864,873,245,268
201807061520_018,4,19,Seamark,956,960,243,262
201807061520_019,4,17,Seamark,862,866,249,266
201807061520_020,15,29,Seamark,760,775,247,276
201807061520_021,7,27,Seamark,803,810,247,274
201807061520_022,8,30,Seamark,746,754,251,281
201807061520_023,33,62,Seamark,749,782,240,302
201807061520_024,14,58,Seamark,785,799,246,304
201807061520_025,35,97,Seamark,848,883,242,339
201807061520_011,15,29,Cruiseship,855,870,230,259
201807061520_012,15,31,Cruiseship,726,741,231,262
201807061520_013,16,28,Cruiseship,646,662,229,257
201807061520_014,24,33,Cruiseship,638,662,226,259
201807061520_015,25,35,Cruiseship,630,655,225,260
201807061520_016,19,34,Cruiseship,578,597,227,261
201807061520_017,27,43,Cruiseship,610,637,220,263
201807061520_018,27,42,Cruiseship,667,694,218,260
201807061520_019,26,40,Cruiseship,515,541,224,264
201807061520_020,36,55,Cruiseship,360,396,219,274
201807061520_021,41,62,Cruiseship,327,368,213,275
201807061520_022,30,49,Cruiseship,237,267,226,275
201807061520_023,35,62,Cruiseship,208,243,220,282
201807061520_024,34,61,Cruiseship,171,205,219,280
201807061520_025,25,62,Cruiseship,136,161,220,282
201807061520_026,40,74,Cruiseship,78,118,220,294
201807061520_026,26,14,Boat,605,631,265,279
201807061520_027,28,13,Boat,411,439,275,288
201807061520_026,8,20,Seamark,1065,1073,255,275
201807061520_027,9,22,Seamark,1059,1068,254,276
201807061520_028,10,24,Seamark,1037,1047,256,280
201807061520_029,23,32,Seamark,1139,1162,250,282
201807061520_026,11,18,Seamark,904,915,252,270
201807061520_027,12,20,Seamark,874,886,250,270
201807061520_028,13,22,Seamark,791,804,254,276
201807061520_029,19,34,Seamark,800,819,248,282
201807061520_030,13,41,Seamark,860,873,244,285
201807061520_031,21,51,Seamark,857,878,251,302
201807061520_032,39,104,Seamark,808,847,235,339
201807061520_033,66,231,Seamark,1094,1160,232,463
201807061520_029,17,45,Seamark,805,822,272,317
201807061520_030,17,79,Seamark,925,942,271,350
201807061520_019,58,29,Militaryship,1161,1219,225,254
201807061520_020,75,44,Militaryship,1067,1142,217,261
201807061520_021,96,56,Militaryship,1102,1198,208,264
201807061520_022,86,38,Militaryship,1052,1138,218,256
201807061520_023,100,62,Militaryship,1073,1173,208,270
201807061520_024,126,78,Militaryship,1076,1202,199,277
201807061520_025,102,47,Militaryship,1117,1219,212,259
201807061520_026,107,56,Militaryship,1145,1252,211,267
201807061520_027,158,86,Militaryship,1113,1271,198,284
201807061520_028,135,88,Militaryship,1095,1230,180,268
201807061520_025,25,11,Passengership,1071,1096,244,255
201807061520_026,45,23,Passengership,1037,1082,241,264
201807061520_027,60,30,Passengership,954,1014,236,266
201807061520_028,56,19,Passengership,760,816,245,264
201807061520_029,95,49,Passengership,581,676,230,279
201807061520_030,146,59,Passengership,431,577,228,287
201807061520_031,220,144,Passengership,7,227,189,333
201807061520_029,20,19,Passengership,1016,1036,239,258
201807061520_030,48,38,Passengership,1024,1072,227,265
201807061520_031,45,36,Passengership,976,1021,233,269
201807061520_032,42,34,Passengership,835,877,235,269
201807061520_033,46,30,Passengership,833,879,242,272
201807061520_034,70,46,Passengership,573,643,240,286
201807061520_032,10,14,Boat,998,1008,248,262
201807061520_033,16,10,Boat,1014,1030,257,267
201807061520_034,15,9,Boat,811,826,262,271
201807061520_035,81,40,Boat,104,185,326,366
201807061520_035,57,21,Motorboat,1027,1084,247,268
201807061520_036,63,16,Motorboat,1064,1127,247,263
201807061520_037,76,19,Motorboat,1133,1209,249,268
201807061520_035,8,13,Seamark,686,694,254,267
201807061520_036,9,14,Seamark,652,661,251,265
201807061520_037,10,15,Seamark,616,626,252,267
201807061520_038,14,23,Seamark,562,576,251,274
201807061520_000,31,154,Sailboat,7,38,170,324
201807061520_000,37,162,Sailboat,39,76,159,321
201807061520_000,20,136,Sailboat,167,187,173,309
201807061520_000,33,175,Sailboat,214,247,134,309
201807061520_000,21,133,Sailboat,193,214,174,307
201807061520_000,32,186,Sailboat,131,163,131,317
201807061520_000,41,191,Sailboat,258,299,114,305
201807061520_000,33,170,Sailboat,81,114,148,318
201807061520_003,50,20,Motorboat,621,671,256,276
201807061520_003,34,90,Sailboat,512,546,196,286
201807061520_019,19,35,Sailboat,458,477,237,272
201807061520_038,16,15,Boat,430,446,266,281
201807061520_002,104,400,Sailboat,34,138,1,401
201807061520_001,52,264,Sailboat,67,119,67,331
201807061520_001,46,239,Sailboat,8,54,97,336
201807061520_038,33,51,Sailboat,652,685,216,267
201807061520_038,35,24,Miscboat,203,238,265,289
201807061520_000,19,17,Motorboat,1196,1215,253,270
201807061520_002,48,26,Motorboat,648,696,276,302
201807061520_014,38,33,Motorboat,286,324,261,294
201807061520_038,22,11,Motorboat,784,806,250,261
201807061520_038,24,11,Motorboat,737,761,252,263
201807061520_032,104,66,Militaryship,1176,1280,214,280
201807061520_029,40,17,Miscboat,437,477,261,278
201807061520_031,42,17,Miscboat,323,365,268,285
201807061520_035,130,67,Militaryship,1150,1280,218,285
201807061520_003,15,39,Miscellaneous,526,541,344,383
201807061520_003,7,5,Miscellaneous,931,938,283,288
201807061520_005,9,19,Seamark,1076,1085,238,257
201807061520_005,10,22,Seamark,712,722,249,271
201807061520_006,4,11,Seamark,962,966,246,257
201807061520_025,19,56,Cruiseship,161,180,225,281
201807061520_033,19,10,Boat,1011,1030,254,264
201807061550_001,30,16,Boat,934,964,255,271
201807061550_002,50,15,Boat,910,960,264,279
201807061550_003,29,21,Boat,786,815,266,287
201807061550_004,24,13,Boat,809,833,264,277
201807061550_005,26,14,Boat,623,649,267,281
201807061550_006,19,12,Boat,628,647,268,280
201807061550_007,15,9,Boat,569,584,268,277
201807061550_008,16,10,Boat,595,611,266,276
201807061550_009,18,11,Boat,580,598,264,275
201807061550_010,10,9,Boat,527,537,266,275
201807061550_011,11,10,Boat,581,592,264,274
201807061550_012,12,11,Boat,532,544,261,272
201807061550_013,12,7,Boat,541,553,266,273
201807061550_006,43,26,Miscboat,989,1032,249,275
201807061550_007,83,52,Miscboat,1185,1268,247,299
201807061550_006,36,36,Miscboat,948,984,239,275
201807061550_007,72,45,Miscboat,1097,1169,245,290
201807061550_006,19,26,Miscboat,927,946,246,272
201807061550_007,39,34,Miscboat,1050,1089,252,286
201807061550_003,50,48,Cruiseship,277,327,228,276
201807061550_004,46,62,Cruiseship,467,513,207,269
201807061550_005,54,76,Cruiseship,402,456,200,276
201807061550_006,58,82,Cruiseship,411,469,194,276
201807061550_007,98,101,Cruiseship,320,418,181,282
201807061550_008,167,145,Cruiseship,238,405,153,298
201807061550_009,297,226,Cruiseship,2,299,108,334
201807061550_010,126,288,Cruiseship,3,129,53,341
201807061550_007,19,49,Militaryship,417,436,225,274
201807061550_008,59,65,Militaryship,394,453,219,284
201807061550_009,56,62,Militaryship,336,392,220,282
201807061550_010,90,80,Militaryship,207,297,218,298
201807061550_010,17,13,Passengership,448,465,261,274
201807061550_011,29,19,Passengership,457,486,261,280
201807061550_012,28,19,Passengership,427,455,260,279
201807061550_013,42,15,Passengership,402,444,269,284
201807061550_014,67,31,Passengership,441,508,260,291
201807061550_015,77,36,Passengership,298,375,270,306
201807061550_016,117,37,Passengership,179,296,278,315
201807061550_010,35,13,Ferry,487,522,258,271
201807061550_011,38,14,Ferry,459,497,260,274
201807061550_012,79,46,Passengership,204,283,275,321
201807061550_007,51,119,Sailboat,423,474,148,267
201807061550_008,57,133,Sailboat,433,490,139,272
201807061550_009,71,176,Sailboat,402,473,95,271
201807061550_010,106,210,Sailboat,309,415,69,279
201807061550_011,134,244,Sailboat,322,456,38,282
201807061550_012,158,277,Sailboat,265,423,1,278
201807061550_013,237,304,Sailboat,163,400,3,307
201807061550_014,446,312,Sailboat,14,460,0,312
201807061550_015,314,347,Sailboat,1,315,1,348
201807061550_016,190,343,Sailboat,12,202,13,356
201807061550_007,16,33,Sailboat,539,555,229,262
201807061550_008,17,42,Sailboat,571,588,224,266
201807061550_009,22,46,Sailboat,571,593,219,265
201807061550_010,20,42,Sailboat,533,553,223,265
201807061550_011,29,66,Sailboat,590,619,205,271
201807061550_012,27,61,Sailboat,596,623,205,266
201807061550_013,25,57,Sailboat,618,643,209,266
201807061550_014,40,99,Sailboat,725,765,174,273
201807061550_015,38,95,Sailboat,649,687,179,274
201807061550_016,36,90,Sailboat,659,695,181,271
201807061550_017,62,149,Sailboat,617,679,138,287
201807061550_018,63,150,Sailboat,785,848,130,280
201807061550_019,80,180,Sailboat,821,901,103,283
201807061550_020,121,252,Sailboat,840,961,48,300
201807061550_021,229,332,Sailboat,942,1171,0,332
201807061550_019,32,9,Passengership,593,625,249,258
201807061550_020,43,12,Passengership,537,580,250,262
201807061550_022,34,20,Motorboat,416,450,261,281
201807061550_023,57,88,Sailboat,330,387,201,289
201807061550_024,52,27,Motorboat,259,311,272,299
201807061550_025,89,37,Motorboat,72,161,282,319
201807061550_020,31,13,Ferry,515,546,255,268
201807061550_021,33,13,Ferry,522,555,254,267
201807061550_022,36,14,Ferry,632,668,251,265
201807061550_023,43,12,Ferry,611,654,253,265
201807061550_020,9,7,Boat,562,571,264,271
201807061550_021,10,8,Boat,522,532,262,270
201807061550_022,10,8,Boat,619,629,260,268
201807061550_023,8,8,Boat,580,588,262,270
201807061550_020,26,37,Miscboat,665,691,233,270
201807061550_021,41,39,Miscboat,654,695,232,271
201807061550_022,44,57,Miscboat,747,791,221,278
201807061550_023,48,63,Miscboat,725,773,220,283
201807061550_024,66,58,Miscboat,730,796,228,286
201807061550_025,80,70,Miscboat,812,892,225,295
201807061550_026,167,249,Miscboat,935,1102,87,336
201807061550_028,86,344,Sailboat,1058,1144,7,351
201807061550_019,15,17,Motorboat,675,690,247,264
201807061550_020,24,24,Motorboat,631,655,241,265
201807061550_021,23,23,Motorboat,622,645,242,265
201807061550_022,22,22,Motorboat,715,737,245,267
201807061550_023,29,32,Motorboat,681,710,243,275
201807061550_024,27,32,Motorboat,684,711,243,275
201807061550_025,42,37,Motorboat,724,766,241,278
201807061550_026,60,71,Motorboat,773,833,225,296
201807061550_027,85,87,Motorboat,853,938,222,309
201807061550_028,143,194,Motorboat,1134,1277,217,411
201807061550_025,68,112,Sailboat,254,322,183,295
201807061550_026,118,173,Sailboat,109,227,146,319
201807061550_025,41,115,Sailboat,321,362,178,293
201807061550_028,81,164,Sailboat,275,356,136,300
201807061550_031,107,194,Sailboat,215,322,120,314
201807061550_025,19,87,Sailboat,454,473,189,276
201807061550_028,38,105,Sailboat,394,432,186,291
201807061550_027,43,16,Ferry,701,744,253,269
201807061550_028,47,18,Ferry,724,771,253,271
201807061550_029,109,34,Ferry,659,768,247,281
201807061550_030,124,37,Ferry,615,739,245,282
201807061550_025,36,19,Motorboat,388,424,262,281
201807061550_026,66,27,Motorboat,328,394,267,294
201807061550_027,77,28,Motorboat,266,343,277,305
201807061550_028,119,38,Motorboat,30,149,294,332
201807061550_028,28,36,Motorboat,851,879,270,306
201807061550_029,126,89,Motorboat,1064,1190,290,379
201807061550_028,47,223,Sailboat,887,934,76,299
201807061550_029,73,281,Sailboat,1024,1097,58,339
201807061550_025,13,13,Passengership,556,569,249,262
201807061550_026,14,14,Passengership,576,590,248,262
201807061550_027,15,15,Passengership,590,605,246,261
201807061550_028,18,14,Passengership,594,612,249,263
201807061550_025,17,74,Sailboat,473,490,200,274
201807061550_028,79,79,Sailboat,426,505,200,279
201807061550_029,115,140,Sailboat,343,458,160,300
201807061550_030,119,158,Sailboat,307,426,142,300
201807061550_031,47,84,Sailboat,307,354,206,290
201807061550_029,23,17,Boat,816,839,290,307
201807061550_030,35,27,Boat,928,963,310,337
201807061550_031,83,54,Boat,1165,1248,371,425
201807061550_029,88,347,Sailboat,934,1022,1,348
201807061550_030,87,331,Sailboat,1058,1145,1,332
201807061550_031,118,418,Sailboat,1161,1279,1,419
201807061550_022,23,82,Sailboat,689,712,183,265
201807061550_025,22,112,Sailboat,683,705,160,272
201807061550_028,43,145,Sailboat,764,807,141,286
201807061550_029,39,42,Passengership,774,813,231,273
201807061550_030,47,29,Passengership,807,854,246,275
201807061550_031,53,46,Passengership,810,863,231,277
201807061550_032,96,89,Passengership,854,950,210,299
201807061550_033,183,112,Passengership,940,1123,211,323
201807061550_029,81,74,Passengership,811,892,209,283
201807061550_030,96,59,Passengership,862,958,223,282
201807061550_031,161,80,Passengership,890,1051,216,296
201807061550_032,185,351,Passengership,1095,1280,11,362
201807061550_029,65,259,Sailboat,893,958,52,311
201807061550_030,121,328,Sailboat,937,1058,1,329
201807061550_028,30,225,Sailboat,811,841,67,292
201807061550_029,61,166,Sailboat,837,898,139,305
201807061550_024,46,15,Ferry,618,664,249,264
201807061550_025,25,17,Ferry,656,681,250,267
201807061550_026,28,19,Ferry,684,712,249,268
201807061550_031,146,44,Ferry,499,645,249,293
201807061550_028,18,19,Miscboat,498,516,253,272
201807061550_029,23,25,Miscboat,473,496,250,275
201807061550_030,27,30,Miscboat,463,490,248,278
201807061550_031,42,27,Miscboat,399,441,255,282
201807061550_032,66,77,Miscboat,274,340,219,296
201807061550_033,98,53,Miscboat,114,212,259,312
201807061550_032,25,58,Passengership,834,859,229,287
201807061550_033,55,66,Passengership,886,941,231,297
201807061550_034,190,166,Passengership,1082,1272,214,380
201807061550_032,40,51,Miscboat,796,836,231,282
201807061550_033,64,35,Miscboat,821,885,250,285
201807061550_034,143,60,Miscboat,893,1036,253,313
201807061550_025,17,22,Passengership,513,530,243,265
201807061550_026,19,24,Passengership,528,547,241,265
201807061550_027,20,25,Passengership,537,557,239,264
201807061550_028,23,18,Passengership,537,560,250,268
201807061550_029,31,24,Passengership,522,553,247,271
201807061550_030,32,23,Passengership,518,550,247,270
201807061550_031,25,22,Passengership,484,509,249,271
201807061550_032,50,46,Passengership,405,455,237,283
201807061550_033,56,37,Passengership,341,397,248,285
201807061550_034,82,55,Passengership,161,243,250,305
201807061550_035,146,117,Passengership,38,184,207,324
201807061550_034,42,37,Miscboat,738,780,248,285
201807061550_035,72,60,Miscboat,868,940,243,303
201807061550_036,152,118,Miscboat,923,1075,238,356
201807061550_034,28,20,Miscboat,714,742,258,278
201807061550_035,33,36,Miscboat,824,857,253,289
201807061550_036,69,48,Miscboat,768,837,265,313
201807061550_035,55,43,Motorboat,789,844,239,282
201807061550_036,69,56,Motorboat,697,766,248,304
201807061550_037,239,135,Motorboat,975,1214,238,373
201807061550_035,39,31,Passengership,400,439,252,283
201807061550_036,51,32,Passengership,180,231,266,298
201807061550_037,78,38,Passengership,136,214,275,313
201807061550_032,66,33,Passengership,500,566,240,273
201807061550_033,95,26,Passengership,490,585,247,273
201807061550_034,133,23,Passengership,439,572,255,278
201807061550_035,148,55,Passengership,519,667,230,285
201807061550_036,95,44,Passengership,371,466,250,294
201807061550_037,127,127,Passengership,364,491,199,326
201807061550_038,155,74,Passengership,192,347,232,306
201807061550_039,246,78,Passengership,12,258,238,316
201807061550_034,25,24,Passengership,411,436,249,273
201807061550_035,51,31,Passengership,458,509,244,275
201807061550_036,67,33,Passengership,275,342,250,283
201807061550_037,48,41,Passengership,316,364,246,287
201807061550_039,37,26,Miscboat,498,535,259,285
201807061550_040,41,28,Miscboat,354,395,261,289
201807061550_041,63,35,Miscboat,21,84,275,310
201807061550_043,28,26,Passengership,1061,1089,246,272
201807061550_044,36,22,Passengership,577,613,240,262
201807061550_045,41,25,Passengership,278,319,243,268
201807061550_046,52,47,Passengership,691,743,226,273
201807061550_047,83,112,Passengership,807,890,184,296
201807061550_048,173,140,Passengership,988,1161,198,338
201807061550_046,32,23,Miscboat,625,657,241,264
201807061550_047,47,40,Miscboat,716,763,233,273
201807061550_048,58,46,Miscboat,788,846,238,284
201807061550_049,118,67,Miscboat,889,1007,240,307
201807061550_046,43,32,Miscboat,144,187,254,286
201807061550_047,57,45,Miscboat,1,58,264,309
201807061550_046,31,31,Miscboat,203,234,246,277
201807061550_047,48,43,Miscboat,134,182,250,293
201807061550_046,21,24,Miscboat,268,289,246,270
201807061550_047,39,31,Miscboat,247,286,251,282
201807061550_048,69,31,Miscboat,126,195,259,290
201807061550_047,49,31,Miscboat,299,348,242,273
201807061550_048,71,31,Miscboat,220,291,253,284
201807061550_049,71,58,Miscboat,8,79,250,308
201807061550_047,41,36,Miscboat,342,383,233,269
201807061550_048,52,37,Miscboat,290,342,236,273
201807061550_047,22,87,Sailboat,496,518,179,266
201807061550_048,13,11,Boat,518,531,261,272
201807061550_049,37,20,Boat,358,395,288,308
201807061550_047,42,34,Passengership,373,415,232,266
201807061550_048,55,35,Passengership,340,395,234,269
201807061550_049,154,235,Sailboat,166,320,85,320
201807061550_050,139,99,Passengership,50,189,202,301
201807061550_047,26,50,Sailboat,695,721,213,263
201807061550_048,42,70,Sailboat,753,795,204,274
201807061550_049,56,85,Sailboat,808,864,198,283
201807061550_050,89,136,Sailboat,859,948,164,300
201807061550_051,195,276,Sailboat,1085,1280,75,351
201807061550_047,49,18,Ferry,652,701,245,263
201807061550_048,62,27,Ferry,697,759,243,270
201807061550_049,115,48,Ferry,717,832,235,283
201807061550_050,114,48,Ferry,745,859,238,286
201807061550_051,219,65,Ferry,829,1048,236,301
201807061550_052,179,341,Sailboat,1068,1247,20,361
201807061550_047,43,29,Passengership,409,452,232,261
201807061550_048,60,41,Passengership,400,460,227,268
201807061550_049,68,42,Passengership,343,411,227,269
201807061550_050,96,64,Passengership,259,355,214,278
201807061550_051,171,83,Passengership,79,250,203,286
201807061550_049,62,87,Sailboat,668,730,181,268
201807061550_050,75,105,Sailboat,660,735,167,272
201807061550_051,134,156,Sailboat,689,823,128,284
201807061550_047,24,26,Militaryship,537,561,230,256
201807061550_048,20,20,Militaryship,581,601,239,259
201807061550_049,31,38,Militaryship,566,597,220,258
201807061550_050,41,51,Militaryship,528,569,214,265
201807061550_051,69,84,Militaryship,492,561,193,277
201807061550_052,311,295,Militaryship,228,539,30,325
201807061550_047,6,5,Miscellaneous,600,606,248,253
201807061550_048,7,6,Miscellaneous,629,636,250,256
201807061550_049,8,7,Miscellaneous,625,633,249,256
201807061550_050,7,10,Miscellaneous,615,622,242,252
201807061550_001,28,13,Motorboat,1065,1093,248,261
201807061550_001,26,12,Motorboat,1032,1058,249,261
201807061550_001,28,10,Motorboat,1004,1032,252,262
201807061550_021,64,63,Motorboat,915,979,243,306
201807061550_027,83,42,Motorboat,4,87,296,338
201807061550_030,145,45,Motorboat,127,272,277,322
201807061550_030,120,171,Motorboat,1148,1268,200,371
201807061550_034,49,39,Miscboat,831,880,262,301
201807061550_040,77,85,Motorboat,1067,1144,232,317
201807061550_042,89,34,Miscboat,164,253,263,297
201807061550_042,75,25,Motorboat,808,883,271,296
201807061550_042,131,68,Miscboat,910,1041,258,326
201807061550_043,128,58,Motorboat,486,614,256,314
201807061550_043,28,20,Motorboat,778,806,245,265
201807061550_046,74,43,Motorboat,72,146,248,291
201807061550_049,21,18,Motorboat,497,518,241,259
201807061550_052,38,28,Motorboat,524,562,234,262
201807061550_001,59,74,Sailboat,872,931,191,265
201807061550_025,110,140,Sailboat,140,250,173,313
201807061550_029,176,371,Sailboat,1104,1280,1,372
201807061550_028,85,325,Sailboat,958,1043,11,336
201807061550_028,100,186,Sailboat,216,316,121,307
201807061550_031,101,238,Sailboat,100,201,99,337
201807061550_028,32,100,Sailboat,472,504,184,284
201807061550_048,30,79,Sailboat,494,524,196,275
201807061550_052,50,135,Sailboat,829,879,151,286
201807061550_052,141,280,Sailboat,927,1068,52,332
201807061550_052,44,204,Sailboat,881,925,89,293
201807061550_032,285,162,Ferry,26,311,189,351
201807061550_040,86,33,Miscboat,268,354,262,295
201807061550_044,126,139,Passengership,1155,1281,180,319
201807061550_050,252,295,Sailboat,1025,1277,59,354
201807061550_000,88,64,Motorboat,293,381,324,388
201807061550_035,133,158,Miscboat,1054,1187,187,345
201807061550_052,11,8,Boat,658,669,252,260
201807061550_006,59,34,Militaryship,1048,1107,249,283
201807061550_010,92,109,Militaryship,110,202,199,308
201807061550_043,38,10,Ferry,883,921,249,259
201807061550_049,78,31,Ferry,732,810,240,271
201807061620_000,73,59,Miscboat,275,348,223,282
201807061620_001,75,136,Miscboat,-2,73,181,317
201807061620_001,23,28,Miscboat,452,475,233,261
201807061620_002,36,27,Miscboat,326,362,242,269
201807061620_003,38,21,Miscboat,262,300,254,275
201807061620_004,60,67,Miscboat,150,210,217,284
201807061620_000,34,73,Sailboat,529,563,186,259
201807061620_001,28,93,Sailboat,474,502,167,260
201807061620_002,50,119,Sailboat,353,403,148,267
201807061620_003,54,148,Sailboat,304,358,125,273
201807061620_004,82,183,Sailboat,210,292,96,279
201807061620_005,133,243,Sailboat,48,181,57,300
201807061620_003,27,27,Militaryship,686,713,245,272
201807061620_004,39,26,Militaryship,693,732,248,274
201807061620_005,52,56,Militaryship,684,736,225,281
201807061620_006,65,89,Militaryship,742,807,203,292
201807061620_009,53,69,Cruiseship,753,806,189,258
201807061620_010,33,52,Militaryship,611,644,209,261
201807061620_006,56,18,Ferry,682,738,247,265
201807061620_007,79,26,Ferry,748,827,250,276
201807061620_008,100,31,Ferry,738,838,253,284
201807061620_009,156,45,Ferry,765,921,259,304
201807061620_010,203,81,Ferry,640,843,256,337
201807061620_000,50,83,Sailboat,745,795,159,242
201807061620_001,64,106,Sailboat,704,768,144,250
201807061620_002,61,113,Sailboat,660,721,138,251
201807061620_003,65,128,Sailboat,666,731,117,245
201807061620_004,76,145,Sailboat,674,750,109,254
201807061620_005,95,169,Sailboat,651,746,94,263
201807061620_006,91,171,Sailboat,700,791,69,240
201807061620_007,84,239,Sailboat,769,853,16,255
201807061620_008,193,273,Sailboat,719,912,1,274
201807061620_009,224,262,Sailboat,733,957,4,266
201807061620_010,335,274,Sailboat,561,896,2,276
201807061620_011,59,40,Passengership,504,563,246,286
201807061620_012,139,78,Passengership,198,337,229,307
201807061620_011,404,443,Sailboat,877,1281,1,444
201807061620_012,207,433,Sailboat,1074,1281,1,434
201807061620_011,83,98,Cruiseship,853,936,190,288
201807061620_012,114,103,Cruiseship,814,928,182,285
201807061620_013,143,126,Cruiseship,659,802,158,284
201807061620_015,374,342,Cruiseship,809,1183,6,348
201807061620_016,318,411,Cruiseship,962,1280,1,412
201807061620_011,95,95,Militaryship,888,983,201,296
201807061620_012,92,109,Militaryship,874,966,190,299
201807061620_013,224,166,Militaryship,756,980,156,322
201807061620_014,446,310,Militaryship,823,1269,76,386
201807061620_015,28,16,Miscboat,312,340,253,269
201807061620_016,53,31,Miscboat,204,257,253,284
201807061620_014,21,57,Sailboat,538,559,213,270
201807061620_015,17,87,Sailboat,590,607,187,274
201807061620_016,47,169,Sailboat,453,500,130,299
201807061620_011,18,18,Miscboat,609,627,249,267
201807061620_012,20,20,Miscboat,551,571,246,266
201807061620_013,22,22,Miscboat,354,376,244,266
201807061620_014,31,30,Miscboat,315,346,236,266
201807061620_015,48,47,Miscboat,349,397,232,279
201807061620_016,68,46,Miscboat,260,328,233,279
201807061620_017,63,52,Miscboat,1,64,246,298
201807061620_011,18,20,Miscboat,626,644,246,266
201807061620_012,20,22,Miscboat,569,589,243,265
201807061620_013,22,24,Miscboat,376,398,240,264
201807061620_014,22,27,Miscboat,342,364,239,266
201807061620_015,28,16,Miscboat,392,420,252,268
201807061620_016,45,41,Miscboat,331,376,236,277
201807061620_017,88,83,Miscboat,63,151,206,289
201807061620_011,14,13,Militaryship,644,658,254,267
201807061620_012,15,14,Militaryship,587,602,251,265
201807061620_013,16,15,Militaryship,397,413,249,264
201807061620_014,23,16,Militaryship,369,392,249,265
201807061620_015,24,16,Militaryship,428,452,254,270
201807061620_016,44,22,Militaryship,390,434,255,277
201807061620_017,52,36,Militaryship,173,225,246,282
201807061620_011,36,39,Motorboat,787,823,255,294
201807061620_012,27,27,Motorboat,769,796,260,287
201807061620_013,25,25,Motorboat,594,619,255,280
201807061620_014,32,28,Motorboat,583,615,249,277
201807061620_015,24,20,Motorboat,717,741,258,278
201807061620_016,20,19,Motorboat,769,789,263,282
201807061620_017,21,23,Motorboat,701,722,255,278
201807061620_018,19,19,Motorboat,688,707,259,278
201807061620_019,28,16,Motorboat,723,751,254,270
201807061620_020,35,21,Motorboat,681,716,251,272
201807061620_021,45,17,Motorboat,517,562,251,268
201807061620_022,49,25,Motorboat,371,420,246,271
201807061620_023,57,31,Motorboat,240,297,243,274
201807061620_016,45,8,Miscboat,689,734,260,268
201807061620_017,50,9,Miscboat,588,638,253,262
201807061620_018,72,15,Miscboat,486,558,250,265
201807061620_019,65,12,Miscboat,504,569,254,266
201807061620_020,71,12,Miscboat,431,502,250,262
201807061620_021,106,22,Miscboat,194,300,246,268
201807061620_022,81,24,Miscboat,1,82,249,273
201807061620_022,41,51,Militaryship,951,992,230,281
201807061620_023,47,60,Militaryship,922,969,223,283
201807061620_024,59,75,Militaryship,572,631,200,275
201807061620_025,70,84,Militaryship,368,438,186,270
201807061620_026,87,102,Militaryship,1,88,180,282
201807061620_023,54,55,Militaryship,953,1007,218,273
201807061620_024,109,70,Militaryship,596,705,202,272
201807061620_025,92,66,Militaryship,439,531,202,268
201807061620_026,151,93,Militaryship,55,206,171,264
201807061620_025,27,24,Passengership,726,753,249,273
201807061620_026,40,42,Passengership,375,415,230,272
201807061620_026,5,16,Seamark,355,360,252,268
201807061620_027,5,17,Seamark,209,214,258,275
201807061620_028,4,22,Seamark,15,19,259,281
201807061620_026,10,9,Boat,637,647,261,270
201807061620_027,23,14,Boat,501,524,253,267
201807061620_028,8,8,Boat,369,377,256,264
201807061620_029,9,9,Boat,281,290,253,262
201807061620_026,7,19,Seamark,434,441,245,264
201807061620_027,8,21,Seamark,336,344,244,265
201807061620_028,7,23,Seamark,226,233,246,269
201807061620_029,13,30,Seamark,135,148,243,273
201807061620_026,5,10,Seamark,255,260,245,255
201807061620_027,6,11,Seamark,165,171,246,257
201807061620_028,3,9,Seamark,84,87,248,257
201807061620_029,6,14,Seamark,63,69,243,257
201807061620_026,10,31,Sailboat,505,515,231,262
201807061620_027,11,34,Sailboat,380,391,228,262
201807061620_028,9,32,Sailboat,264,273,226,258
201807061620_029,9,32,Sailboat,218,227,224,256
201807061620_026,20,14,Motorboat,615,635,253,267
201807061620_028,15,14,Motorboat,409,424,250,264
201807061620_029,19,14,Motorboat,367,386,248,262
201807061620_030,21,15,Motorboat,319,340,248,263
201807061620_031,17,10,Motorboat,129,146,246,256
201807061620_032,21,15,Motorboat,136,157,246,261
201807061620_029,4,7,Seamark,392,396,252,259
201807061620_030,4,8,Seamark,430,434,253,261
201807061620_031,4,10,Seamark,305,309,248,258
201807061620_032,7,16,Seamark,362,369,247,263
201807061620_033,8,18,Seamark,348,356,246,264
201807061620_034,6,15,Seamark,169,175,250,265
201807061620_035,8,20,Seamark,149,157,251,271
201807061620_038,79,119,Militaryship,988,1067,199,318
201807061620_039,128,156,Militaryship,997,1125,177,333
201807061620_037,28,68,Sailboat,592,620,204,272
201807061620_039,51,82,Sailboat,362,413,190,272
201807061620_040,35,130,Sailboat,1,36,148,278
201807061620_038,47,12,Motorboat,743,790,267,279
201807061620_039,52,13,Motorboat,616,668,263,276
201807061620_040,48,14,Motorboat,323,371,264,278
201807061620_041,62,21,Motorboat,219,281,263,284
201807061620_042,90,28,Motorboat,61,151,271,299
201807061620_040,3,25,Seamark,738,741,277,302
201807061620_041,15,48,Seamark,748,763,274,322
201807061620_042,11,106,Seamark,926,937,306,412
201807061620_037,14,14,Motorboat,837,851,263,277
201807061620_038,24,19,Motorboat,808,832,260,279
201807061620_039,16,17,Motorboat,699,715,261,278
201807061620_040,25,37,Motorboat,432,457,240,277
201807061620_041,47,52,Motorboat,356,403,230,282
201807061620_042,55,42,Motorboat,288,343,253,295
201807061620_038,31,53,Sailboat,884,915,230,283
201807061620_039,49,52,Sailboat,785,834,232,284
201807061620_040,63,107,Sailboat,550,613,176,283
201807061620_041,76,139,Sailboat,492,568,151,290
201807061620_042,109,202,Sailboat,454,563,102,304
201807061620_045,110,32,Miscboat,812,922,253,285
201807061620_046,57,18,Passengership,848,905,247,265
201807061620_047,75,30,Passengership,258,333,255,285
201807061620_046,6,14,Seamark,284,290,262,276
201807061620_047,11,29,Seamark,66,77,265,294
201807061620_046,11,24,Seamark,430,441,261,285
201807061620_047,24,51,Seamark,153,177,261,312
201807061620_049,8,21,Seamark,337,345,261,282
201807061620_050,14,38,Seamark,58,72,269,307
201807061620_049,10,26,Seamark,1051,1061,255,281
201807061620_050,33,61,Seamark,1152,1185,251,312
201807061620_049,3,6,Seamark,964,967,253,259
201807061620_050,4,11,Seamark,859,863,249,260
201807061620_051,7,12,Seamark,746,753,248,260
201807061620_052,3,8,Seamark,734,737,253,261
201807061620_053,10,18,Seamark,708,718,246,264
201807061620_054,6,13,Seamark,677,683,250,263
201807061620_055,5,12,Seamark,822,827,252,264
201807061620_056,8,15,Seamark,673,681,253,268
201807061620_057,9,21,Seamark,471,480,256,277
201807061620_058,13,19,Seamark,746,759,254,273
201807061620_052,3,5,Seamark,738,741,253,258
201807061620_053,3,9,Seamark,713,716,252,261
201807061620_050,14,13,Motorboat,712,726,252,265
201807061620_051,30,15,Motorboat,516,546,256,271
201807061620_052,67,49,Motorboat,222,289,250,299
201807061620_049,4,7,Seamark,793,797,254,261
201807061620_050,9,15,Seamark,671,680,251,266
201807061620_051,4,9,Seamark,538,542,260,269
201807061620_052,5,14,Seamark,491,496,257,271
201807061620_053,9,23,Seamark,415,424,256,279
201807061620_054,9,26,Seamark,287,296,260,286
201807061620_055,9,29,Seamark,361,370,259,288
201807061620_056,21,38,Seamark,116,137,268,306
201807061620_052,3,7,Seamark,502,505,258,265
201807061620_053,6,14,Seamark,446,452,256,270
201807061620_054,6,12,Seamark,373,379,258,270
201807061620_055,5,11,Seamark,489,494,257,268
201807061620_056,8,13,Seamark,307,315,262,275
201807061620_057,8,20,Seamark,40,48,273,293
201807061620_058,7,18,Seamark,232,239,266,284
201807061620_055,10,5,Boat,308,318,270,275
201807061620_056,15,11,Boat,162,177,274,285
201807061620_055,4,8,Seamark,818,822,252,260
201807061620_056,7,10,Seamark,664,671,253,263
201807061620_049,4,7,Seamark,1021,1025,254,261
201807061620_050,5,9,Seamark,938,943,255,264
201807061620_051,6,10,Seamark,847,853,254,264
201807061620_052,4,11,Seamark,865,869,254,265
201807061620_053,9,18,Seamark,887,896,253,271
201807061620_054,12,20,Seamark,906,918,251,271
201807061620_055,9,22,Seamark,1104,1113,256,278
201807061620_056,14,37,Seamark,1045,1059,249,286
201807061620_057,19,61,Seamark,1122,1141,252,313
201807061620_053,10,6,Boat,547,557,261,267
201807061620_054,10,6,Boat,470,480,264,270
201807061620_055,11,8,Boat,576,587,265,273
201807061620_056,20,18,Boat,348,368,271,289
201807061620_000,187,67,Motorboat,927,1114,314,381
201807061620_000,177,108,Motorboat,1,178,211,319
201807061620_026,14,14,Boat,193,207,255,269
201807061620_036,229,85,Militaryship,812,1041,207,292
201807061620_039,91,34,Passengership,108,199,231,265
201807061620_045,74,31,Miscboat,996,1070,258,289
201807061620_045,61,54,Passengership,1219,1280,238,292
201807061620_045,104,50,Miscboat,698,802,235,285
201807061620_053,7,7,Miscboat,624,631,255,262
201807061620_000,167,347,Sailboat,1113,1280,3,350
201807061620_001,117,324,Sailboat,1163,1280,41,365
201807061620_019,26,47,Sailboat,286,312,216,263
201807061620_045,55,253,Sailboat,966,1021,55,308
201807061620_019,32,18,Passengership,385,417,255,273
201807061620_001,103,60,Motorboat,1038,1141,267,327
201807061620_007,39,24,Boat,314,353,266,290
201807061620_010,130,66,Boat,838,968,292,358
201807061620_019,24,14,Motorboat,192,216,252,266
201807061620_020,17,10,Motorboat,394,411,256,266
201807061620_019,16,8,Boat,681,697,271,279
201807061620_025,11,5,Boat,581,592,264,269
201807061620_040,41,15,Boat,105,146,263,278
201807061620_024,107,39,Militaryship,360,467,229,268
201807061620_007,292,395,Militaryship,987,1279,63,458
201807061620_046,15,17,Boat,1160,1175,266,283
201807061620_020,10,25,Seamark,146,156,248,273
201807061620_026,8,15,Seamark,288,296,246,261
201807061620_032,4,9,Seamark,64,68,248,257
201807061620_050,4,9,Seamark,753,757,251,260
201807061620_050,5,10,Seamark,801,806,250,260
201807061620_050,6,13,Seamark,867,873,247,260
201807061620_056,6,11,Seamark,577,583,252,263
201807061650_006,49,115,Sailboat,65,114,176,291
201807061650_007,36,143,Sailboat,36,72,157,300
201807061650_008,47,199,Sailboat,23,70,116,315
201807061650_009,55,249,Sailboat,19,74,76,325
201807061650_010,86,331,Sailboat,113,199,11,342
201807061650_006,56,16,Motorboat,195,251,271,287
201807061650_007,50,14,Motorboat,181,231,276,290
201807061650_008,63,23,Motorboat,214,277,272,295
201807061650_009,86,23,Motorboat,231,317,277,300
201807061650_007,21,130,Sailboat,12,33,171,301
201807061650_008,40,166,Sailboat,1,41,145,311
201807061650_006,44,119,Sailboat,118,162,170,289
201807061650_007,48,147,Sailboat,72,120,150,297
201807061650_008,101,187,Sailboat,62,163,117,304
201807061650_006,24,15,Motorboat,433,457,262,277
201807061650_007,26,12,Motorboat,497,523,263,275
201807061650_008,26,18,Motorboat,651,677,258,276
201807061650_009,22,14,Motorboat,821,843,262,276
201807061650_010,25,19,Motorboat,1250,1275,273,292
201807061650_011,74,37,Motorboat,531,605,259,296
201807061650_012,31,48,Sailboat,913,944,221,269
201807061650_013,2,10,Seamark,609,611,255,265
201807061650_014,8,17,Seamark,698,706,248,265
201807061650_015,6,19,Seamark,721,727,248,267
201807061650_016,5,17,Seamark,577,582,256,273
201807061650_017,11,27,Seamark,515,526,253,280
201807061650_018,8,23,Seamark,501,509,254,277
201807061650_019,9,27,Seamark,104,113,269,296
201807061650_013,4,15,Seamark,213,217,268,283
201807061650_014,11,24,Seamark,215,226,264,288
201807061650_015,11,24,Seamark,95,106,273,297
201807061650_013,5,22,Seamark,488,493,257,279
201807061650_014,13,34,Seamark,536,549,250,284
201807061650_015,18,49,Seamark,487,505,254,303
201807061650_016,38,133,Seamark,6,44,270,403
201807061650_013,27,8,Boat,219,246,283,291
201807061650_014,51,29,Motorboat,138,189,284,313
201807061650_015,29,18,Motorboat,709,738,263,281
201807061650_016,12,13,Motorboat,928,940,260,273
201807061650_017,16,13,Motorboat,1080,1096,254,267
201807061650_014,5,16,Seamark,980,985,249,265
201807061650_016,7,21,Seamark,1010,1017,252,273
201807061650_017,13,28,Seamark,1033,1046,248,276
201807061650_018,13,28,Seamark,1100,1113,249,277
201807061650_019,9,37,Seamark,962,971,250,287
201807061650_020,38,101,Seamark,1089,1127,245,346
201807061650_020,17,11,Motorboat,808,825,256,267
201807061650_021,17,9,Motorboat,738,755,253,262
201807061650_022,13,9,Motorboat,605,618,255,264
201807061650_023,17,11,Motorboat,497,514,257,268
201807061650_024,24,13,Motorboat,366,390,265,278
201807061650_025,22,12,Motorboat,223,245,277,289
201807061650_023,6,12,Seamark,232,238,262,274
201807061650_024,11,25,Seamark,114,125,267,292
201807061650_022,38,11,Miscboat,383,421,257,268
201807061650_023,42,12,Miscboat,317,359,255,267
201807061650_024,46,13,Miscboat,250,296,259,272
201807061650_025,46,11,Miscboat,191,237,265,276
201807061650_026,51,12,Miscboat,124,175,266,278
201807061650_027,57,13,Miscboat,41,98,270,283
201807061650_028,43,13,Miscboat,13,56,277,290
201807061650_022,4,13,Seamark,813,817,255,268
201807061650_023,13,26,Seamark,781,794,244,270
201807061650_024,9,24,Seamark,772,781,250,274
201807061650_025,7,28,Seamark,755,762,252,280
201807061650_026,20,44,Seamark,744,764,247,291
201807061650_027,16,52,Seamark,730,746,251,303
201807061650_028,23,83,Seamark,800,823,252,335
201807061650_026,10,13,Seamark,286,296,264,277
201807061650_029,9,19,Seamark,34,43,280,299
201807061650_025,48,12,Cargoship,379,427,257,269
201807061650_026,53,13,Cargoship,326,379,258,271
201807061650_027,57,13,Cargoship,255,312,262,275
201807061650_028,54,20,Cargoship,232,286,261,281
201807061650_029,25,22,Motorboat,554,579,256,278
201807061650_030,45,34,Motorboat,231,276,261,295
201807061650_031,90,36,Militaryship,1058,1148,222,258
201807061650_032,113,58,Militaryship,1149,1262,210,268
201807061650_033,67,64,Militaryship,1213,1280,207,271
201807061650_034,110,54,Militaryship,1070,1180,217,271
201807061650_035,135,72,Militaryship,923,1058,195,267
201807061650_036,179,96,Militaryship,836,1015,177,273
201807061650_037,186,114,Militaryship,884,1070,159,273
201807061650_038,213,121,Militaryship,913,1126,157,278
201807061650_039,261,100,Boat,945,1206,190,290
201807061650_040,211,156,Militaryship,1047,1258,147,303
201807061650_029,11,21,Seamark,764,775,252,273
201807061650_030,10,23,Seamark,696,706,248,271
201807061650_031,8,30,Seamark,709,717,251,281
201807061650_032,40,76,Seamark,766,806,235,311
201807061650_033,52,166,Seamark,1038,1090,242,408
201807061650_022,19,28,Cruiseship,715,734,229,257
201807061650_023,20,34,Cruiseship,666,686,226,260
201807061650_024,21,36,Cruiseship,625,646,226,262
201807061650_025,20,35,Cruiseship,588,608,226,261
201807061650_026,21,37,Cruiseship,551,572,224,261
201807061650_027,22,35,Cruiseship,498,520,227,262
201807061650_028,22,38,Cruiseship,496,518,229,267
201807061650_029,29,47,Cruiseship,426,455,226,273
201807061650_030,31,43,Cruiseship,317,348,224,267
201807061650_031,31,43,Cruiseship,269,300,226,269
201807061650_032,46,58,Cruiseship,256,302,220,278
201807061650_033,31,65,Cruiseship,185,216,213,278
201807061650_029,81,27,Cruiseship,428,509,238,265
201807061650_030,73,26,Cruiseship,330,403,234,260
201807061650_031,81,28,Cruiseship,296,377,237,265
201807061650_032,101,27,Cruiseship,296,397,234,261
201807061650_035,10,18,Seamark,601,611,261,279
201807061650_036,7,56,Seamark,380,387,260,316
201807061650_037,8,65,Seamark,214,222,285,350
201807061650_035,29,21,Passengership,756,785,245,266
201807061650_036,40,20,Passengership,504,544,251,271
201807061650_037,33,30,Passengership,381,414,250,280
201807061650_038,92,47,Passengership,138,230,253,300
201807061650_038,19,14,Motorboat,415,434,267,281
201807061650_039,29,14,Motorboat,200,229,282,296
201807061650_038,25,59,Seamark,842,867,252,311
201807061650_039,38,84,Seamark,960,998,282,366
201807061650_032,10,18,Seamark,942,952,250,268
201807061650_033,11,20,Seamark,974,985,250,270
201807061650_034,12,22,Seamark,811,823,251,273
201807061650_035,11,27,Seamark,635,646,252,279
201807061650_036,13,29,Seamark,464,477,256,285
201807061650_037,10,35,Seamark,419,429,260,295
201807061650_038,22,63,Seamark,307,329,254,317
201807061650_039,22,67,Seamark,88,110,275,342
201807061650_038,11,8,Motorboat,832,843,257,265
201807061650_039,29,15,Motorboat,738,767,258,273
201807061650_040,26,14,Motorboat,527,553,269,283
201807061650_041,64,37,Motorboat,173,237,282,319
201807061650_041,18,50,Seamark,373,391,285,335
201807061650_042,12,108,Seamark,1,13,330,438
201807061650_040,215,86,Militaryship,832,1047,187,273
201807061650_041,350,168,Militaryship,863,1213,122,290
201807061650_042,341,250,Militaryship,934,1275,57,307
201807061650_043,318,128,Militaryship,952,1270,208,336
201807061650_041,11,9,Boat,637,648,259,268
201807061650_042,11,11,Boat,565,576,262,273
201807061650_043,11,11,Boat,378,389,279,290
201807061650_043,11,11,Boat,618,629,266,277
201807061650_044,45,30,Boat,439,484,280,310
201807061650_044,80,20,Motorboat,1040,1120,249,269
201807061650_045,74,28,Motorboat,1206,1280,252,280
201807061650_034,14,11,Passengership,999,1013,249,260
201807061650_035,23,15,Passengership,853,876,245,260
201807061650_036,16,13,Passengership,775,791,245,258
201807061650_037,13,14,Passengership,805,818,246,260
201807061650_038,27,25,Passengership,793,820,238,263
201807061650_039,36,23,Passengership,750,786,245,268
201807061650_040,43,26,Passengership,604,647,243,269
201807061650_041,67,46,Passengership,508,575,235,281
201807061650_042,110,44,Passengership,348,458,240,284
201807061650_043,164,76,Passengership,0,164,240,316
201807061650_045,36,28,Miscboat,273,309,255,283
201807061650_046,44,41,Miscboat,320,364,248,289
201807061650_047,83,58,Miscboat,311,394,248,306
201807061650_047,19,15,Boat,1082,1101,267,282
201807061650_048,33,25,Boat,1218,1251,287,312
201807061650_044,17,10,Motorboat,864,881,251,261
201807061650_045,19,11,Motorboat,877,896,252,263
201807061650_046,19,7,Motorboat,978,997,253,260
201807061650_047,23,13,Motorboat,1099,1122,251,264
201807061650_048,23,14,Motorboat,1092,1115,254,268
201807061650_049,26,12,Motorboat,1174,1200,257,269
201807061650_044,20,10,Motorboat,838,858,251,261
201807061650_045,21,10,Motorboat,849,870,252,262
201807061650_046,37,9,Motorboat,929,966,252,261
201807061650_047,21,12,Motorboat,1069,1090,251,263
201807061650_048,23,12,Motorboat,1057,1080,254,266
201807061650_049,24,12,Motorboat,1141,1165,255,267
201807061650_044,33,43,Sailboat,736,769,220,263
201807061650_045,34,45,Sailboat,732,766,219,264
201807061650_046,36,49,Sailboat,819,855,213,262
201807061650_047,45,59,Sailboat,939,984,207,266
201807061650_048,53,67,Sailboat,919,972,205,272
201807061650_049,57,77,Sailboat,985,1042,194,271
201807061650_044,8,12,Sailboat,648,656,258,270
201807061650_045,8,12,Sailboat,631,639,261,273
201807061650_046,9,13,Sailboat,711,720,258,271
201807061650_047,13,25,Sailboat,824,837,249,274
201807061650_052,17,17,Militaryship,718,735,257,274
201807061650_053,31,37,Militaryship,847,878,247,284
201807061650_054,55,45,Militaryship,1028,1083,253,298
201807061650_054,26,40,Militaryship,411,437,234,274
201807061650_055,27,50,Militaryship,452,479,225,275
201807061650_053,34,44,Miscboat,771,805,233,277
201807061650_054,38,44,Miscboat,911,949,244,288
201807061650_055,65,53,Miscboat,1082,1147,242,295
201807061650_053,48,105,Sailboat,360,408,165,270
201807061650_054,60,124,Sailboat,413,473,148,272
201807061650_055,41,130,Sailboat,481,522,141,271
201807061650_052,20,17,Miscboat,691,711,256,273
201807061650_053,28,32,Miscboat,807,835,246,278
201807061650_054,54,38,Miscboat,952,1006,256,294
201807061650_055,67,49,Miscboat,1161,1228,254,303
201807061650_052,12,8,Boat,369,381,276,284
201807061650_053,40,22,Boat,341,381,285,307
201807061650_052,52,65,Cruiseship,271,323,216,281
201807061650_053,64,109,Cruiseship,315,379,172,281
201807061650_054,83,90,Cruiseship,335,418,194,284
201807061650_055,104,102,Cruiseship,344,448,182,284
201807061650_010,143,46,Motorboat,339,482,285,331
201807061650_010,70,23,Miscboat,471,541,276,299
201807061650_012,32,15,Passengership,0,32,278,293
201807061650_012,47,19,Motorboat,1151,1198,253,272
201807061650_013,28,18,Motorboat,138,166,274,292
201807061650_013,30,8,Boat,260,290,277,285
201807061650_031,19,8,Miscboat,738,757,252,260
201807061650_055,29,34,Miscboat,1044,1073,254,288
201807061650_053,6,8,Miscboat,420,426,263,271
201807061650_006,53,94,Sailboat,5,58,201,295
201807061650_009,53,235,Sailboat,92,145,75,310
201807061650_010,99,220,Sailboat,214,313,100,320
201807061650_010,64,336,Sailboat,29,93,10,346
201807061650_011,117,363,Sailboat,1153,1270,1,364
201807061650_011,115,343,Sailboat,995,1110,1,344
201807061650_011,162,335,Sailboat,844,1006,12,347
201807061650_011,79,195,Sailboat,710,789,136,331
201807061650_011,110,242,Sailboat,583,693,76,318
201807061650_011,77,185,Sailboat,449,526,131,316
201807061650_011,89,229,Sailboat,367,456,89,318
201807061650_012,50,72,Sailboat,1093,1143,196,268
201807061650_012,29,85,Sailboat,1030,1059,190,275
201807061650_013,26,72,Sailboat,1154,1180,204,276
201807061650_023,69,21,Cruiseship,651,720,231,252
201807061650_053,10,11,Miscboat,407,417,258,269
201807061650_023,17,16,Boat,219,236,268,284
201807061650_026,11,11,Boat,818,829,251,262
201807061650_033,25,57,Cruiseship,213,238,213,270
201807061650_026,16,13,Miscboat,603,619,254,267
201807061650_000,10,26,Seamark,118,128,271,297
201807061650_000,11,35,Seamark,983,994,251,286
201807061650_001,6,21,Seamark,980,986,251,272
201807061650_002,19,65,Seamark,1,20,285,350
201807061650_009,13,23,Miscellaneous,100,113,326,349
201807061650_012,29,53,Miscellaneous,936,965,394,447
201807061650_020,7,12,Seamark,623,630,254,266
201807061650_026,5,15,Seamark,813,818,249,264
201807061650_035,8,10,Seamark,849,857,265,275
201807061650_044,15,42,Seamark,919,934,254,296
201807061720_000,29,17,Passengership,426,455,263,280
201807061720_001,51,23,Passengership,471,522,259,282
201807061720_002,53,24,Passengership,464,517,263,287
201807061720_003,62,24,Passengership,376,438,268,292
201807061720_004,105,28,Passengership,257,362,285,313
201807061720_000,107,114,Militaryship,193,300,191,305
201807061720_001,83,54,Passengership,220,303,270,324
201807061720_000,86,224,Cruiseship,3,89,108,332
201807061720_001,193,174,Militaryship,2,195,165,339
201807061720_000,102,202,Passengership,330,432,77,279
201807061720_001,158,281,Sailboat,329,487,9,290
201807061720_002,269,300,Sailboat,210,479,1,301
201807061720_003,389,328,Passengership,2,391,5,333
201807061720_004,279,358,Sailboat,0,279,1,359
201807061720_002,25,24,Militaryship,510,535,249,273
201807061720_003,21,22,Militaryship,463,484,253,275
201807061720_004,26,33,Militaryship,450,476,246,279
201807061720_005,45,62,Militaryship,400,445,228,290
201807061720_006,48,41,Militaryship,317,365,257,298
201807061720_007,87,100,Militaryship,285,372,217,317
201807061720_001,23,56,Sailboat,662,685,210,266
201807061720_002,29,65,Sailboat,687,716,202,267
201807061720_004,35,87,Sailboat,694,729,184,271
201807061720_005,50,122,Sailboat,736,786,158,280
201807061720_006,58,131,Sailboat,723,781,148,279
201807061720_007,73,169,Sailboat,853,926,114,283
201807061720_008,160,304,Sailboat,934,1094,8,312
201807061720_001,12,10,Boat,640,652,265,275
201807061720_002,15,14,Boat,667,682,265,279
201807061720_003,16,15,Boat,610,626,267,282
201807061720_004,19,14,Boat,613,632,271,285
201807061720_005,21,20,Boat,664,685,272,292
201807061720_006,25,21,Boat,666,691,277,298
201807061720_007,27,20,Boat,800,827,277,297
201807061720_008,49,36,Boat,808,857,286,322
201807061720_009,74,50,Boat,882,956,312,362
201807061720_005,14,8,Motorboat,559,573,258,266
201807061720_006,13,7,Motorboat,520,533,259,266
201807061720_007,19,10,Motorboat,610,629,255,265
201807061720_008,19,13,Motorboat,546,565,261,274
201807061720_009,27,25,Motorboat,493,520,261,286
201807061720_010,112,63,Motorboat,205,317,288,351
201807061720_011,50,75,Sailboat,436,486,207,282
201807061720_012,61,124,Sailboat,443,504,154,278
201807061720_013,88,116,Sailboat,379,467,170,286
201807061720_014,75,151,Sailboat,325,400,145,296
201807061720_008,22,46,Sailboat,494,516,222,268
201807061720_010,39,12,Motorboat,443,482,264,276
201807061720_011,47,18,Motorboat,409,456,266,284
201807061720_012,47,23,Motorboat,393,440,268,291
201807061720_013,77,27,Motorboat,266,343,273,300
201807061720_014,111,44,Motorboat,75,186,282,326
201807061720_008,20,36,Sailboat,513,533,233,269
201807061720_005,28,39,Sailboat,480,508,233,272
201807061720_006,21,50,Sailboat,451,472,225,275
201807061720_007,24,55,Sailboat,541,565,218,273
201807061720_008,25,56,Sailboat,467,492,218,274
201807061720_009,43,64,Sailboat,428,471,215,279
201807061720_010,50,75,Sailboat,390,440,209,284
201807061720_011,64,94,Sailboat,335,399,198,292
201807061720_012,86,40,Motorboat,274,360,264,304
201807061720_013,108,50,Motorboat,91,199,275,325
201807061720_008,32,58,Sailboat,438,470,219,277
201807061720_009,37,75,Sailboat,393,430,207,282
201807061720_010,47,26,Motorboat,305,352,267,293
201807061720_011,96,46,Motorboat,119,215,272,318
201807061720_011,111,125,Sailboat,179,290,183,308
201807061720_012,155,206,Sailboat,32,187,126,332
201807061720_005,20,30,Miscboat,656,676,238,268
201807061720_006,25,27,Miscboat,624,649,243,270
201807061720_007,25,27,Miscboat,731,756,240,267
201807061720_008,27,30,Miscboat,695,722,242,272
201807061720_009,44,51,Miscboat,726,770,228,279
201807061720_010,52,61,Miscboat,781,833,223,284
201807061720_011,87,91,Miscboat,849,936,210,301
201807061720_012,160,131,Miscboat,970,1130,188,319
201807061720_013,118,177,Miscboat,1162,1280,204,381
201807061720_011,53,89,Sailboat,408,461,195,284
201807061720_012,54,113,Sailboat,384,438,174,287
201807061720_014,60,159,Sailboat,285,345,144,303
201807061720_015,90,208,Sailboat,286,376,97,305
201807061720_011,73,125,Sailboat,277,350,171,296
201807061720_012,116,166,Sailboat,189,305,141,307
201807061720_013,89,233,Sailboat,1,90,103,336
201807061720_014,127,215,Sailboat,93,220,105,320
201807061720_014,26,27,Miscboat,527,553,248,275
201807061720_015,32,40,Miscboat,565,597,244,284
201807061720_016,61,49,Miscboat,492,553,245,294
201807061720_017,47,40,Passengership,387,434,238,278
201807061720_018,44,35,Passengership,369,413,248,283
201807061720_019,66,44,Passengership,795,861,234,278
201807061720_017,165,60,Ferry,54,219,263,323
201807061720_018,96,123,Sailboat,21,117,192,315
201807061720_019,227,233,Sailboat,2,229,132,365
201807061720_016,134,318,Sailboat,90,224,17,335
201807061720_017,174,252,Sailboat,1,175,88,340
201807061720_005,18,15,Motorboat,632,650,251,266
201807061720_006,27,29,Motorboat,600,627,244,273
201807061720_007,25,27,Motorboat,705,730,243,270
201807061720_008,24,25,Motorboat,662,686,246,271
201807061720_009,21,24,Motorboat,688,709,246,270
201807061720_010,30,34,Motorboat,718,748,241,275
201807061720_011,46,47,Motorboat,750,796,237,284
201807061720_012,51,53,Motorboat,821,872,237,290
201807061720_013,87,80,Motorboat,838,925,227,307
201807061720_014,217,168,Motorboat,950,1167,192,360
201807061720_013,24,18,Motorboat,743,767,266,284
201807061720_014,33,34,Motorboat,768,801,267,301
201807061720_015,49,47,Motorboat,938,987,280,327
201807061720_005,21,29,Sailboat,614,635,236,265
201807061720_008,18,41,Sailboat,643,661,227,268
201807061720_011,31,97,Sailboat,706,737,180,277
201807061720_012,38,116,Sailboat,755,793,162,278
201807061720_013,24,143,Sailboat,768,792,142,285
201807061720_011,23,120,Sailboat,736,759,162,282
201807061720_012,36,145,Sailboat,785,821,139,284
201807061720_013,41,180,Sailboat,791,832,115,295
201807061720_014,82,290,Sailboat,846,928,40,330
201807061720_015,73,324,Sailboat,1003,1076,1,325
201807061720_014,51,200,Sailboat,794,845,97,297
201807061720_016,156,391,Sailboat,1104,1260,1,392
201807061720_013,20,102,Sailboat,703,723,176,278
201807061720_014,33,131,Sailboat,702,735,158,289
201807061720_002,24,8,Ferry,574,598,255,263
201807061720_003,26,9,Ferry,553,579,255,264
201807061720_004,29,10,Ferry,569,598,254,264
201807061720_005,16,10,Ferry,597,613,253,263
201807061720_006,18,11,Ferry,567,585,254,265
201807061720_007,20,12,Ferry,668,688,249,261
201807061720_008,22,9,Ferry,616,638,254,263
201807061720_009,39,9,Ferry,602,641,255,264
201807061720_010,47,14,Ferry,566,613,253,267
201807061720_011,49,21,Ferry,526,575,252,273
201807061720_012,20,19,Ferry,549,569,252,271
201807061720_013,27,21,Miscboat,499,526,246,267
201807061720_014,27,29,Miscboat,476,503,242,271
201807061720_015,25,18,Miscboat,535,560,251,269
201807061720_013,21,154,Sailboat,724,745,128,282
201807061720_014,33,205,Sailboat,733,766,89,294
201807061720_015,42,186,Sailboat,811,853,110,296
201807061720_016,90,127,Passengership,835,925,161,288
201807061720_017,211,137,Passengership,844,1055,183,320
201807061720_018,271,377,Passengership,1010,1281,10,387
201807061720_015,59,273,Sailboat,869,928,39,312
201807061720_016,71,292,Sailboat,910,981,34,326
201807061720_014,30,37,Passengership,683,713,234,271
201807061720_015,36,28,Passengership,770,806,242,270
201807061720_016,40,43,Passengership,784,824,233,276
201807061720_017,66,66,Passengership,744,810,220,286
201807061720_018,91,72,Passengership,796,887,222,294
201807061720_017,37,30,Miscboat,711,748,248,278
201807061720_018,38,25,Miscboat,749,787,254,279
201807061720_006,39,48,Motorboat,85,124,272,320
201807061720_015,72,70,Motorboat,0,72,278,348
201807061720_016,37,15,Boat,872,909,303,318
201807061720_014,48,152,Sailboat,266,314,152,304
201807061720_015,150,248,Sailboat,54,204,81,329
201807061720_015,112,393,Sailboat,1168,1280,1,394
201807061720_014,68,330,Sailboat,916,984,1,331
201807061720_016,77,327,Sailboat,983,1060,1,328
201807061720_008,35,42,Miscboat,914,949,255,297
201807061720_014,51,47,Motorboat,746,797,235,282
201807061720_014,20,13,Passengership,608,628,250,263
201807061720_000,160,106,Militaryship,68,228,212,318
201807071010_000,150,88,Passengership,185,335,226,314
201807071010_001,84,62,Passengership,325,409,231,293
201807071010_000,28,80,Sailboat,616,644,200,280
201807071010_001,19,73,Sailboat,584,603,187,260
201807071010_002,11,44,Sailboat,718,729,219,263
201807071010_001,162,111,Passengership,30,192,238,349
201807071010_002,64,62,Passengership,414,478,231,293
201807071010_001,109,101,Passengership,200,309,216,317
201807071010_002,62,55,Passengership,474,536,231,286
201807071010_001,61,19,Motorboat,748,809,257,276
201807071010_002,47,18,Motorboat,852,899,252,270
201807071010_001,92,122,Sailboat,942,1034,164,286
201807071010_002,54,89,Sailboat,987,1041,187,276
201807071010_001,135,57,Passengership,1094,1229,247,304
201807071010_002,81,54,Passengership,1062,1143,234,288
201807071010_002,116,163,Sailboat,1153,1269,134,297
201807071010_003,162,109,Militaryship,835,997,186,295
201807071010_004,88,80,Militaryship,652,740,200,280
201807071010_005,66,64,Militaryship,706,772,206,270
201807071010_006,53,37,Militaryship,546,599,235,272
201807071010_002,94,154,Miscboat,320,414,161,315
201807071010_003,54,42,Miscboat,241,295,261,303
201807071010_005,198,124,Passengership,1055,1253,175,299
201807071010_006,105,64,Passengership,765,870,222,286
201807071010_004,111,86,Passengership,861,972,210,296
201807071010_005,73,57,Passengership,844,917,219,276
201807071010_006,52,29,Passengership,648,700,248,277
201807071010_002,125,126,Miscboat,145,270,216,342
201807071010_003,54,40,Miscboat,183,237,269,309
201807071010_003,75,182,Sailboat,75,150,141,323
201807071010_004,95,71,Motorboat,59,154,262,333
201807071010_005,48,57,Motorboat,315,363,240,297
201807071010_003,193,154,Militaryship,1045,1238,161,315
201807071010_004,77,87,Militaryship,759,836,200,287
201807071010_005,55,63,Militaryship,780,835,210,273
201807071010_006,39,38,Militaryship,607,646,235,273
201807071010_000,244,45,Ferry,751,995,257,302
201807071010_001,147,45,Ferry,480,627,244,289
201807071010_002,109,30,Ferry,548,657,247,277
201807071010_003,71,25,Ferry,344,415,257,282
201807071010_004,44,22,Ferry,317,361,255,277
201807071010_005,47,17,Ferry,418,465,252,269
201807071010_006,47,18,Ferry,351,398,258,276
201807071010_003,66,105,Sailboat,772,838,177,282
201807071010_003,88,68,Miscboat,10,98,281,349
201807071010_006,33,33,Motorboat,286,319,260,293
201807071010_000,43,96,Sailboat,491,534,187,283
201807071010_000,33,172,Sailboat,407,440,113,285
201807071010_006,259,111,Passengership,1008,1267,201,312
201807071010_001,62,55,Passengership,1033,1095,241,296
201807071015_000,187,85,Passengership,955,1142,221,306
201807071015_001,117,185,Passengership,1164,1281,152,337
201807071015_000,87,43,Passengership,796,883,240,283
201807071015_001,124,114,Passengership,858,982,179,293
201807071015_000,27,24,Motorboat,367,394,260,284
201807071015_001,43,39,Motorboat,278,321,258,297
201807071015_002,79,69,Motorboat,327,406,241,310
201807071015_003,150,89,Motorboat,83,233,252,341
201807071015_003,45,42,Motorboat,287,332,269,311
201807071015_004,90,74,Motorboat,1,91,282,356
201807071015_000,35,27,Passengership,721,756,246,273
201807071015_001,53,54,Passengership,746,799,227,281
201807071015_002,81,72,Passengership,1028,1109,219,291
201807071015_003,132,90,Passengership,1062,1194,218,308
201807071015_001,34,58,Militaryship,710,744,218,276
201807071015_002,54,54,Militaryship,967,1021,229,283
201807071015_003,85,92,Militaryship,962,1047,207,299
201807071015_004,132,161,Militaryship,1149,1281,158,319
201807071015_000,46,30,Militaryship,644,690,240,270
201807071015_001,43,52,Militaryship,662,705,220,272
201807071015_002,65,70,Militaryship,893,958,207,277
201807071015_003,97,78,Militaryship,851,948,212,290
201807071015_004,146,127,Militaryship,948,1094,170,297
201807071015_005,180,173,Militaryship,1101,1281,141,314
201807071015_004,58,34,Miscboat,298,356,272,306
201807071015_005,97,66,Miscboat,122,219,264,330
201807071015_005,108,62,Miscboat,987,1095,237,299
201807071015_006,101,64,Miscboat,1180,1281,251,315
201807071015_005,53,55,Passengership,339,392,244,299
201807071015_006,126,79,Passengership,158,284,245,324
201807071015_004,60,47,Miscboat,364,424,250,297
201807071015_005,96,56,Miscboat,249,345,256,312
201807071015_006,137,95,Miscboat,5,142,256,351
201807071015_002,24,27,Passengership,570,594,248,275
201807071015_003,28,33,Passengership,479,507,249,282
201807071015_004,40,38,Passengership,453,493,244,282
201807071015_005,55,51,Passengership,393,448,241,292
201807071015_006,86,79,Passengership,289,375,234,313
201807071015_005,58,40,Passengership,926,984,247,287
201807071015_006,96,60,Passengership,1043,1139,243,303
201807071015_007,88,85,Passengership,1192,1280,260,345
201807071015_006,31,36,Passengership,1008,1039,261,297
201807071015_007,102,81,Passengership,1082,1184,249,330
201807071015_006,70,101,Sailboat,936,1006,188,289
201807071015_007,144,179,Sailboat,934,1078,136,315
201807071015_000,30,25,Motorboat,558,588,260,285
201807071015_001,19,18,Motorboat,518,537,264,282
201807071015_002,23,15,Motorboat,744,767,259,274
201807071015_003,21,21,Motorboat,689,710,259,280
201807071015_004,17,13,Motorboat,700,717,259,272
201807071015_005,22,13,Motorboat,646,668,261,274
201807071015_000,46,14,Ferry,469,515,255,269
201807071015_001,49,20,Ferry,411,460,255,275
201807071015_002,45,19,Ferry,595,640,253,272
201807071015_003,47,17,Ferry,508,555,259,276
201807071015_004,66,24,Ferry,493,559,254,278
201807071015_005,101,26,Ferry,463,564,255,281
201807071015_006,124,38,Ferry,525,649,250,288
201807071015_007,185,55,Ferry,465,650,249,304
201807071015_008,281,82,Ferry,759,1040,238,320
201807071015_009,192,80,Motorboat,1021,1213,276,356
201807071015_008,46,30,Miscboat,267,313,268,298
201807071015_009,90,45,Miscboat,68,158,276,321
201807071015_007,17,15,Motorboat,436,453,265,280
201807071015_008,17,13,Motorboat,560,577,261,274
201807071015_009,17,13,Motorboat,544,561,259,272
201807071015_007,29,144,Sailboat,275,304,145,289
201807071015_008,41,175,Sailboat,355,396,116,291
201807071015_006,92,48,Passengership,381,473,241,289
201807071015_007,119,80,Passengership,117,236,230,310
201807071015_008,205,98,Passengership,68,273,224,322
201807071015_005,43,16,Motorboat,748,791,258,274
201807071015_006,48,88,Sailboat,786,834,187,275
201807071015_007,78,23,Motorboat,653,731,267,290
201807071015_010,21,23,Miscboat,458,479,253,276
201807071015_011,22,33,Miscboat,499,521,245,278
201807071015_012,37,29,Miscboat,246,283,263,292
201807071015_013,59,49,Miscboat,211,270,260,309
201807071015_010,23,79,Sailboat,479,502,194,273
201807071015_011,34,99,Sailboat,520,554,177,276
201807071015_012,38,126,Sailboat,296,334,158,284
201807071015_013,87,191,Sailboat,274,361,112,303
201807071015_014,124,345,Sailboat,1,125,1,346
201807071015_014,21,15,Miscboat,793,814,261,276
201807071015_015,32,26,Miscboat,725,757,259,285
201807071015_016,37,38,Miscboat,825,862,255,293
201807071015_017,69,48,Miscboat,975,1044,270,318
201807071015_015,49,22,Ferry,704,753,254,276
201807071015_016,74,20,Ferry,768,842,259,279
201807071015_017,85,32,Ferry,864,949,259,291
201807071015_018,137,45,Ferry,951,1088,264,309
201807071015_019,218,64,Passengership,1062,1280,285,349
201807071015_010,12,13,Motorboat,599,611,259,272
201807071015_011,12,9,Motorboat,697,709,258,267
201807071015_012,13,10,Motorboat,538,551,260,270
201807071015_013,14,11,Motorboat,701,715,257,268
201807071015_014,12,8,Motorboat,725,737,259,267
201807071015_015,13,9,Motorboat,649,662,259,268
201807071015_016,17,10,Motorboat,722,739,256,266
201807071015_017,11,9,Motorboat,782,793,256,265
201807071015_014,113,185,Sailboat,757,870,75,260
201807071015_015,104,185,Sailboat,699,803,60,245
201807071015_016,158,252,Sailboat,738,896,9,261
201807071015_017,177,264,Sailboat,823,1000,3,267
201807071015_018,235,294,Sailboat,861,1096,0,294
201807071015_019,478,342,Sailboat,802,1280,0,342
201807071015_020,148,366,Sailboat,1132,1280,1,367
201807071015_019,93,87,Militaryship,780,873,193,280
201807071015_020,143,122,Militaryship,839,982,171,293
201807071015_018,66,71,Cruiseship,866,932,201,272
201807071015_019,94,84,Cruiseship,727,821,187,271
201807071015_020,121,107,Cruiseship,753,874,165,272
201807071015_021,188,147,Cruiseship,696,884,138,285
201807071015_022,396,322,Cruiseship,720,1116,1,323
201807071015_023,412,409,Cruiseship,868,1280,1,410
201807071015_024,41,22,Boat,791,832,270,292
201807071015_025,64,29,Boat,1134,1198,295,324
201807071015_025,18,7,Boat,860,878,262,269
201807071015_026,14,10,Boat,1084,1098,266,276
201807071015_027,34,17,Boat,1177,1211,272,289
201807071015_025,12,9,Boat,521,533,265,274
201807071015_026,19,12,Boat,604,623,267,279
201807071015_027,39,29,Boat,573,612,281,310
201807071015_025,25,12,Motorboat,466,491,257,269
201807071015_027,30,18,Motorboat,443,473,258,276
201807071015_028,38,20,Motorboat,359,397,261,281
201807071015_028,16,29,Seamark,532,548,259,288
201807071015_029,22,42,Seamark,285,307,268,310
201807071015_025,19,41,Sailboat,543,562,227,268
201807071015_026,23,47,Sailboat,611,634,219,266
201807071015_027,37,50,Sailboat,537,574,219,269
201807071015_028,34,62,Sailboat,495,529,211,273
201807071015_029,39,78,Sailboat,297,336,204,282
201807071015_027,33,55,Sailboat,586,619,214,269
201807071015_028,31,52,Sailboat,541,572,216,268
201807071015_029,42,66,Sailboat,354,396,205,271
201807071015_030,47,104,Sailboat,60,107,200,304
201807071015_029,106,25,Miscboat,683,789,249,274
201807071015_030,140,33,Boat,475,615,255,288
201807071015_031,174,38,Miscboat,76,250,268,306
201807071015_026,26,14,Motorboat,1030,1056,250,264
201807071015_027,32,19,Motorboat,1039,1071,248,267
201807071015_028,39,23,Motorboat,1079,1118,246,269
201807071015_029,49,25,Motorboat,994,1043,246,271
201807071015_030,65,36,Motorboat,864,929,243,279
201807071015_031,79,26,Motorboat,563,642,256,282
201807071015_030,46,28,Militaryship,1184,1230,245,273
201807071015_031,58,35,Militaryship,923,981,239,274
201807071015_032,65,38,Militaryship,349,414,244,282
201807071015_033,88,40,Militaryship,213,301,252,292
201807071015_032,82,65,Militaryship,461,543,207,272
201807071015_034,104,89,Militaryship,156,260,201,290
201807071015_035,108,105,Militaryship,163,271,189,294
201807071015_036,89,126,Boat,4,93,183,309
201807071015_031,18,21,Sailboat,1162,1180,243,264
201807071015_032,9,20,Sailboat,613,622,242,262
201807071015_033,10,22,Sailboat,513,523,243,265
201807071015_034,12,22,Sailboat,303,315,250,272
201807071015_035,12,21,Sailboat,353,365,248,269
201807071015_036,13,23,Sailboat,233,246,251,274
201807071015_037,13,23,Sailboat,116,129,257,280
201807071015_038,13,18,Sailboat,129,142,262,280
201807071015_034,5,14,Seamark,433,438,264,278
201807071015_035,6,15,Seamark,510,516,263,278
201807071015_036,10,17,Seamark,421,431,268,285
201807071015_037,4,19,Seamark,296,300,273,292
201807071015_038,13,30,Seamark,277,290,272,302
201807071015_039,16,37,Seamark,24,40,292,329
201807071015_037,6,11,Seamark,144,150,270,281
201807071015_038,4,11,Seamark,176,180,270,281
201807071015_037,11,15,Seamark,186,197,272,287
201807071015_038,8,13,Seamark,192,200,277,290
201807071015_032,15,10,Boat,567,582,264,274
201807071015_033,18,10,Boat,530,548,265,275
201807071015_034,16,9,Boat,376,392,271,280
201807071015_035,12,9,Boat,459,471,264,273
201807071015_036,11,8,Boat,361,372,268,276
201807071015_037,10,7,Boat,265,275,273,280
201807071015_038,12,10,Boat,321,333,270,280
201807071015_039,21,9,Boat,264,285,271,280
201807071015_040,10,8,Boat,200,210,274,282
201807071015_037,5,13,Seamark,304,309,267,280
201807071015_038,6,13,Seamark,333,339,269,282
201807071015_039,6,13,Seamark,198,204,275,288
201807071015_040,8,16,Seamark,43,51,281,297
201807071015_032,5,13,Seamark,685,690,252,265
201807071015_033,7,16,Seamark,632,639,254,270
201807071015_034,7,15,Seamark,463,470,258,273
201807071015_035,6,17,Seamark,556,562,255,272
201807071015_036,15,23,Seamark,475,490,255,278
201807071015_037,8,23,Seamark,378,386,259,282
201807071015_038,9,24,Seamark,412,421,259,283
201807071015_039,16,39,Seamark,271,287,260,299
201807071015_040,14,36,Seamark,92,106,270,306
201807071015_041,14,45,Seamark,33,47,274,319
201807071015_040,5,10,Seamark,248,253,266,276
201807071015_041,15,14,Seamark,298,313,262,276
201807071015_042,6,11,Seamark,342,348,264,275
201807071015_043,7,15,Seamark,377,384,264,279
201807071015_044,6,15,Seamark,261,267,264,279
201807071015_045,11,21,Seamark,273,284,263,284
201807071015_046,8,18,Seamark,166,174,271,289
201807071015_047,8,20,Seamark,88,96,273,293
201807071015_045,119,31,Militaryship,839,958,236,267
201807071015_046,156,40,Militaryship,803,959,229,269
201807071015_047,150,51,Militaryship,861,1011,214,265
201807071015_048,188,64,Militaryship,1047,1235,208,272
201807071015_049,74,105,Militaryship,980,1054,192,297
201807071015_050,108,132,Militaryship,1161,1269,173,305
201807071015_047,26,47,Sailboat,536,562,225,272
201807071015_048,29,53,Sailboat,558,587,221,274
201807071015_049,34,65,Sailboat,523,557,216,281
201807071015_050,43,73,Sailboat,552,595,207,280
201807071015_051,51,88,Sailboat,513,564,197,285
201807071015_052,63,131,Sailboat,49,112,181,312
201807071015_047,27,11,Motorboat,583,610,259,270
201807071015_048,30,12,Motorboat,613,643,260,272
201807071015_049,40,22,Motorboat,589,629,257,279
201807071015_050,39,16,Motorboat,634,673,262,278
201807071015_051,43,18,Motorboat,609,652,263,281
201807071015_052,78,31,Motorboat,173,251,273,304
201807071015_047,27,10,Motorboat,684,711,259,269
201807071015_049,35,12,Motorboat,726,761,263,275
201807071015_050,36,13,Motorboat,785,821,262,275
201807071015_052,68,19,Motorboat,442,510,273,292
201807071015_047,10,11,Motorboat,734,744,255,266
201807071015_048,11,12,Motorboat,782,793,255,267
201807071015_049,14,15,Motorboat,788,802,256,271
201807071015_050,17,17,Motorboat,855,872,255,272
201807071015_051,18,18,Motorboat,862,880,254,272
201807071015_052,26,27,Motorboat,546,572,258,285
201807071015_053,44,61,Motorboat,126,170,255,316
201807071015_052,8,34,Seamark,998,1006,266,300
201807071015_053,9,79,Seamark,1040,1049,287,366
201807071015_052,6,23,Seamark,787,793,266,289
201807071015_053,8,34,Seamark,490,498,281,315
201807071015_054,16,61,Seamark,143,159,305,366
201807071015_050,44,62,Sailboat,936,980,212,274
201807071015_051,51,73,Sailboat,957,1008,204,277
201807071015_052,71,121,Sailboat,690,761,168,289
201807071015_053,112,190,Sailboat,330,442,123,313
201807071015_057,32,11,Motorboat,96,128,277,288
201807071015_058,37,16,Motorboat,327,364,265,281
201807071015_056,8,19,Seamark,159,167,275,294
201807071015_057,22,29,Seamark,569,591,262,291
201807071015_058,18,39,Seamark,530,548,263,302
201807071015_003,58,40,Miscboat,222,280,279,319
201807071015_033,50,22,Miscboat,142,192,272,294
201807071015_036,177,114,Militaryship,57,234,183,297
201807071015_004,58,181,Sailboat,190,248,142,323
201807071015_009,45,145,Sailboat,737,782,144,289
201807071015_007,23,72,Sailboat,311,334,214,286
201807071015_008,29,113,Sailboat,396,425,175,288
201807071015_008,30,106,Sailboat,426,456,175,281
201807071015_010,240,383,Sailboat,1041,1281,1,384
201807071015_055,30,163,Sailboat,849,879,129,292
201807071015_056,34,49,Sailboat,672,706,219,268
201807071015_024,116,398,Cruiseship,1164,1280,0,398
201807071015_000,19,11,Boat,520,539,267,278
201807071015_009,24,20,Motorboat,622,646,256,276
201807071015_008,28,25,Motorboat,459,487,251,276
201807071015_011,89,73,Motorboat,1108,1197,267,340
201807071015_010,9,6,Boat,614,623,262,268
201807071015_031,39,23,Motorboat,2,41,288,311
201807071015_052,24,13,Boat,1047,1071,273,286
201807071015_055,57,50,Motorboat,1223,1280,288,338
201807071015_055,45,36,Boat,1000,1045,274,310
201807071015_055,46,43,Motorboat,878,924,267,310
201807071015_058,38,11,Boat,772,810,260,271
201807071015_021,360,231,Militaryship,886,1246,102,333
201807071015_020,79,47,Militaryship,957,1036,241,288
201807071015_004,87,65,Miscboat,98,185,272,337
201807071015_010,104,87,Miscboat,114,218,233,320
201807071015_009,9,54,Seamark,932,941,279,333
201807071015_031,5,13,Seamark,1217,1222,256,269
201807071015_034,9,33,Seamark,73,82,279,312
201807071015_043,4,10,Seamark,64,68,278,288
201807071015_048,6,32,Seamark,2,8,276,308
201807071015_055,15,111,Seamark,1230,1245,330,441
201807071015_031,13,9,Miscellaneous,588,601,344,353
201807071015_031,19,21,Miscellaneous,1077,1096,353,374
201807071045_000,11,30,Seamark,911,922,247,277
201807071045_001,14,37,Seamark,884,898,246,283
201807071045_002,23,62,Seamark,1253,1276,252,314
201807071045_000,46,17,Boat,222,268,280,297
201807071045_001,33,14,Boat,306,339,277,291
201807071045_002,25,11,Boat,585,610,270,281
201807071045_003,20,14,Boat,428,448,270,284
201807071045_004,18,13,Boat,368,386,272,285
201807071045_005,15,9,Boat,472,487,271,280
201807071045_004,7,15,Seamark,581,588,252,267
201807071045_005,8,16,Seamark,693,701,249,265
201807071045_006,11,24,Seamark,913,924,248,272
201807071045_007,9,20,Seamark,918,927,250,270
201807071045_008,10,22,Seamark,823,833,254,276
201807071045_009,13,33,Seamark,1003,1016,249,282
201807071045_004,7,15,Seamark,218,225,265,280
201807071045_005,8,16,Seamark,293,301,261,277
201807071045_006,9,18,Seamark,467,476,256,274
201807071045_007,9,22,Seamark,386,395,258,280
201807071045_008,9,24,Seamark,192,201,267,291
201807071045_009,14,38,Seamark,226,240,264,302
201807071045_000,14,48,Sailboat,662,676,226,274
201807071045_001,12,36,Sailboat,574,586,233,269
201807071045_002,9,39,Sailboat,680,689,228,267
201807071045_003,15,43,Sailboat,445,460,235,278
201807071045_004,10,38,Sailboat,360,370,236,274
201807071045_005,9,43,Sailboat,457,466,228,271
201807071045_006,10,47,Sailboat,657,667,222,269
201807071045_007,14,37,Sailboat,620,634,229,266
201807071045_008,11,39,Sailboat,490,501,232,271
201807071045_011,3,13,Seamark,889,892,249,262
201807071045_012,8,18,Seamark,856,864,247,265
201807071045_013,7,16,Seamark,971,978,252,268
201807071045_004,6,11,Seamark,466,472,255,266
201807071045_005,7,12,Seamark,571,578,253,265
201807071045_006,8,13,Seamark,779,787,249,262
201807071045_007,7,12,Seamark,743,750,252,264
201807071045_008,5,13,Seamark,609,614,254,267
201807071045_009,6,14,Seamark,741,747,251,265
201807071045_010,7,15,Seamark,784,791,252,267
201807071045_011,5,15,Seamark,918,923,256,271
201807071045_012,9,28,Seamark,918,927,246,274
201807071045_013,11,32,Seamark,1087,1098,252,284
201807071045_014,10,36,Seamark,1098,1108,252,288
201807071045_004,5,8,Seamark,241,246,265,273
201807071045_005,6,9,Seamark,331,337,261,270
201807071045_006,7,10,Seamark,521,528,256,266
201807071045_007,6,12,Seamark,461,467,257,269
201807071045_008,3,10,Seamark,305,308,264,274
201807071045_009,3,11,Seamark,405,408,260,271
201807071045_010,3,12,Seamark,380,383,262,274
201807071045_011,5,15,Seamark,416,421,261,276
201807071045_012,8,24,Seamark,307,315,262,286
201807071045_013,12,29,Seamark,329,341,260,289
201807071045_014,11,33,Seamark,93,104,275,308
201807071045_015,13,50,Seamark,171,184,262,312
201807071045_016,21,61,Seamark,127,148,267,328
201807071045_001,66,28,Motorboat,15,81,288,316
201807071045_002,58,26,Motorboat,380,438,272,298
201807071045_003,33,31,Motorboat,375,408,272,303
201807071045_004,35,26,Motorboat,307,342,272,298
201807071045_005,29,20,Motorboat,426,455,270,290
201807071045_006,29,31,Motorboat,668,697,260,291
201807071045_007,28,22,Motorboat,663,691,261,283
201807071045_008,22,20,Motorboat,550,572,264,284
201807071045_009,24,17,Motorboat,679,703,266,283
201807071045_010,26,19,Motorboat,714,740,264,283
201807071045_011,22,16,Motorboat,770,792,260,276
201807071045_012,26,18,Motorboat,728,754,257,275
201807071045_013,19,15,Motorboat,846,865,261,276
201807071045_014,16,15,Motorboat,746,762,261,276
201807071045_015,21,14,Motorboat,1006,1027,256,270
201807071045_016,17,16,Motorboat,1163,1180,256,272
201807071045_017,14,13,Motorboat,1229,1243,256,269
201807071045_011,21,27,Sailboat,597,618,237,264
201807071045_012,23,30,Sailboat,555,578,235,265
201807071045_013,12,32,Sailboat,653,665,235,267
201807071045_014,8,28,Sailboat,550,558,238,266
201807071045_015,9,31,Sailboat,807,816,232,263
201807071045_016,11,34,Sailboat,974,985,228,262
201807071045_017,9,27,Sailboat,1044,1053,232,259
201807071045_017,26,14,Motorboat,7,33,279,293
201807071045_018,29,15,Motorboat,105,134,272,287
201807071045_019,32,16,Motorboat,159,191,270,286
201807071045_020,33,10,Motorboat,59,92,285,295
201807071045_019,20,11,Motorboat,308,328,267,278
201807071045_020,24,12,Motorboat,306,330,271,283
201807071045_021,15,14,Motorboat,244,259,275,289
201807071045_022,25,17,Motorboat,740,765,262,279
201807071045_023,49,24,Motorboat,1227,1276,260,284
201807071045_023,69,19,Miscboat,517,586,271,290
201807071045_024,102,30,Miscboat,759,861,269,299
201807071045_023,94,203,Sailboat,287,381,113,316
201807071045_024,101,333,Sailboat,404,505,27,360
201807071045_023,79,115,Sailboat,169,248,194,309
201807071045_024,124,176,Sailboat,263,387,138,314
201807071045_023,59,331,Sailboat,100,159,5,336
201807071045_024,67,374,Sailboat,69,136,3,377
201807071045_022,71,24,Motorboat,209,280,281,305
201807071045_023,133,32,Motorboat,383,516,285,317
201807071045_024,278,64,Motorboat,484,762,310,374
201807071045_025,140,38,Miscboat,682,822,287,325
201807071045_026,141,40,Miscboat,512,653,287,327
201807071045_025,67,39,Motorboat,526,593,288,327
201807071045_026,60,40,Motorboat,373,433,296,336
201807071045_025,563,204,Motorboat,439,1002,382,586
201807071045_026,509,194,Motorboat,416,925,391,585
201807071045_025,58,234,Sailboat,611,669,96,330
201807071045_026,62,248,Sailboat,442,504,91,339
201807071045_025,382,471,Sailboat,111,493,1,472
201807071045_026,348,440,Sailboat,17,365,1,441
201807071045_027,110,256,Sailboat,158,268,81,337
201807071045_028,62,280,Sailboat,2,64,57,337
201807071045_029,54,161,Sailboat,56,110,159,320
201807071045_027,74,140,Sailboat,1110,1184,166,306
201807071045_028,60,138,Sailboat,731,791,160,298
201807071045_029,79,106,Sailboat,1047,1126,181,287
201807071045_027,126,53,Motorboat,778,904,250,303
201807071045_028,104,44,Motorboat,415,519,252,296
201807071045_029,92,35,Motorboat,820,912,250,285
201807071045_030,57,30,Motorboat,1126,1183,253,283
201807071045_027,176,40,Motorboat,512,688,305,345
201807071045_028,158,41,Motorboat,177,335,297,338
201807071045_029,104,23,Motorboat,704,808,278,301
201807071045_030,104,17,Motorboat,978,1082,279,296
201807071045_027,127,341,Sailboat,384,511,1,342
201807071045_028,107,347,Sailboat,66,173,1,348
201807071045_029,58,176,Sailboat,550,608,131,307
201807071045_030,70,261,Sailboat,881,951,40,301
201807071045_027,72,153,Sailboat,68,140,189,342
201807071045_029,46,179,Sailboat,496,542,129,308
201807071045_030,82,206,Sailboat,806,888,90,296
201807071045_029,52,165,Sailboat,361,413,144,309
201807071045_030,50,169,Sailboat,637,687,130,299
201807071045_029,48,143,Sailboat,308,356,169,312
201807071045_030,42,124,Sailboat,591,633,175,299
201807071045_029,48,128,Sailboat,205,253,186,314
201807071045_030,40,132,Sailboat,502,542,164,296
201807071045_029,48,180,Sailboat,420,468,130,310
201807071045_030,67,185,Sailboat,697,764,115,300
201807071045_029,40,131,Sailboat,113,153,185,316
201807071045_030,51,127,Sailboat,384,435,174,301
201807071045_029,43,161,Sailboat,259,302,152,313
201807071045_030,37,158,Sailboat,545,582,139,297
201807071045_027,136,273,Sailboat,674,810,64,337
201807071045_028,113,249,Sailboat,326,439,78,327
201807071045_029,89,173,Sailboat,757,846,127,300
201807071045_029,34,108,Sailboat,165,199,205,313
201807071045_030,51,121,Sailboat,443,494,181,302
201807071045_031,23,60,Sailboat,792,815,210,270
201807071045_031,8,22,Seamark,58,66,279,301
201807071045_032,14,25,Seamark,225,239,266,291
201807071045_033,13,23,Seamark,265,278,267,290
201807071045_034,10,23,Seamark,404,414,259,282
201807071045_035,10,28,Seamark,277,287,269,297
201807071045_031,22,41,Sailboat,614,636,236,277
201807071045_032,34,61,Sailboat,1181,1215,213,274
201807071045_032,6,21,Seamark,532,538,257,278
201807071045_033,14,36,Seamark,639,653,250,286
201807071045_034,13,37,Seamark,840,853,246,283
201807071045_035,14,60,Seamark,942,956,246,306
201807071045_036,9,24,Seamark,536,545,253,277
201807071045_037,8,21,Seamark,222,230,268,289
201807071045_038,7,20,Seamark,164,171,270,290
201807071045_036,9,27,Seamark,1000,1009,249,276
201807071045_037,9,25,Seamark,752,761,249,274
201807071045_038,10,25,Seamark,793,803,250,275
201807071045_039,17,45,Seamark,803,820,246,291
201807071045_040,31,103,Seamark,1083,1114,240,343
201807071045_040,6,13,Seamark,987,993,248,261
201807071045_041,10,19,Seamark,624,634,255,274
201807071045_042,9,17,Seamark,833,842,255,272
201807071045_043,9,27,Seamark,576,585,254,281
201807071045_044,11,29,Seamark,948,959,249,278
201807071045_045,17,53,Seamark,986,1003,248,301
201807071045_046,24,79,Seamark,1050,1074,244,323
201807071045_046,4,10,Seamark,907,911,251,261
201807071045_047,13,16,Seamark,733,746,252,268
201807071045_048,13,20,Seamark,663,676,253,273
201807071045_049,7,23,Seamark,562,569,253,276
201807071045_050,9,23,Seamark,768,777,250,273
201807071045_051,10,29,Seamark,1013,1023,251,280
201807071045_044,185,131,Motorboat,3,188,261,392
201807071045_045,169,128,Motorboat,317,486,213,341
201807071045_046,115,109,Motorboat,437,552,213,322
201807071045_047,82,88,Motorboat,379,461,223,311
201807071045_048,66,64,Motorboat,364,430,235,299
201807071045_049,57,54,Motorboat,299,356,243,297
201807071045_050,52,48,Motorboat,540,592,237,285
201807071045_051,43,42,Motorboat,852,895,234,276
201807071045_020,13,10,Boat,1,14,288,298
201807071045_020,17,70,Boat,12,29,231,301
201807071045_020,26,9,Miscboat,31,57,287,296
201807071045_026,58,34,Motorboat,315,373,297,331
201807071045_026,34,25,Boat,403,437,313,338
201807071045_038,9,7,Motorboat,808,817,254,261
201807071045_002,6,20,Sailboat,596,602,242,262
201807071045_018,46,81,Sailboat,2,48,211,292
201807071045_023,56,125,Sailboat,457,513,165,290
201807071045_023,61,294,Sailboat,27,88,46,340
201807071045_026,484,515,Sailboat,65,549,3,518
201807071045_027,88,285,Sailboat,289,377,56,341
201807071045_027,57,201,Sailboat,2,59,141,342
201807071045_030,36,162,Sailboat,343,379,140,302
201807071045_050,33,21,Passengership,1013,1046,234,255
201807071045_013,14,9,Boat,879,893,262,271
201807071045_031,19,10,Motorboat,747,766,260,270
201807071045_031,17,11,Motorboat,724,741,261,272
201807071045_031,44,21,Motorboat,829,873,250,271
201807071045_036,17,12,Boat,829,846,261,273
201807071045_039,34,17,Motorboat,422,456,278,295
201807071045_050,84,33,Militaryship,1102,1186,224,257
201807071045_013,15,13,Boat,1265,1280,296,309
201807071045_013,26,14,Boat,368,394,288,302
201807071045_031,5,12,Seamark,301,306,268,280
201807071045_031,5,10,Seamark,78,83,280,290
201807071045_034,7,15,Seamark,1198,1205,248,263
201807071045_035,4,14,Seamark,913,917,249,263
201807071045_036,73,250,Seamark,1161,1234,236,486
201807071045_034,6,13,Seamark,902,908,248,261
201807071045_041,3,12,Seamark,190,193,270,282
201807071045_040,5,12,Seamark,622,627,254,266
201807071045_042,8,17,Seamark,295,303,263,280
201807071045_043,5,10,Seamark,686,691,254,264
201807071045_050,29,46,Cruiseship,362,391,222,268
201807071045_022,12,17,Miscellaneous,65,77,329,346
201807071045_031,7,9,Miscellaneous,1223,1230,276,285
201807071045_031,10,8,Miscellaneous,1093,1103,314,322
201807071045_031,8,10,Miscellaneous,1105,1113,289,299
201807071045_031,10,6,Miscellaneous,694,704,306,312
201807071115_000,55,28,Passengership,820,875,240,268
201807071115_001,78,37,Passengership,387,465,244,281
201807071115_002,198,71,Passengership,134,332,240,311
201807071115_000,67,57,Militaryship,1214,1281,205,262
201807071115_001,76,65,Militaryship,940,1016,198,263
201807071115_002,120,58,Militaryship,1083,1203,204,262
201807071115_003,115,62,Militaryship,1162,1277,204,266
201807071115_001,6,14,Seamark,700,706,252,266
201807071115_002,11,28,Seamark,824,835,246,274
201807071115_003,9,22,Seamark,870,879,254,276
201807071115_004,12,36,Seamark,829,841,248,284
201807071115_005,13,41,Seamark,911,924,255,296
201807071115_006,37,125,Seamark,1155,1192,240,365
201807071115_007,6,45,Seamark,1177,1183,268,313
201807071115_002,27,11,Passengership,872,899,245,256
201807071115_003,45,29,Passengership,823,868,240,269
201807071115_004,58,37,Passengership,593,651,244,281
201807071115_005,107,62,Passengership,402,509,240,302
201807071115_006,49,16,Miscboat,168,217,284,300
201807071115_008,265,114,Militaryship,1004,1269,182,296
201807071115_009,198,53,Militaryship,1080,1278,253,306
201807071115_000,26,27,Motorboat,893,919,244,271
201807071115_001,28,29,Motorboat,623,651,244,273
201807071115_002,28,19,Motorboat,780,808,245,264
201807071115_003,37,24,Motorboat,937,974,240,264
201807071115_004,37,23,Motorboat,1001,1038,239,262
201807071115_005,14,19,Passengership,1119,1133,243,262
201807071115_006,24,17,Motorboat,1100,1124,242,259
201807071115_007,36,21,Motorboat,791,827,241,262
201807071115_008,41,18,Motorboat,360,401,255,273
201807071115_008,53,16,Motorboat,810,863,248,264
201807071115_009,58,18,Motorboat,749,807,247,265
201807071115_010,64,20,Motorboat,969,1033,246,266
201807071115_011,102,30,Motorboat,983,1085,246,276
201807071115_012,117,25,Motorboat,1112,1229,247,272
201807071115_021,39,31,Miscboat,973,1012,255,286
201807071115_022,48,43,Miscboat,1043,1091,252,295
201807071115_023,48,44,Miscboat,1224,1272,260,304
201807071115_017,34,50,Cruiseship,7,41,243,293
201807071115_018,46,53,Cruiseship,166,212,235,288
201807071115_019,56,93,Cruiseship,344,400,184,277
201807071115_020,74,77,Cruiseship,311,385,205,282
201807071115_021,99,93,Cruiseship,393,492,188,281
201807071115_022,123,165,Cruiseship,355,478,128,293
201807071115_023,175,123,Cruiseship,264,439,166,289
201807071115_024,299,185,Cruiseship,66,365,135,320
201807071115_025,231,351,Cruiseship,-4,227,1,352
201807071115_020,7,8,Miscboat,466,473,260,268
201807071115_021,17,17,Miscboat,571,588,253,270
201807071115_022,9,10,Miscboat,568,577,260,270
201807071115_023,15,14,Miscboat,530,545,260,274
201807071115_024,36,31,Miscboat,433,469,266,297
201807071115_020,15,33,Militaryship,389,404,241,274
201807071115_021,28,34,Militaryship,493,521,235,269
201807071115_022,36,52,Militaryship,479,515,222,274
201807071115_023,48,38,Militaryship,439,487,238,276
201807071115_024,86,57,Militaryship,365,451,232,289
201807071115_025,96,113,Militaryship,315,411,189,302
201807071115_026,166,145,Militaryship,86,252,173,318
201807071115_028,17,14,Boat,559,576,269,283
201807071115_029,43,30,Boat,268,311,300,330
201807071115_019,51,96,Sailboat,379,430,174,270
201807071115_020,56,104,Sailboat,388,444,164,268
201807071115_021,68,117,Sailboat,503,571,153,270
201807071115_022,76,127,Sailboat,497,573,138,265
201807071115_023,86,138,Sailboat,471,557,127,265
201807071115_024,63,160,Sailboat,469,532,111,271
201807071115_025,97,208,Sailboat,438,535,75,283
201807071115_026,144,233,Sailboat,304,448,48,281
201807071115_027,217,294,Sailboat,182,399,1,295
201807071115_028,426,327,Sailboat,-4,422,1,328
201807071115_029,155,342,Sailboat,0,155,0,342
201807071115_029,14,8,Boat,379,393,277,285
201807071115_030,36,27,Boat,281,317,285,312
201807071115_029,23,23,Motorboat,264,287,273,296
201807071115_030,35,28,Motorboat,187,222,281,309
201807071115_031,61,43,Motorboat,13,74,292,335
201807071115_028,29,70,Sailboat,693,722,197,267
201807071115_029,30,75,Sailboat,576,606,196,271
201807071115_030,31,99,Sailboat,641,672,173,272
201807071115_031,47,117,Sailboat,638,685,160,277
201807071115_032,52,147,Sailboat,689,741,134,281
201807071115_033,90,193,Sailboat,765,855,92,285
201807071115_034,141,307,Sailboat,858,999,7,314
201807071115_035,131,108,Miscboat,1117,1248,246,354
201807071115_035,13,7,Boat,526,539,272,279
201807071115_036,24,15,Boat,459,483,280,295
201807071115_037,54,46,Boat,221,275,292,338
201807071115_038,88,146,Sailboat,53,141,170,316
201807071115_035,38,13,Motorboat,423,461,268,281
201807071115_036,46,16,Motorboat,379,425,269,285
201807071115_037,53,23,Motorboat,273,326,273,296
201807071115_036,45,53,Miscboat,765,810,229,282
201807071115_037,58,91,Miscboat,742,800,196,287
201807071115_038,107,108,Miscboat,729,836,195,303
201807071115_029,13,12,Motorboat,480,493,256,268
201807071115_030,14,13,Motorboat,530,544,254,267
201807071115_031,15,14,Motorboat,522,537,252,266
201807071115_032,14,14,Motorboat,554,568,254,268
201807071115_033,15,15,Motorboat,614,629,252,267
201807071115_034,53,18,Motorboat,573,626,249,267
201807071115_035,54,20,Motorboat,543,597,252,272
201807071115_036,40,16,Motorboat,513,553,257,273
201807071115_037,43,36,Motorboat,428,471,246,282
201807071115_038,50,43,Motorboat,320,370,246,289
201807071115_039,70,40,Motorboat,224,294,266,306
201807071115_040,123,104,Motorboat,2,125,241,345
201807071115_029,12,14,Motorboat,497,509,253,267
201807071115_030,21,16,Motorboat,549,570,251,267
201807071115_031,19,15,Motorboat,552,571,251,266
201807071115_032,17,14,Motorboat,590,607,252,266
201807071115_033,24,23,Motorboat,650,674,244,267
201807071115_034,23,22,Motorboat,679,702,244,266
201807071115_035,22,21,Motorboat,707,729,248,269
201807071115_036,25,20,Motorboat,730,755,251,271
201807071115_037,30,35,Motorboat,689,719,241,276
201807071115_038,41,44,Motorboat,663,704,241,285
201807071115_039,64,66,Motorboat,758,822,238,304
201807071115_040,227,210,Motorboat,980,1207,181,391
201807071115_041,80,310,Sailboat,1140,1220,31,341
201807071115_035,38,61,Sailboat,432,470,219,280
201807071115_038,42,111,Sailboat,258,300,185,296
201807071115_041,106,224,Sailboat,332,438,82,306
201807071115_038,42,179,Sailboat,413,455,121,300
201807071115_041,50,93,Sailboat,516,566,193,286
201807071115_040,34,332,Sailboat,950,984,1,333
201807071115_041,85,63,Motorboat,1060,1145,279,342
201807071115_041,62,200,Sailboat,905,967,97,297
201807071115_042,122,66,Passengership,958,1080,226,292
201807071115_043,230,218,Sailboat,1010,1240,105,323
201807071115_044,68,30,Miscboat,464,532,255,285
201807071115_045,109,52,Miscboat,117,226,262,314
201807071115_042,133,37,Ferry,632,765,249,286
201807071115_043,191,58,Ferry,432,623,248,306
201807071115_041,94,27,Ferry,767,861,246,273
201807071115_044,333,97,Ferry,136,469,249,346
201807071115_041,33,33,Passengership,879,912,237,270
201807071115_042,47,42,Passengership,885,932,233,275
201807071115_043,71,62,Passengership,868,939,223,285
201807071115_044,107,81,Passengership,1095,1202,214,295
201807071115_045,150,124,Passengership,1131,1281,205,329
201807071115_044,5,4,Boat,845,850,259,263
201807071115_045,9,7,Boat,619,628,262,269
201807071115_046,8,6,Boat,715,723,261,267
201807071115_047,7,5,Boat,665,672,266,271
201807071115_048,16,9,Boat,654,670,265,274
201807071115_049,15,8,Boat,649,664,269,277
201807071115_050,14,7,Boat,681,695,271,278
201807071115_051,19,14,Boat,782,801,269,283
201807071115_052,23,16,Boat,747,770,273,289
201807071115_053,49,32,Boat,608,657,270,302
201807071115_054,34,17,Boat,479,513,285,302
201807071115_044,7,4,Boat,816,823,259,263
201807071115_045,11,8,Boat,587,598,262,270
201807071115_046,10,7,Boat,681,691,262,269
201807071115_047,9,6,Boat,636,645,266,272
201807071115_048,15,9,Boat,622,637,266,275
201807071115_049,14,8,Boat,614,628,270,278
201807071115_050,13,7,Boat,646,659,272,279
201807071115_051,23,14,Boat,734,757,270,284
201807071115_052,22,17,Boat,713,735,271,288
201807071115_053,26,22,Boat,620,646,277,299
201807071115_054,39,31,Boat,425,464,287,318
201807071115_044,34,50,Passengership,1054,1088,237,287
201807071115_045,157,71,Passengership,977,1134,238,309
201807071115_044,48,32,Miscboat,1003,1051,245,277
201807071115_045,86,35,Miscboat,875,961,255,290
201807071115_046,144,97,Miscboat,1096,1240,228,325
201807071115_041,42,42,Militaryship,624,666,224,266
201807071115_042,46,27,Militaryship,548,594,245,272
201807071115_043,61,70,Militaryship,459,520,207,277
201807071115_044,73,83,Militaryship,530,603,199,282
201807071115_045,114,57,Militaryship,213,327,242,299
201807071115_046,177,162,Militaryship,156,333,168,330
201807071115_044,26,46,Militaryship,597,623,226,272
201807071115_045,57,64,Militaryship,309,366,227,291
201807071115_046,72,81,Militaryship,331,403,217,298
201807071115_047,140,94,Militaryship,18,158,246,340
201807071115_047,79,134,Sailboat,981,1060,175,309
201807071115_048,61,213,Sailboat,1217,1278,133,346
201807071115_047,58,42,Motorboat,931,989,252,294
201807071115_048,114,70,Motorboat,1095,1209,261,331
201807071115_047,39,32,Miscboat,882,921,257,289
201807071115_048,74,43,Miscboat,978,1052,263,306
201807071115_047,62,52,Motorboat,825,887,235,287
201807071115_048,90,56,Motorboat,881,971,242,298
201807071115_049,214,111,Motorboat,1003,1217,231,342
201807071115_041,18,22,Passengership,679,697,241,263
201807071115_042,22,27,Passengership,621,643,238,265
201807071115_043,23,28,Passengership,553,576,238,266
201807071115_044,27,36,Passengership,646,673,231,267
201807071115_045,34,18,Passengership,396,430,260,278
201807071115_046,48,37,Passengership,458,506,241,278
201807071115_047,56,36,Passengership,323,379,252,288
201807071115_048,91,44,Passengership,210,301,257,301
201807071115_049,144,120,Passengership,12,156,210,330
201807071115_047,22,23,Miscboat,515,537,249,272
201807071115_048,21,22,Miscboat,487,508,250,272
201807071115_049,21,22,Miscboat,445,466,252,274
201807071115_050,40,33,Miscboat,400,440,248,281
201807071115_047,17,22,Miscboat,537,554,249,271
201807071115_048,19,24,Miscboat,510,529,247,271
201807071115_049,17,21,Miscboat,472,489,251,272
201807071115_050,29,32,Miscboat,441,470,249,281
201807071115_051,38,41,Miscboat,464,502,245,286
201807071115_052,58,38,Miscboat,293,351,261,299
201807071115_053,61,41,Miscboat,4,65,280,321
201807071115_050,15,12,Boat,554,569,268,280
201807071115_051,47,25,Boat,464,511,288,313
201807071115_053,56,49,Miscboat,944,1000,256,305
201807071115_054,184,82,Miscboat,998,1182,274,356
201807071115_021,62,41,Miscboat,1081,1143,260,301
201807071115_021,47,33,Miscboat,1016,1063,257,290
201807071115_020,13,10,Motorboat,516,529,256,266
201807071115_023,15,10,Motorboat,578,593,255,265
201807071115_029,100,36,Passengership,131,231,279,315
201807071115_039,283,197,Miscboat,968,1251,181,378
201807071115_039,62,49,Motorboat,894,956,268,317
201807071115_041,90,62,Motorboat,9,99,294,356
201807071115_016,110,144,Sailboat,821,931,152,296
201807071115_037,21,93,Sailboat,581,602,184,277
201807071115_043,124,343,Sailboat,28,152,16,359
201807071115_041,73,124,Sailboat,439,512,168,292
201807071115_041,119,234,Sailboat,213,332,86,320
201807071115_042,151,380,Sailboat,0,151,0,380
201807071115_041,109,270,Sailboat,104,213,71,341
201807071115_038,76,123,Sailboat,181,257,177,300
201807071115_038,64,139,Sailboat,120,184,173,312
201807071115_040,71,302,Sailboat,881,952,19,321
201807071115_041,63,301,Sailboat,1042,1105,8,309
201807071115_041,75,309,Sailboat,966,1041,12,321
201807071115_042,136,345,Sailboat,1123,1259,1,346
201807071115_047,108,225,Sailboat,1072,1180,83,308
201807071115_041,29,19,Miscboat,592,621,253,272
201807071115_045,82,55,Passengership,0,82,287,342
201807071115_015,30,19,Boat,334,364,274,293
201807071115_039,17,14,Boat,430,447,279,293
201807071115_040,81,38,Motorboat,89,170,335,373
201807071115_042,157,54,Motorboat,152,309,275,329
201807071115_052,138,102,Motorboat,1136,1274,244,346
201807071115_054,81,24,Motorboat,798,879,270,294
201807071115_000,53,62,Cruiseship,246,299,216,278
201807071115_026,110,119,Militaryship,0,110,202,321
201807071115_000,27,84,Seamark,1153,1180,243,327
201807071115_004,15,58,Seamark,941,956,265,323
201807071115_011,6,72,Seamark,1102,1108,252,324
201807071115_035,37,12,Ferry,614,651,256,268
201807071145_000,73,64,Passengership,900,973,227,291
201807071145_001,115,64,Passengership,648,763,222,286
201807071145_002,182,110,Passengership,842,1024,204,314
201807071145_003,105,189,Passengership,1176,1281,179,368
201807071145_000,28,28,Motorboat,496,524,250,278
201807071145_001,34,40,Motorboat,147,181,246,286
201807071145_002,60,37,Motorboat,119,179,254,291
201807071145_003,105,72,Motorboat,1,106,238,310
201807071145_002,35,23,Miscboat,168,203,265,288
201807071145_003,58,44,Miscboat,108,166,257,301
201807071145_001,11,10,Boat,321,332,263,273
201807071145_002,11,11,Boat,409,420,265,276
201807071145_003,29,21,Boat,415,444,269,290
201807071145_004,47,36,Boat,228,275,293,329
201807071145_001,17,73,Passengership,236,253,210,283
201807071145_002,23,21,Passengership,322,345,249,270
201807071145_003,29,31,Passengership,399,428,241,272
201807071145_004,37,36,Passengership,388,425,240,276
201807071145_005,59,46,Passengership,342,401,235,281
201807071145_006,84,66,Passengership,253,337,227,293
201807071145_007,167,150,Passengership,0,167,175,325
201807071145_002,29,23,Motorboat,198,227,261,284
201807071145_003,48,32,Motorboat,171,219,260,292
201807071145_004,73,61,Motorboat,27,100,254,315
201807071145_002,19,57,Miscboat,224,243,224,281
201807071145_003,25,75,Miscboat,227,252,216,291
201807071145_004,63,43,Miscboat,103,166,262,305
201807071145_000,41,34,Militaryship,764,805,237,271
201807071145_001,45,38,Militaryship,477,522,233,271
201807071145_002,47,42,Militaryship,610,657,234,276
201807071145_003,68,68,Militaryship,733,801,208,276
201807071145_004,88,103,Militaryship,786,874,191,294
201807071145_005,261,184,Militaryship,956,1217,145,329
201807071145_006,113,76,Passengership,928,1041,238,314
201807071145_007,160,121,Passengership,1117,1277,231,352
201807071145_000,36,29,Passengership,805,841,244,273
201807071145_001,37,38,Passengership,522,559,237,275
201807071145_002,50,43,Passengership,660,710,235,278
201807071145_003,67,89,Passengership,805,872,199,288
201807071145_004,95,92,Passengership,892,987,217,309
201807071145_002,30,17,Miscboat,282,312,257,274
201807071145_003,44,19,Miscboat,336,380,256,275
201807071145_004,48,29,Miscboat,308,356,253,282
201807071145_005,91,34,Miscboat,168,259,266,300
201807071145_006,65,71,Miscboat,1,66,258,329
201807071145_005,23,64,Sailboat,497,520,203,267
201807071145_006,25,128,Sailboat,480,505,148,276
201807071145_007,28,136,Sailboat,414,442,141,277
201807071145_008,32,159,Sailboat,355,387,122,281
201807071145_009,50,213,Sailboat,302,352,81,294
201807071145_006,19,83,Sailboat,503,522,193,276
201807071145_007,18,92,Sailboat,446,464,184,276
201807071145_008,27,104,Sailboat,388,415,173,277
201807071145_009,32,149,Sailboat,354,386,142,291
201807071145_008,28,97,Sailboat,422,450,176,273
201807071145_009,49,132,Sailboat,388,437,152,284
201807071145_010,117,82,Motorboat,179,296,230,312
201807071145_011,51,336,Sailboat,27,78,3,339
201807071145_005,56,44,Miscboat,898,954,254,298
201807071145_006,153,92,Miscboat,1055,1208,242,334
201807071145_003,26,30,Passengership,371,397,243,273
201807071145_004,33,34,Passengership,357,390,247,281
201807071145_005,73,52,Passengership,265,338,239,291
201807071145_006,144,73,Passengership,96,240,237,310
201807071145_005,44,77,Sailboat,817,861,205,282
201807071145_006,64,97,Sailboat,876,940,192,289
201807071145_007,89,155,Sailboat,955,1044,155,310
201807071145_008,175,230,Sailboat,1094,1269,110,340
201807071145_002,40,10,Ferry,344,384,257,267
201807071145_003,44,11,Ferry,429,473,257,268
201807071145_004,48,12,Ferry,432,480,257,269
201807071145_005,87,25,Ferry,407,494,250,275
201807071145_006,110,32,Ferry,351,461,250,282
201807071145_007,147,42,Ferry,223,370,250,292
201807071145_008,226,58,Ferry,13,239,252,310
201807071145_000,47,16,Ferry,614,661,251,267
201807071145_001,48,15,Ferry,261,309,253,268
201807071145_002,53,16,Ferry,339,392,250,266
201807071145_003,53,20,Ferry,429,482,251,271
201807071145_004,63,23,Ferry,425,488,250,273
201807071145_008,145,63,Passengership,124,269,230,293
201807071145_009,120,108,Passengership,1,121,215,323
201807071145_000,23,30,Sailboat,685,708,234,264
201807071145_001,24,32,Sailboat,390,414,232,264
201807071145_002,27,37,Sailboat,523,550,227,264
201807071145_003,35,45,Sailboat,627,662,219,264
201807071145_004,41,54,Sailboat,651,692,215,269
201807071145_005,43,71,Sailboat,721,764,201,272
201807071145_006,53,83,Sailboat,746,799,195,278
201807071145_007,74,25,Motorboat,739,813,261,286
201807071145_008,89,28,Motorboat,759,848,267,295
201807071145_009,155,57,Motorboat,930,1085,280,337
201807071145_010,206,90,Motorboat,1075,1281,277,367
201807071145_006,38,83,Sailboat,727,765,193,276
201807071145_007,62,107,Sailboat,708,770,176,283
201807071145_008,69,132,Sailboat,713,782,153,285
201807071145_009,70,171,Sailboat,813,883,132,303
201807071145_010,194,327,Sailboat,915,1109,0,327
201807071145_011,101,364,Sailboat,1174,1275,7,371
201807071145_012,157,216,Sailboat,896,1053,102,318
201807071145_013,158,271,Sailboat,998,1156,61,332
201807071145_006,26,54,Sailboat,686,712,200,254
201807071145_007,38,65,Sailboat,661,699,190,255
201807071145_008,43,56,Sailboat,648,691,192,248
201807071145_009,42,56,Sailboat,693,735,192,248
201807071145_010,47,64,Sailboat,752,799,185,249
201807071145_011,51,78,Sailboat,727,778,171,249
201807071145_012,62,90,Sailboat,673,735,169,259
201807071145_013,79,115,Sailboat,644,723,154,269
201807071145_014,67,127,Sailboat,716,783,140,267
201807071145_015,75,123,Sailboat,649,724,126,249
201807071145_016,108,178,Sailboat,607,715,95,273
201807071145_017,104,167,Sailboat,714,818,91,258
201807071145_018,113,198,Sailboat,740,853,62,260
201807071145_019,155,255,Sailboat,753,908,4,259
201807071145_020,248,248,Sailboat,776,1024,7,255
201807071145_021,324,277,Sailboat,630,954,1,278
201807071145_007,26,21,Passengership,359,385,258,279
201807071145_008,37,25,Passengership,279,316,261,286
201807071145_009,60,35,Passengership,169,229,265,300
201807071145_005,15,32,Sailboat,574,589,228,260
201807071145_006,21,37,Sailboat,567,588,225,262
201807071145_007,17,39,Sailboat,539,556,223,262
201807071145_008,21,46,Sailboat,516,537,216,262
201807071145_009,19,50,Sailboat,548,567,214,264
201807071145_011,20,67,Sailboat,554,574,199,266
201807071145_012,24,76,Sailboat,484,508,191,267
201807071145_013,25,84,Sailboat,437,462,187,271
201807071145_014,43,109,Sailboat,425,468,165,274
201807071145_015,56,149,Sailboat,275,331,139,288
201807071145_016,91,201,Sailboat,110,201,102,303
201807071145_017,74,60,Sailboat,6,80,266,326
201807071145_010,37,27,Motorboat,371,408,268,295
201807071145_011,81,46,Motorboat,83,164,292,338
201807071145_009,50,142,Sailboat,753,803,149,291
201807071145_010,86,245,Sailboat,898,984,78,323
201807071145_011,181,58,Motorboat,1042,1223,274,332
201807071145_011,78,103,Sailboat,823,901,178,281
201807071145_013,119,213,Sailboat,1092,1211,139,352
201807071145_011,99,79,Motorboat,899,998,221,300
201807071145_012,210,230,Motorboat,1072,1282,153,383
201807071145_007,20,23,Motorboat,489,509,247,270
201807071145_008,29,19,Motorboat,452,481,250,269
201807071145_009,30,25,Motorboat,461,491,248,273
201807071145_010,43,40,Motorboat,456,499,242,282
201807071145_011,77,52,Motorboat,320,397,242,294
201807071145_012,173,81,Motorboat,7,180,244,325
201807071145_011,45,37,Miscboat,405,450,243,280
201807071145_012,67,68,Miscboat,246,313,225,293
201807071145_013,109,133,Miscboat,0,109,199,332
201807071145_012,17,19,Miscboat,467,484,254,273
201807071145_013,21,29,Miscboat,415,436,245,274
201807071145_014,32,15,Miscboat,395,427,263,278
201807071145_015,38,44,Miscboat,231,269,247,291
201807071145_016,68,62,Miscboat,40,108,249,311
201807071145_017,20,20,Miscboat,729,749,256,276
201807071145_018,22,22,Miscboat,768,790,260,282
201807071145_019,44,35,Miscboat,832,876,263,298
201807071145_020,158,108,Miscboat,1119,1277,290,398
201807071145_020,40,70,Cruiseship,806,846,191,261
201807071145_021,85,95,Cruiseship,616,701,175,270
201807071145_022,412,424,Sailboat,868,1280,0,424
201807071145_023,117,308,Sailboat,1156,1273,99,407
201807071145_022,16,11,Motorboat,681,697,262,273
201807071145_023,21,18,Motorboat,437,458,273,291
201807071145_022,40,108,Cruiseship,835,875,165,273
201807071145_023,125,109,Cruiseship,708,833,170,279
201807071145_024,108,207,Cruiseship,735,843,74,281
201807071145_025,305,315,Cruiseship,918,1223,1,316
201807071145_026,192,212,Cruiseship,1083,1275,126,338
201807071145_022,95,97,Militaryship,875,970,189,286
201807071145_023,162,132,Militaryship,792,954,167,299
201807071145_024,384,203,Militaryship,849,1233,120,323
201807071145_026,57,31,Miscboat,367,424,254,285
201807071145_027,144,78,Miscboat,1,145,228,306
201807071145_026,38,42,Miscboat,419,457,236,278
201807071145_027,72,64,Miscboat,147,219,234,298
201807071145_026,39,20,Miscboat,467,506,254,274
201807071145_027,73,39,Miscboat,245,318,249,288
201807071145_029,26,42,Sailboat,433,459,224,266
201807071145_030,36,51,Sailboat,277,313,222,273
201807071145_031,36,58,Sailboat,196,232,220,278
201807071145_032,33,64,Sailboat,126,159,224,288
201807071145_028,21,40,Sailboat,504,525,224,264
201807071145_029,22,44,Sailboat,523,545,219,263
201807071145_030,18,37,Sailboat,388,406,223,260
201807071145_031,26,58,Sailboat,313,339,213,271
201807071145_032,31,65,Sailboat,265,296,216,281
201807071145_029,23,49,Sailboat,465,488,216,265
201807071145_030,24,52,Sailboat,326,350,213,265
201807071145_031,25,56,Sailboat,252,277,209,265
201807071145_032,30,67,Sailboat,213,243,215,282
201807071145_031,84,12,Passengership,586,670,254,266
201807071145_032,92,15,Passengership,585,677,258,273
201807071145_029,23,45,Sailboat,557,580,220,265
201807071145_030,25,50,Sailboat,423,448,216,266
201807071145_031,23,46,Sailboat,355,378,219,265
201807071145_032,24,64,Sailboat,316,340,216,280
201807071145_027,24,13,Motorboat,781,805,250,263
201807071145_028,26,12,Motorboat,875,901,253,265
201807071145_029,30,14,Motorboat,947,977,251,265
201807071145_030,33,13,Motorboat,863,896,253,266
201807071145_031,35,16,Motorboat,836,871,250,266
201807071145_032,41,15,Motorboat,870,911,254,269
201807071145_033,51,22,Motorboat,620,671,250,272
201807071145_034,58,25,Motorboat,211,269,254,279
201807071145_032,20,11,Miscboat,1134,1154,257,268
201807071145_033,22,12,Miscboat,914,936,255,267
201807071145_034,34,23,Miscboat,546,580,249,272
201807071145_035,32,16,Miscboat,321,353,257,273
201807071145_032,46,22,Militaryship,1152,1198,249,271
201807071145_033,38,16,Militaryship,947,985,250,266
201807071145_034,50,19,Militaryship,592,642,250,269
201807071145_035,62,25,Militaryship,364,426,247,272
201807071145_034,30,24,Passengership,841,871,249,273
201807071145_035,69,36,Militaryship,562,631,232,268
201807071145_036,124,60,Militaryship,390,514,211,271
201807071145_037,97,50,Militaryship,300,397,228,278
201807071145_038,124,63,Militaryship,130,254,211,274
201807071145_039,173,106,Militaryship,93,266,174,280
201807071145_040,161,122,Militaryship,-4,157,167,289
201807071145_036,78,60,Passengership,225,303,226,286
201807071145_037,67,49,Militaryship,14,81,245,294
201807071145_032,16,18,Miscboat,1221,1237,250,268
201807071145_033,17,19,Miscboat,1002,1019,248,267
201807071145_034,19,21,Miscboat,650,669,243,264
201807071145_035,17,23,Miscboat,438,455,246,269
201807071145_034,53,53,Militaryship,724,777,216,269
201807071145_035,38,53,Militaryship,522,560,216,269
201807071145_036,55,66,Militaryship,354,409,207,273
201807071145_037,75,77,Militaryship,249,324,202,279
201807071145_038,72,88,Militaryship,75,147,196,284
201807071145_039,84,123,Passengership,1,85,177,300
201807071145_036,6,10,Seamark,645,651,254,264
201807071145_037,6,13,Seamark,585,591,254,267
201807071145_038,6,13,Seamark,459,465,254,267
201807071145_039,8,18,Seamark,530,538,254,272
201807071145_040,7,21,Seamark,461,468,251,272
201807071145_041,6,20,Seamark,330,336,254,274
201807071145_042,19,33,Seamark,197,216,250,283
201807071145_043,11,32,Seamark,83,94,259,291
201807071145_039,10,11,Seamark,606,616,255,266
201807071145_040,10,11,Seamark,531,541,253,264
201807071145_041,11,12,Seamark,421,432,254,266
201807071145_042,7,5,Seamark,326,333,260,265
201807071145_042,5,6,Seamark,375,380,257,263
201807071145_043,6,7,Seamark,342,348,257,264
201807071145_044,7,8,Seamark,340,347,258,266
201807071145_045,5,9,Seamark,278,283,261,270
201807071145_046,5,11,Seamark,301,306,260,271
201807071145_047,6,12,Seamark,192,198,265,277
201807071145_048,9,16,Seamark,209,218,264,280
201807071145_049,8,17,Seamark,254,262,263,280
201807071145_050,9,20,Seamark,176,185,265,285
201807071145_047,39,18,Passengership,402,441,249,267
201807071145_048,43,20,Passengership,459,502,246,266
201807071145_049,42,19,Passengership,543,585,245,264
201807071145_050,49,22,Passengership,527,576,243,265
201807071145_047,32,24,Miscboat,366,398,244,268
201807071145_048,38,28,Miscboat,418,456,239,267
201807071145_049,41,30,Miscboat,498,539,238,268
201807071145_050,49,28,Miscboat,476,525,240,268
201807071145_047,51,17,Miscboat,303,354,252,269
201807071145_048,61,20,Miscboat,347,408,249,269
201807071145_049,61,20,Miscboat,423,484,250,270
201807071145_050,48,24,Miscboat,419,467,245,269
201807071145_052,49,80,Sailboat,583,632,197,277
201807071145_053,66,112,Sailboat,134,200,179,291
201807071145_052,54,19,Motorboat,662,716,259,278
201807071145_053,63,21,Motorboat,243,306,266,287
201807071145_052,13,9,Boat,809,822,265,274
201807071145_053,15,10,Boat,446,461,273,283
201807071145_052,37,11,Motorboat,835,872,263,274
201807071145_053,51,20,Motorboat,483,534,263,283
201807071145_054,80,27,Motorboat,39,119,279,306
201807071145_052,22,21,Motorboat,908,930,254,275
201807071145_053,23,24,Motorboat,583,606,254,278
201807071145_054,41,38,Motorboat,205,246,257,295
201807071145_054,15,38,Seamark,516,531,267,305
201807071145_055,9,58,Seamark,265,274,293,351
201807071145_052,46,34,Sailboat,1000,1046,245,279
201807071145_053,64,73,Sailboat,714,778,211,284
201807071145_054,100,109,Sailboat,386,486,189,298
201807071145_056,47,38,Motorboat,1057,1104,264,302
201807071145_057,63,53,Motorboat,1194,1257,266,319
201807071145_057,21,32,Cargoship,7,28,278,310
201807071145_058,9,19,Cargoship,104,113,281,300
201807071145_056,124,27,Miscboat,710,834,250,277
201807071145_057,138,30,Miscboat,732,870,247,277
201807071145_058,174,37,Miscboat,946,1120,244,281
201807071145_059,139,68,Miscboat,1141,1280,232,300
201807071145_060,16,22,Seamark,795,811,247,269
201807071145_061,7,20,Seamark,244,251,265,285
201807071145_060,21,23,Seamark,1240,1261,249,272
201807071145_061,11,31,Seamark,892,903,246,277
201807071145_056,24,35,Sailboat,322,346,243,278
201807071145_057,28,36,Sailboat,417,445,239,275
201807071145_058,30,42,Sailboat,696,726,226,268
201807071145_059,30,43,Sailboat,888,918,222,265
201807071145_060,34,59,Sailboat,969,1003,213,272
201807071145_061,21,66,Sailboat,656,677,211,277
201807071145_010,45,21,Boat,200,245,304,325
201807071145_017,41,12,Ferry,699,740,260,272
201807071145_020,147,32,Ferry,827,974,278,310
201807071145_026,47,25,Miscboat,317,364,260,285
201807071145_053,32,23,Miscboat,343,375,259,282
201807071145_056,32,26,Boat,1183,1215,278,304
201807071145_056,119,47,Passengership,1156,1275,232,279
201807071145_056,79,55,Militaryship,957,1036,224,279
201807071145_056,107,27,Miscboat,843,950,249,276
201807071145_002,43,143,Sailboat,127,170,168,311
201807071145_002,25,77,Sailboat,241,266,203,280
201807071145_003,14,52,Sailboat,484,498,213,265
201807071145_011,88,260,Sailboat,192,280,53,313
201807071145_010,66,217,Sailboat,306,372,87,304
201807071145_004,43,138,Sailboat,168,211,161,299
201807071145_005,23,66,Sailboat,698,721,204,270
201807071145_010,116,338,Sailboat,30,146,1,339
201807071145_010,54,286,Sailboat,148,202,40,326
201807071145_011,54,248,Sailboat,279,333,54,302
201807071145_055,187,291,Sailboat,57,244,48,339
201807071145_000,155,80,Motorboat,23,178,248,328
201807071145_000,15,13,Boat,578,593,261,274
201807071145_012,51,35,Motorboat,157,208,266,301
201807071145_024,102,67,Motorboat,28,130,297,364
201807071145_029,12,12,Miscboat,688,700,264,276
201807071145_030,68,53,Miscboat,503,571,266,319
201807071145_054,83,94,Sailboat,358,441,198,292
201807071145_021,46,84,Militaryship,665,711,205,289
201807071145_023,123,136,Militaryship,895,1018,160,296
201807071145_019,139,86,Miscboat,1141,1280,253,339
201807071145_045,8,23,Sailboat,53,61,253,276
201807071145_051,72,99,Miscboat,985,1057,190,289
201807071145_042,17,20,Seamark,66,83,254,274
201807071145_052,4,21,Seamark,1124,1128,267,288
201807071145_054,14,69,Seamark,886,900,277,346
201807071145_056,6,15,Seamark,53,59,285,300
201807071145_061,5,10,Seamark,985,990,247,257
201807071145_001,11,10,Miscellaneous,344,355,369,379
201807071145_000,13,11,Miscellaneous,814,827,266,277
201807071215_000,41,82,Sailboat,690,731,200,282
201807071215_001,45,98,Sailboat,777,822,190,288
201807071215_002,33,100,Sailboat,858,891,187,287
201807071215_003,54,120,Sailboat,1038,1092,176,296
201807071215_000,6,9,Seamark,862,868,252,261
201807071215_001,15,16,Seamark,887,902,248,264
201807071215_002,7,14,Seamark,849,856,250,264
201807071215_003,17,23,Seamark,969,986,247,270
201807071215_004,16,39,Seamark,1210,1226,245,284
201807071215_000,5,17,Seamark,546,551,254,271
201807071215_001,7,16,Seamark,513,520,254,270
201807071215_002,9,18,Seamark,361,370,261,279
201807071215_003,11,30,Seamark,316,327,260,290
201807071215_004,14,35,Seamark,210,224,266,301
201807071215_000,4,12,Sailboat,791,795,240,252
201807071215_002,7,15,Sailboat,686,693,240,255
201807071215_003,5,14,Sailboat,732,737,238,252
201807071215_003,7,13,Seamark,741,748,248,261
201807071215_004,8,14,Seamark,824,832,248,262
201807071215_005,6,15,Seamark,938,944,249,264
201807071215_006,11,19,Seamark,1048,1059,250,269
201807071215_007,14,26,Seamark,1163,1177,249,275
201807071215_006,20,19,Motorboat,488,508,257,276
201807071215_007,32,25,Motorboat,394,426,267,292
201807071215_008,78,41,Motorboat,92,170,296,337
201807071215_005,3,9,Seamark,908,911,249,258
201807071215_006,10,15,Seamark,975,985,246,261
201807071215_007,11,16,Seamark,1038,1049,247,263
201807071215_008,12,18,Seamark,1112,1124,248,266
201807071215_009,10,16,Seamark,1214,1224,252,268
201807071215_000,7,9,Seamark,568,575,253,262
201807071215_001,8,10,Seamark,545,553,254,264
201807071215_002,8,10,Seamark,420,428,258,268
201807071215_003,8,10,Seamark,428,436,259,269
201807071215_004,7,9,Seamark,450,457,260,269
201807071215_005,6,16,Seamark,465,471,256,272
201807071215_006,15,25,Seamark,441,456,254,279
201807071215_007,10,26,Seamark,440,450,257,283
201807071215_008,10,32,Seamark,430,440,257,289
201807071215_009,18,43,Seamark,413,431,257,300
201807071215_010,26,68,Seamark,123,149,272,340
201807071215_017,75,275,Sailboat,15,90,52,327
201807071215_018,104,227,Sailboat,132,236,103,330
201807071215_014,32,78,Sailboat,16,48,222,300
201807071215_015,40,98,Sailboat,11,51,214,312
201807071215_016,61,114,Sailboat,69,130,187,301
201807071215_017,63,139,Sailboat,230,293,181,320
201807071215_011,14,8,Motorboat,127,141,277,285
201807071215_012,37,14,Motorboat,270,307,266,280
201807071215_013,19,10,Motorboat,287,306,270,280
201807071215_014,13,11,Motorboat,328,341,270,281
201807071215_015,20,17,Motorboat,384,404,271,288
201807071215_016,40,16,Motorboat,593,633,258,274
201807071215_017,20,17,Motorboat,960,980,259,276
201807071215_018,22,21,Motorboat,1182,1204,262,283
201807071215_011,30,11,Motorboat,22,52,282,293
201807071215_012,33,12,Motorboat,137,170,279,291
201807071215_013,36,13,Motorboat,102,138,279,292
201807071215_014,46,13,Motorboat,90,136,283,296
201807071215_015,51,14,Motorboat,98,149,288,302
201807071215_016,63,13,Motorboat,164,227,280,293
201807071215_017,94,31,Motorboat,278,372,281,312
201807071215_018,162,44,Motorboat,244,406,291,335
201807071215_020,22,12,Boat,98,120,287,299
201807071215_021,40,20,Boat,162,202,274,294
201807071215_020,35,18,Miscboat,229,264,273,291
201807071215_021,36,18,Miscboat,712,748,249,267
201807071215_022,25,15,Miscboat,1019,1044,250,265
201807071215_021,13,16,Seamark,362,375,262,278
201807071215_022,7,24,Seamark,523,530,252,276
201807071215_023,6,19,Seamark,613,619,256,275
201807071215_024,13,25,Seamark,467,480,260,285
201807071215_025,11,30,Seamark,138,149,274,304
201807071215_023,5,13,Seamark,1051,1056,249,262
201807071215_024,7,22,Seamark,980,987,246,268
201807071215_025,6,20,Seamark,811,817,247,267
201807071215_026,5,18,Seamark,528,533,255,273
201807071215_027,12,25,Seamark,132,144,271,296
201807071215_025,19,22,Seamark,802,821,243,265
201807071215_027,8,13,Seamark,608,616,249,262
201807071215_021,16,26,Seamark,627,643,249,275
201807071215_022,10,23,Seamark,823,833,248,271
201807071215_023,10,29,Seamark,987,997,248,277
201807071215_024,17,43,Seamark,982,999,248,291
201807071215_025,26,90,Seamark,985,1011,241,331
201807071215_026,13,26,Seamark,1015,1028,244,270
201807071215_027,13,28,Seamark,782,795,249,277
201807071215_028,18,40,Seamark,797,815,250,290
201807071215_029,28,103,Seamark,948,976,244,347
201807071215_027,6,11,Seamark,887,893,248,259
201807071215_028,8,18,Seamark,885,893,239,257
201807071215_029,8,17,Seamark,890,898,248,265
201807071215_030,8,16,Seamark,681,689,250,266
201807071215_031,12,26,Seamark,635,647,248,274
201807071215_032,7,24,Seamark,668,675,250,274
201807071215_033,23,38,Seamark,802,825,247,285
201807071215_034,22,70,Seamark,973,995,240,310
201807071215_035,12,24,Seamark,879,891,241,265
201807071215_036,11,22,Seamark,732,743,247,269
201807071215_037,12,24,Seamark,700,712,247,271
201807071215_038,10,27,Seamark,734,744,249,276
201807071215_039,16,37,Seamark,764,780,247,284
201807071215_040,22,65,Seamark,917,939,242,307
201807071215_028,19,37,Sailboat,549,568,235,272
201807071215_029,33,90,Sailboat,323,356,200,290
201807071215_033,11,10,Motorboat,987,998,251,261
201807071215_034,26,20,Motorboat,1079,1105,256,276
201807071215_035,14,8,Motorboat,921,935,249,257
201807071215_036,13,7,Motorboat,654,667,257,264
201807071215_029,18,27,Cruiseship,860,878,229,256
201807071215_030,20,30,Cruiseship,628,648,227,257
201807071215_031,21,32,Cruiseship,580,601,228,260
201807071215_032,20,32,Cruiseship,605,625,225,257
201807071215_033,21,34,Cruiseship,736,757,217,251
201807071215_034,24,33,Cruiseship,744,768,222,255
201807071215_038,15,10,Boat,465,480,267,277
201807071215_039,30,18,Boat,390,420,273,291
201807071215_037,93,35,Militaryship,1014,1107,222,257
201807071215_038,78,39,Militaryship,1076,1154,217,256
201807071215_039,58,33,Militaryship,1119,1177,222,255
201807071215_040,42,33,Militaryship,1238,1280,224,257
201807071215_041,75,44,Militaryship,1200,1275,218,262
201807071215_042,122,72,Militaryship,1099,1221,189,261
201807071215_043,133,79,Militaryship,1025,1158,183,262
201807071215_037,30,52,Sailboat,428,458,226,278
201807071215_038,35,69,Sailboat,356,391,213,282
201807071215_039,64,117,Sailboat,200,264,183,300
201807071215_040,37,57,Cruiseship,312,349,215,272
201807071215_041,29,63,Cruiseship,140,169,218,281
201807071215_033,28,60,Passengership,1,29,275,335
201807071215_034,178,94,Passengership,337,515,207,301
201807071215_035,89,50,Passengership,534,623,231,281
201807071215_036,55,54,Passengership,492,547,226,280
201807071215_037,56,51,Passengership,481,537,232,283
201807071215_038,50,39,Passengership,536,586,236,275
201807071215_039,53,39,Passengership,593,646,237,276
201807071215_040,56,44,Passengership,738,794,231,275
201807071215_041,64,27,Passengership,738,802,238,265
201807071215_042,72,31,Passengership,667,739,236,267
201807071215_043,72,38,Passengership,643,715,231,269
201807071215_016,18,17,Motorboat,1252,1270,244,261
201807071215_014,34,9,Motorboat,51,85,288,297
201807071215_020,44,19,Motorboat,1087,1131,254,273
201807071215_026,12,7,Motorboat,1073,1085,249,256
201807071215_035,28,38,Motorboat,1252,1280,284,322
201807071215_009,13,20,Sailboat,1028,1041,235,255
201807071215_019,144,359,Sailboat,1091,1235,15,374
201807071215_019,187,355,Sailboat,892,1079,4,359
201807071215_019,160,335,Sailboat,693,853,13,348
201807071215_019,175,320,Sailboat,515,690,10,330
201807071215_019,129,232,Sailboat,362,491,103,335
201807071215_019,129,262,Sailboat,222,351,68,330
201807071215_019,82,269,Sailboat,140,222,63,332
201807071215_020,39,74,Sailboat,1038,1077,200,274
201807071215_020,37,50,Sailboat,862,899,225,275
201807071215_026,11,39,Sailboat,984,995,217,256
201807071215_003,10,8,Motorboat,546,556,252,260
201807071215_000,10,14,Seamark,770,780,244,258
201807071215_015,16,13,Miscellaneous,121,137,303,316
201807071215_020,21,38,Miscellaneous,790,811,370,408
201807071215_033,6,12,Seamark,966,972,245,257
201807071215_042,10,19,Seamark,849,859,245,264
201807071215_042,8,16,Seamark,1024,1032,250,266
201807071215_003,9,9,Miscboat,665,674,247,256
201807071215_009,11,16,Miscboat,974,985,242,258
201807071215_021,16,16,Miscboat,1067,1083,315,331
201807071215_021,19,11,Miscboat,834,853,253,264
201807071215_027,13,6,Miscboat,654,667,258,264
201807071215_027,17,10,Miscboat,836,853,248,258
201807071215_030,14,8,Miscboat,708,722,251,259
201807071246_000,29,26,Passengership,987,1016,238,264
201807071246_001,57,45,Passengership,317,374,252,297
201807071246_001,255,105,Militaryship,1028,1283,186,291
201807071246_002,106,67,Militaryship,1170,1276,214,281
201807071246_002,21,19,Boat,454,475,265,284
201807071246_003,40,25,Boat,169,209,293,318
201807071246_001,68,16,Motorboat,869,937,247,263
201807071246_002,61,20,Motorboat,983,1044,247,267
201807071246_003,47,24,Motorboat,978,1025,247,271
201807071246_004,110,25,Motorboat,1089,1199,247,272
201807071246_003,19,80,Sailboat,291,310,202,282
201807071246_004,27,139,Sailboat,208,235,159,298
201807071246_000,27,27,Passengership,1182,1209,235,262
201807071246_001,41,21,Passengership,674,715,247,268
201807071246_002,64,23,Passengership,632,696,243,266
201807071246_003,71,26,Passengership,371,442,247,273
201807071246_004,82,25,Passengership,197,279,254,279
201807071246_005,72,24,Passengership,136,208,260,284
201807071246_006,43,27,Passengership,130,173,257,284
201807071246_007,72,33,Passengership,0,72,262,295
201807071246_006,25,20,Passengership,105,130,272,292
201807071246_007,53,42,Passengership,40,93,270,312
201807071246_008,18,9,Boat,67,85,288,297
201807071246_007,36,15,Motorboat,983,1019,244,259
201807071246_008,34,17,Motorboat,1124,1158,244,261
201807071246_007,32,18,Motorboat,951,983,242,260
201807071246_008,34,14,Motorboat,1090,1124,247,261
201807071246_007,28,18,Motorboat,829,857,244,262
201807071246_008,41,15,Motorboat,940,981,249,264
201807071246_009,16,12,Boat,11,27,282,294
201807071246_010,14,15,Boat,258,272,275,290
201807071246_011,37,17,Boat,187,224,289,306
201807071246_014,46,39,Miscboat,958,1004,251,290
201807071246_015,86,125,Miscboat,1148,1234,196,321
201807071246_014,30,27,Miscboat,904,934,252,279
201807071246_015,35,45,Miscboat,1024,1059,246,291
201807071246_010,52,55,Cruiseship,186,238,229,284
201807071246_011,52,60,Cruiseship,276,328,216,276
201807071246_012,60,96,Cruiseship,380,440,186,282
201807071246_013,76,80,Cruiseship,385,461,197,277
201807071246_014,101,89,Cruiseship,338,439,191,280
201807071246_015,143,125,Cruiseship,277,420,170,295
201807071246_016,243,160,Cruiseship,113,356,147,307
201807071246_017,355,239,Cruiseship,12,367,102,341
201807071246_018,280,358,Cruiseship,0,280,1,359
201807071246_017,29,17,Boat,934,963,268,285
201807071246_018,76,25,Boat,1070,1146,270,295
201807071246_016,42,45,Militaryship,352,394,237,282
201807071246_017,77,74,Militaryship,359,436,212,286
201807071246_018,104,119,Militaryship,282,386,183,302
201807071246_019,197,146,Militaryship,36,233,186,332
201807071246_012,16,28,Militaryship,439,455,245,273
201807071246_013,25,31,Militaryship,460,485,234,265
201807071246_014,31,47,Militaryship,443,474,226,273
201807071246_015,42,45,Militaryship,425,467,232,277
201807071246_016,55,33,Militaryship,401,456,240,273
201807071246_017,63,70,Militaryship,442,505,211,281
201807071246_018,107,92,Militaryship,387,494,204,296
201807071246_019,186,111,Militaryship,240,426,200,311
201807071246_020,120,124,Militaryship,4,124,225,349
201807071246_011,49,91,Sailboat,316,365,177,268
201807071246_012,32,100,Sailboat,455,487,169,269
201807071246_013,49,112,Sailboat,479,528,156,268
201807071246_014,68,118,Sailboat,462,530,146,264
201807071246_015,55,137,Sailboat,470,525,131,268
201807071246_016,72,167,Sailboat,461,533,106,273
201807071246_017,114,182,Sailboat,510,624,87,269
201807071246_018,104,216,Sailboat,525,629,59,275
201807071246_019,159,268,Sailboat,445,604,14,282
201807071246_020,197,287,Sailboat,245,442,10,297
201807071246_021,337,332,Sailboat,-2,335,1,333
201807071246_022,202,340,Sailboat,-1,201,7,347
201807071246_019,23,15,Passengership,606,629,257,272
201807071246_020,37,18,Passengership,426,463,262,280
201807071246_021,52,26,Passengership,335,387,265,291
201807071246_022,85,30,Passengership,176,261,277,307
201807071246_022,19,25,Miscboat,285,304,270,295
201807071246_023,43,26,Miscboat,245,288,279,305
201807071246_024,40,47,Miscboat,61,101,274,321
201807071246_027,60,76,Miscboat,888,948,245,321
201807071246_028,172,182,Miscboat,1108,1280,227,409
201807071246_026,11,9,Boat,445,456,268,277
201807071246_027,21,13,Boat,355,376,280,293
201807071246_028,49,31,Boat,172,221,297,328
201807071246_017,18,36,Sailboat,736,754,222,258
201807071246_018,18,41,Sailboat,758,776,220,261
201807071246_019,30,56,Sailboat,742,772,207,263
201807071246_020,28,52,Sailboat,598,626,214,266
201807071246_021,29,54,Sailboat,592,621,213,267
201807071246_022,31,114,Sailboat,579,610,154,268
201807071246_023,37,99,Sailboat,708,745,171,270
201807071246_024,56,130,Sailboat,712,768,146,276
201807071246_025,77,188,Sailboat,758,835,98,286
201807071246_026,139,306,Sailboat,816,955,1,307
201807071246_027,283,366,Sailboat,949,1232,1,367
201807071246_029,39,77,Sailboat,386,425,205,282
201807071246_031,66,127,Sailboat,288,354,168,295
201807071246_032,112,164,Sailboat,160,272,138,302
201807071246_029,51,18,Motorboat,307,358,271,289
201807071246_030,77,30,Motorboat,100,177,283,313
201807071246_031,108,40,Miscboat,118,226,275,315
201807071246_032,80,28,Miscboat,16,96,296,324
201807071246_029,16,15,Boat,573,589,259,274
201807071246_030,33,19,Boat,425,458,277,296
201807071246_026,29,45,Sailboat,437,466,223,268
201807071246_027,33,52,Sailboat,407,440,220,272
201807071246_028,47,66,Sailboat,406,453,207,273
201807071246_028,48,17,Ferry,531,579,248,265
201807071246_029,42,14,Ferry,591,633,250,264
201807071246_026,31,57,Sailboat,388,419,218,275
201807071246_027,57,74,Sailboat,324,381,210,284
201807071246_028,41,79,Sailboat,306,347,209,288
201807071246_029,59,101,Sailboat,327,386,186,287
201807071246_031,73,175,Sailboat,36,109,148,323
201807071246_026,18,19,Motorboat,616,634,247,266
201807071246_027,37,26,Motorboat,588,625,244,270
201807071246_028,32,23,Motorboat,601,633,245,268
201807071246_029,31,28,Motorboat,709,740,244,272
201807071246_030,38,42,Motorboat,682,720,238,280
201807071246_031,55,61,Motorboat,760,815,232,293
201807071246_032,105,110,Motorboat,814,919,209,319
201807071246_033,250,291,Motorboat,1031,1281,149,440
201807071246_029,40,44,Miscboat,755,795,238,282
201807071246_030,77,121,Miscboat,749,826,172,293
201807071246_031,186,281,Miscboat,901,1087,64,345
201807071246_033,99,327,Sailboat,890,989,1,328
201807071246_034,138,403,Sailboat,1142,1280,1,404
201807071246_031,52,53,Motorboat,869,921,254,307
201807071246_032,142,91,Motorboat,1074,1216,276,367
201807071246_029,24,22,Militaryship,542,566,240,262
201807071246_030,53,16,Ferry,488,541,254,270
201807071246_031,49,35,Militaryship,503,552,233,268
201807071246_032,49,35,Militaryship,492,541,233,268
201807071246_033,42,31,Militaryship,513,555,236,267
201807071246_034,54,39,Militaryship,481,535,231,270
201807071246_035,70,59,Militaryship,370,440,223,282
201807071246_036,116,101,Militaryship,243,359,198,299
201807071246_037,154,175,Militaryship,2,156,161,336
201807071246_032,85,28,Motorboat,157,242,281,309
201807071246_033,89,47,Motorboat,1,90,299,346
201807071246_032,49,214,Sailboat,774,823,81,295
201807071246_033,35,234,Sailboat,850,885,65,299
201807071246_033,111,175,Sailboat,177,288,138,313
201807071246_034,132,284,Sailboat,0,132,66,350
201807071246_031,41,141,Sailboat,710,751,134,275
201807071246_032,37,183,Sailboat,731,768,103,286
201807071246_033,30,235,Sailboat,775,805,62,297
201807071246_034,64,45,Passengership,833,897,227,272
201807071246_035,97,63,Passengership,840,937,220,283
201807071246_036,226,155,Passengership,1044,1270,189,344
201807071246_034,145,93,Passengership,915,1060,202,295
201807071246_035,220,259,Passengership,1055,1275,95,354
201807071246_009,33,25,Passengership,85,118,261,286
201807071246_010,30,23,Passengership,324,354,254,277
201807071246_011,21,22,Passengership,404,425,249,271
201807071246_012,22,22,Passengership,528,550,250,272
201807071246_013,25,24,Passengership,572,597,241,265
201807071246_014,18,18,Passengership,595,613,246,264
201807071246_015,24,20,Passengership,606,630,244,264
201807071246_016,19,18,Passengership,619,638,245,263
201807071246_017,20,18,Passengership,696,716,242,260
201807071246_018,20,19,Passengership,701,721,242,261
201807071246_019,23,16,Passengership,678,701,245,261
201807071246_020,21,14,Passengership,520,541,251,265
201807071246_021,22,18,Passengership,481,503,248,266
201807071246_022,19,21,Passengership,453,472,245,266
201807071246_023,16,15,Passengership,573,589,249,264
201807071246_024,17,18,Passengership,556,573,246,264
201807071246_025,18,17,Passengership,556,574,248,265
201807071246_026,13,16,Passengership,539,552,247,263
201807071246_027,16,18,Passengership,519,535,246,264
201807071246_028,15,16,Passengership,531,546,245,261
201807071246_029,14,15,Passengership,633,647,244,259
201807071246_030,20,21,Passengership,598,618,241,262
201807071246_031,18,19,Passengership,637,655,242,261
201807071246_032,16,17,Passengership,641,657,243,260
201807071246_033,80,24,Passengership,643,723,238,262
201807071246_034,84,25,Passengership,620,704,241,266
201807071246_035,62,24,Passengership,536,598,240,264
201807071246_036,51,14,Passengership,503,554,256,270
201807071246_037,55,25,Passengership,444,499,245,270
201807071246_038,58,33,Passengership,449,507,241,274
201807071246_039,71,55,Passengership,362,433,233,288
201807071246_040,117,77,Passengership,218,335,223,300
201807071246_041,167,115,Passengership,103,270,201,316
201807071246_033,26,136,Sailboat,748,774,148,284
201807071246_036,109,93,Passengership,938,1047,217,310
201807071246_034,45,25,Passengership,397,442,257,282
201807071246_035,74,42,Passengership,228,302,253,295
201807071246_036,72,73,Passengership,1,73,263,336
201807071246_034,38,25,Miscboat,447,485,254,279
201807071246_035,56,32,Miscboat,307,363,256,288
201807071246_036,107,63,Miscboat,121,228,254,317
201807071246_035,38,30,Miscboat,797,835,244,274
201807071246_036,82,49,Miscboat,865,947,241,290
201807071246_037,213,112,Miscboat,1051,1264,231,343
201807071246_035,17,62,Sailboat,772,789,205,267
201807071246_036,23,98,Sailboat,816,839,179,277
201807071246_037,44,45,Miscboat,832,876,243,288
201807071246_038,81,61,Miscboat,977,1058,243,304
201807071246_035,34,45,Passengership,432,466,228,273
201807071246_036,48,62,Passengership,359,407,221,283
201807071246_037,108,96,Passengership,168,276,213,309
201807071246_038,152,100,Passengership,6,158,232,332
201807071246_035,17,20,Motorboat,740,757,246,266
201807071246_036,19,22,Motorboat,763,782,247,269
201807071246_037,28,32,Motorboat,776,804,245,277
201807071246_038,47,43,Motorboat,855,902,241,284
201807071246_039,134,89,Motorboat,993,1127,228,317
201807071246_032,25,14,Passengership,548,573,248,262
201807071246_033,24,29,Passengership,573,597,237,266
201807071246_034,26,28,Passengership,569,595,238,266
201807071246_035,25,27,Passengership,493,518,241,268
201807071246_036,36,21,Passengership,453,489,251,272
201807071246_037,48,27,Passengership,376,424,257,284
201807071246_038,62,45,Passengership,355,417,241,286
201807071246_039,113,96,Passengership,175,288,213,309
201807071246_040,66,143,Passengership,4,70,197,340
201807071246_038,30,18,Passengership,419,449,261,279
201807071246_039,52,33,Passengership,302,354,264,297
201807071246_040,80,52,Passengership,117,197,261,313
201807071246_040,21,14,Boat,657,678,265,279
201807071246_041,26,18,Boat,651,677,277,295
201807071246_041,26,18,Motorboat,667,693,256,274
201807071246_042,40,35,Motorboat,612,652,265,300
201807071246_037,23,18,Miscboat,540,563,248,266
201807071246_038,27,22,Miscboat,571,598,245,267
201807071246_039,26,25,Miscboat,542,568,247,272
201807071246_040,26,25,Miscboat,485,511,250,275
201807071246_041,43,31,Miscboat,483,526,243,274
201807071246_042,60,38,Miscboat,429,489,247,285
201807071246_043,79,30,Miscboat,256,335,263,293
201807071246_044,35,56,Miscboat,5,40,266,322
201807071246_037,20,18,Miscboat,565,585,248,266
201807071246_038,15,20,Miscboat,600,615,246,266
201807071246_039,16,22,Miscboat,575,591,247,269
201807071246_040,24,29,Miscboat,520,544,248,277
201807071246_041,31,29,Miscboat,524,555,244,273
201807071246_042,34,25,Miscboat,491,525,255,280
201807071246_043,43,25,Miscboat,340,383,261,286
201807071246_044,65,36,Miscboat,61,126,278,314
201807071246_046,124,58,Motorboat,829,953,257,315
201807071246_047,67,65,Motorboat,5,72,273,338
201807071246_047,9,8,Motorboat,503,512,256,264
201807071246_048,14,14,Motorboat,219,233,262,276
201807071246_047,29,23,Motorboat,378,407,250,273
201807071246_048,29,31,Motorboat,62,91,256,287
201807071246_047,55,44,Passengership,886,941,240,284
201807071246_048,117,56,Passengership,634,751,239,295
201807071246_047,170,71,Passengership,945,1115,222,293
201807071246_048,293,140,Passengership,758,1051,183,323
201807071246_008,34,13,Motorboat,1054,1088,247,260
201807071246_008,28,10,Boat,853,881,254,264
201807071246_008,10,9,Boat,892,902,253,262
201807071246_014,66,55,Miscboat,1015,1081,248,303
201807071246_033,17,10,Boat,729,746,274,284
201807071246_032,23,9,Miscboat,608,631,249,258
201807071246_038,39,40,Motorboat,947,986,255,295
201807071246_043,276,104,Motorboat,143,419,293,397
201807071246_043,88,77,Motorboat,1047,1135,234,311
201807071246_047,17,14,Miscboat,411,428,251,265
201807071246_047,54,46,Militaryship,637,691,219,265
201807071246_047,32,22,Miscboat,691,723,244,266
201807071246_046,25,23,Motorboat,1158,1183,254,277
201807071246_005,66,229,Sailboat,62,128,96,325
201807071246_007,15,66,Sailboat,788,803,195,261
201807071246_008,20,114,Sailboat,10,30,188,302
201807071246_034,72,129,Sailboat,163,235,200,329
201807071246_034,88,246,Sailboat,70,158,88,334
201807071246_038,104,227,Sailboat,1062,1166,90,317
201807071246_037,58,150,Sailboat,872,930,134,284
201807071246_000,12,13,Boat,1259,1271,262,275
201807071246_001,13,10,Motorboat,443,456,264,274
201807071246_002,13,12,Motorboat,283,296,294,306
201807071246_005,27,19,Boat,223,250,287,306
201807071246_011,38,24,Boat,117,155,298,322
201807071246_017,55,37,Miscboat,1169,1224,277,314
201807071246_033,91,45,Motorboat,130,221,274,319
201807071246_033,34,45,Boat,995,1029,302,347
201807071246_033,39,35,Motorboat,807,846,268,303
201807071246_034,84,50,Boat,1124,1208,363,413
201807071246_045,22,14,Boat,432,454,279,293
201807071246_045,132,64,Miscboat,1032,1164,255,319
201807071246_047,11,10,Boat,530,541,260,270
201807071246_048,19,14,Boat,230,249,271,285
201807071246_000,71,31,Miscboat,121,192,276,307
201807071246_015,61,69,Miscboat,1060,1121,233,302
201807071246_024,11,8,Miscboat,526,537,256,264
201807071246_039,128,90,Miscboat,1131,1259,248,338
201807071246_001,8,58,Seamark,1198,1206,282,340
201807071246_000,3,17,Seamark,1264,1267,273,290
201807071246_003,8,43,Seamark,1025,1033,253,296
201807071246_009,13,34,Seamark,1133,1146,252,286
201807071246_034,144,33,Ferry,226,370,257,290
201807071246_038,36,34,Miscboat,905,941,255,289
201807071316_000,96,89,Passengership,914,1010,209,298
201807071316_001,186,211,Passengership,1091,1277,128,339
201807071316_000,93,100,Militaryship,801,894,182,282
201807071316_001,158,141,Militaryship,875,1033,159,300
201807071316_002,211,225,Militaryship,1064,1275,145,370
201807071316_000,53,34,Miscboat,310,363,244,278
201807071316_001,74,44,Miscboat,237,311,246,290
201807071316_002,128,203,Sailboat,923,1051,103,306
201807071316_003,74,344,Sailboat,1206,1280,14,358
201807071316_000,35,32,Passengership,361,396,241,273
201807071316_001,51,40,Passengership,312,363,241,281
201807071316_002,123,62,Passengership,49,172,241,303
201807071316_003,56,91,Passengership,1,57,235,326
201807071316_000,37,34,Passengership,395,432,236,270
201807071316_001,48,43,Passengership,364,412,233,276
201807071316_002,78,65,Passengership,186,264,225,290
201807071316_003,135,100,Passengership,89,224,217,317
201807071316_002,9,6,Boat,517,526,254,260
201807071316_003,15,9,Boat,576,591,253,262
201807071316_004,19,19,Boat,584,603,253,272
201807071316_002,16,12,Boat,466,482,260,272
201807071316_003,27,21,Boat,452,479,267,288
201807071316_002,64,88,Sailboat,778,842,192,280
201807071316_003,93,129,Sailboat,917,1010,167,296
201807071316_000,40,34,Passengership,432,472,232,266
201807071316_001,52,60,Passengership,414,466,208,268
201807071316_002,134,29,Ferry,256,390,250,279
201807071316_003,143,46,Ferry,251,394,241,287
201807071316_004,248,66,Ferry,27,275,245,311
201807071316_004,30,23,Motorboat,308,338,256,279
201807071316_005,108,50,Motorboat,0,108,268,318
201807071316_000,75,17,Ferry,520,595,249,266
201807071316_001,84,25,Ferry,466,550,244,269
201807071316_002,24,108,Sailboat,402,426,157,265
201807071316_003,22,128,Sailboat,444,466,140,268
201807071316_004,23,110,Sailboat,444,467,161,271
201807071316_005,68,42,Motorboat,292,360,232,274
201807071316_004,35,165,Sailboat,404,439,109,274
201807071316_005,63,248,Sailboat,237,300,44,292
201807071316_002,50,81,Sailboat,653,703,188,269
201807071316_003,65,95,Sailboat,738,803,178,273
201807071316_004,92,144,Sailboat,811,903,145,289
201807071316_005,155,263,Sailboat,847,1002,44,307
201807071316_005,200,322,Sailboat,1005,1205,16,338
201807071316_006,165,126,Sailboat,1115,1280,272,398
201807071316_005,15,16,Boat,569,584,246,262
201807071316_006,18,13,Boat,479,497,273,286
201807071316_006,147,42,Motorboat,868,1015,266,308
201807071316_007,175,310,Sailboat,1013,1188,22,332
201807071316_005,23,26,Militaryship,460,483,238,264
201807071316_006,71,73,Miscboat,251,322,222,295
201807071316_002,18,19,Motorboat,451,469,241,260
201807071316_003,23,17,Motorboat,511,534,241,258
201807071316_004,27,22,Motorboat,502,529,238,260
201807071316_005,30,23,Motorboat,434,464,244,267
201807071316_006,139,96,Motorboat,7,146,234,330
201807071316_005,13,57,Sailboat,541,554,199,256
201807071316_006,24,76,Sailboat,513,537,185,261
201807071316_007,29,88,Sailboat,443,472,177,265
201807071316_008,40,110,Sailboat,404,444,157,267
201807071316_009,65,144,Sailboat,253,318,132,276
201807071316_010,113,237,Sailboat,100,213,64,301
201807071316_006,16,22,Miscboat,497,513,243,265
201807071316_007,21,22,Miscboat,422,443,245,267
201807071316_008,30,23,Miscboat,372,402,247,270
201807071316_009,46,41,Miscboat,205,251,244,285
201807071316_010,89,95,Miscboat,0,89,221,316
201807071316_008,12,14,Miscboat,709,721,244,258
201807071316_009,13,15,Miscboat,666,679,243,258
201807071316_010,14,16,Miscboat,723,737,245,261
201807071316_011,24,17,Miscboat,727,751,251,268
201807071316_012,36,23,Miscboat,794,830,251,274
201807071316_013,40,32,Miscboat,875,915,253,285
201807071316_014,72,42,Miscboat,981,1053,270,312
201807071316_011,5,6,Boat,688,693,250,256
201807071316_012,7,8,Miscboat,735,742,250,258
201807071316_013,15,12,Boat,712,727,253,265
201807071316_014,23,13,Boat,595,618,259,272
201807071316_012,10,10,Boat,708,718,246,256
201807071316_013,11,11,Boat,730,741,247,258
201807071316_014,10,9,Boat,681,691,249,258
201807071316_011,28,12,Ferry,695,723,251,263
201807071316_012,31,13,Ferry,755,786,252,265
201807071316_013,49,23,Ferry,831,880,249,272
201807071316_014,96,33,Ferry,849,945,250,283
201807071316_015,163,65,Ferry,790,953,256,321
201807071316_008,65,109,Sailboat,703,768,135,244
201807071316_009,76,127,Sailboat,657,733,121,248
201807071316_010,102,170,Sailboat,701,803,93,263
201807071316_011,104,166,Sailboat,706,810,79,245
201807071316_012,128,202,Sailboat,757,885,48,250
201807071316_013,136,233,Sailboat,819,955,13,246
201807071316_014,192,230,Sailboat,813,1005,13,243
201807071316_015,250,244,Sailboat,721,971,1,245
201807071316_016,507,358,Sailboat,544,1051,0,358
201807071316_017,389,468,Sailboat,891,1280,2,470
201807071316_018,141,399,Sailboat,1139,1280,1,400
201807071316_016,109,76,Passengership,202,311,214,290
201807071316_017,81,169,Passengership,6,87,193,362
201807071316_016,21,13,Boat,304,325,269,282
201807071316_017,47,23,Boat,336,383,283,306
201807071316_018,12,11,Boat,546,558,256,267
201807071316_019,19,15,Boat,375,394,267,282
201807071316_020,21,15,Boat,279,300,276,291
201807071316_017,104,100,Militaryship,865,969,182,282
201807071316_018,149,136,Militaryship,820,969,164,300
201807071316_019,280,213,Militaryship,771,1051,118,331
201807071316_020,431,380,Militaryship,839,1270,24,404
201807071316_021,257,410,Militaryship,1023,1280,45,455
201807071316_018,11,8,Miscboat,577,588,255,263
201807071316_019,12,9,Miscboat,433,445,260,269
201807071316_020,23,11,Miscboat,388,411,261,272
201807071316_021,25,19,Miscboat,295,320,264,283
201807071316_017,31,13,Militaryship,713,744,248,261
201807071316_018,40,18,Militaryship,625,665,247,265
201807071316_019,52,23,Militaryship,505,557,247,270
201807071316_020,73,30,Militaryship,477,550,248,278
201807071316_021,84,32,Militaryship,425,509,251,283
201807071316_019,9,7,Boat,595,604,259,266
201807071316_020,9,6,Boat,574,583,258,264
201807071316_021,13,9,Boat,529,542,258,267
201807071316_021,14,12,Miscboat,596,610,248,260
201807071316_022,55,33,Miscboat,417,472,254,287
201807071316_023,24,11,Motorboat,726,750,243,254
201807071316_024,30,16,Motorboat,740,770,247,263
201807071316_025,34,17,Motorboat,697,731,246,263
201807071316_026,38,14,Motorboat,675,713,254,268
201807071316_027,47,24,Motorboat,405,452,243,267
201807071316_028,57,27,Motorboat,277,334,245,272
201807071316_029,82,35,Militaryship,506,588,232,267
201807071316_030,72,46,Militaryship,408,480,223,269
201807071316_031,72,58,Militaryship,113,185,221,279
201807071316_028,53,55,Militaryship,904,957,215,270
201807071316_029,57,61,Militaryship,697,754,203,264
201807071316_030,69,67,Militaryship,619,688,198,265
201807071316_031,80,78,Militaryship,357,437,192,270
201807071316_032,78,71,Militaryship,94,172,207,278
201807071316_030,6,12,Seamark,919,925,254,266
201807071316_031,6,14,Seamark,697,703,250,264
201807071316_030,13,17,Passengership,960,973,249,266
201807071316_031,16,23,Passengership,722,738,242,265
201807071316_032,35,29,Passengership,480,515,235,264
201807071316_033,83,60,Passengership,134,217,231,291
201807071316_034,15,12,Boat,354,369,254,266
201807071316_035,21,17,Boat,192,213,265,282
201807071316_033,6,17,Seamark,388,394,249,266
201807071316_034,9,22,Seamark,275,284,250,272
201807071316_035,6,28,Seamark,171,177,252,280
201807071316_036,12,34,Seamark,69,81,256,290
201807071316_034,16,10,Miscboat,73,89,256,266
201807071316_035,17,14,Miscboat,78,95,257,271
201807071316_036,23,17,Miscboat,90,113,256,273
201807071316_037,27,22,Miscboat,45,72,254,276
201807071316_037,5,10,Seamark,364,369,251,261
201807071316_038,6,11,Seamark,353,359,251,262
201807071316_039,5,13,Seamark,361,366,250,263
201807071316_040,6,12,Seamark,295,301,251,263
201807071316_041,7,13,Seamark,270,277,250,263
201807071316_042,6,12,Seamark,294,300,253,265
201807071316_043,7,18,Seamark,187,194,254,272
201807071316_044,7,21,Seamark,105,112,253,274
201807071316_045,8,24,Seamark,43,51,254,278
201807071316_041,32,11,Miscboat,358,390,250,261
201807071316_042,35,12,Miscboat,396,431,248,260
201807071316_043,38,13,Miscboat,317,355,250,263
201807071316_044,30,12,Miscboat,273,303,252,264
201807071316_045,33,13,Miscboat,248,281,250,263
201807071316_046,36,14,Miscboat,224,260,251,265
201807071316_047,34,21,Miscboat,21,55,256,277
201807071316_033,19,7,Miscboat,507,526,247,254
201807071316_034,17,9,Miscboat,443,460,247,256
201807071316_035,17,7,Miscboat,433,450,249,256
201807071316_036,19,9,Miscboat,465,484,249,258
201807071316_037,19,8,Miscboat,456,475,247,255
201807071316_038,26,9,Miscboat,460,486,247,256
201807071316_039,28,11,Miscboat,477,505,247,258
201807071316_040,22,11,Miscboat,428,450,248,259
201807071316_041,26,12,Miscboat,422,448,249,261
201807071316_042,27,15,Miscboat,465,492,243,258
201807071316_043,28,14,Miscboat,398,426,248,262
201807071316_044,35,18,Miscboat,349,384,244,262
201807071316_045,38,20,Miscboat,333,371,242,262
201807071316_046,42,22,Miscboat,323,365,242,264
201807071316_047,47,30,Miscboat,125,172,242,272
201807071316_038,33,22,Miscboat,424,457,236,258
201807071316_039,35,20,Miscboat,449,484,238,258
201807071316_040,32,18,Miscboat,397,429,241,259
201807071316_041,33,18,Miscboat,393,426,241,259
201807071316_042,41,29,Miscboat,427,468,231,260
201807071316_043,45,32,Miscboat,352,397,235,267
201807071316_044,43,31,Miscboat,305,348,233,264
201807071316_045,52,44,Miscboat,273,325,221,265
201807071316_046,55,47,Miscboat,262,317,218,265
201807071316_047,61,51,Miscboat,57,118,223,274
201807071316_032,32,14,Miscboat,614,646,240,254
201807071316_033,41,15,Miscboat,515,556,239,254
201807071316_034,45,16,Miscboat,445,490,237,253
201807071316_035,37,25,Miscboat,452,489,232,257
201807071316_036,40,27,Miscboat,483,523,230,257
201807071316_037,36,21,Miscboat,480,516,235,256
201807071316_038,34,30,Miscboat,495,529,229,259
201807071316_039,45,33,Miscboat,505,550,226,259
201807071316_040,44,23,Miscboat,450,494,235,258
201807071316_041,44,31,Miscboat,461,505,228,259
201807071316_042,45,32,Miscboat,508,553,225,257
201807071316_043,51,39,Miscboat,439,490,223,262
201807071316_044,66,43,Miscboat,386,452,219,262
201807071316_045,66,42,Miscboat,379,445,216,258
201807071316_046,79,55,Miscboat,381,460,207,262
201807071316_047,67,55,Miscboat,208,275,211,266
201807071316_046,39,84,Miscboat,965,1004,199,283
201807071316_047,74,98,Miscboat,904,978,194,292
201807071316_048,120,151,Miscboat,1028,1148,169,320
201807071316_045,35,11,Motorboat,628,663,252,263
201807071316_046,36,12,Motorboat,656,692,252,264
201807071316_047,40,13,Motorboat,500,540,253,266
201807071316_048,43,17,Motorboat,498,541,254,271
201807071316_049,55,19,Motorboat,237,292,259,278
201807071316_045,30,49,Sailboat,577,607,213,262
201807071316_046,34,56,Sailboat,599,633,209,265
201807071316_047,34,58,Sailboat,435,469,208,266
201807071316_048,39,77,Sailboat,421,460,195,272
201807071316_049,51,97,Sailboat,136,187,184,281
201807071316_046,12,10,Boat,759,771,255,265
201807071316_047,13,11,Boat,616,629,257,268
201807071316_048,14,12,Boat,632,646,258,270
201807071316_049,23,16,Boat,409,432,262,278
201807071316_050,34,19,Boat,298,332,267,286
201807071316_049,6,28,Seamark,823,829,261,289
201807071316_050,6,49,Seamark,955,961,267,316
201807071316_051,13,131,Seamark,1251,1264,320,451
201807071316_046,26,9,Motorboat,783,809,255,264
201807071316_047,29,10,Motorboat,645,674,256,266
201807071316_048,32,11,Motorboat,666,698,259,270
201807071316_049,44,15,Motorboat,451,495,260,275
201807071316_050,57,23,Motorboat,369,426,261,284
201807071316_045,10,12,Motorboat,795,805,250,262
201807071316_046,14,15,Motorboat,842,856,251,266
201807071316_047,19,17,Motorboat,710,729,250,267
201807071316_048,18,18,Motorboat,738,756,252,270
201807071316_049,23,25,Motorboat,545,568,248,273
201807071316_050,30,29,Motorboat,512,542,249,278
201807071316_051,53,48,Motorboat,160,213,250,298
201807071316_046,34,36,Sailboat,904,938,231,267
201807071316_047,34,37,Sailboat,780,814,231,268
201807071316_048,38,42,Sailboat,821,859,230,272
201807071316_049,58,47,Sailboat,654,712,230,277
201807071316_050,91,143,Sailboat,641,732,141,284
201807071316_051,149,224,Sailboat,365,514,83,307
201807071316_054,42,62,Sailboat,311,353,215,277
201807071316_055,54,78,Sailboat,478,532,198,276
201807071316_056,53,90,Sailboat,321,374,193,283
201807071316_054,9,20,Seamark,431,440,262,282
201807071316_055,12,26,Seamark,195,207,275,301
201807071316_056,5,16,Seamark,1130,1135,254,270
201807071316_057,9,25,Seamark,956,965,246,271
201807071316_058,13,38,Seamark,877,890,252,290
201807071316_059,13,61,Seamark,865,878,241,302
201807071316_060,39,120,Seamark,998,1037,239,359
201807071316_056,14,9,Motorboat,823,837,257,266
201807071316_057,31,12,Motorboat,237,268,273,285
201807071316_055,14,5,Boat,456,470,271,276
201807071316_056,12,5,Boat,302,314,278,283
201807071316_055,22,16,Motorboat,1083,1105,253,269
201807071316_056,24,23,Motorboat,641,665,256,279
201807071316_057,10,6,Motorboat,846,856,251,257
201807071316_058,14,11,Motorboat,572,586,260,271
201807071316_059,24,15,Motorboat,269,293,265,280
201807071316_058,48,95,Sailboat,449,497,187,282
201807071316_059,45,93,Sailboat,479,524,181,274
201807071316_060,28,87,Sailboat,519,547,185,272
201807071316_057,16,7,Boat,331,347,277,284
201807071316_058,15,7,Boat,435,450,278,285
201807071316_054,21,8,Boat,453,474,265,273
201807071316_055,24,8,Boat,656,680,263,271
201807071316_056,22,13,Boat,507,529,263,276
201807071316_057,17,12,Boat,535,552,264,276
201807071316_058,18,13,Boat,598,616,266,279
201807071316_059,11,8,Boat,551,562,262,270
201807071316_005,38,23,Motorboat,302,340,265,288
201807071316_005,88,64,Motorboat,353,441,280,344
201807071316_050,63,30,Motorboat,56,119,265,295
201807071316_053,22,13,Motorboat,251,273,289,302
201807071316_053,62,48,Motorboat,1213,1275,278,326
201807071316_053,84,46,Motorboat,1101,1185,283,329
201807071316_053,106,50,Passengership,972,1078,223,273
201807071316_053,106,27,Miscboat,635,741,254,281
201807071316_053,65,20,Miscboat,772,837,260,280
201807071316_053,42,43,Motorboat,875,917,265,308
201807071316_053,76,23,Motorboat,625,701,280,303
201807071316_056,13,8,Boat,926,939,254,262
201807071316_001,43,200,Sailboat,-2,41,122,322
201807071316_004,23,104,Sailboat,470,493,163,267
201807071316_007,163,387,Sailboat,1117,1280,3,390
201807071316_007,118,325,Sailboat,936,1054,10,335
201807071316_057,57,77,Sailboat,352,409,204,281
201807071316_058,41,91,Sailboat,321,362,193,284
201807071316_057,21,56,Sailboat,757,778,207,263
201807071316_060,9,47,Sailboat,487,496,217,264
201807071316_015,33,92,Cruiseship,632,665,163,255
201807071316_016,36,99,Cruiseship,568,604,168,267
201807071316_000,78,52,Motorboat,19,97,264,316
201807071316_001,10,5,Boat,575,585,252,257
201807071316_001,9,7,Boat,580,589,256,263
201807071316_004,23,13,Boat,356,379,264,277
201807071316_005,49,171,Sailboat,294,343,121,292
201807071316_006,91,52,Motorboat,144,235,272,324
201807071316_006,31,25,Boat,555,586,269,294
201807071316_013,8,5,Boat,771,779,250,255
201807071316_015,14,7,Boat,484,498,252,259
201807071316_015,75,49,Boat,954,1029,286,335
201807071316_030,7,8,Boat,822,829,254,262
201807071316_049,29,11,Motorboat,197,226,271,282
201807071316_054,13,13,Motorboat,1196,1209,245,258
201807071316_054,84,38,Motorboat,987,1071,303,341
201807071316_057,74,92,Motorboat,1,75,260,352
201807071316_015,55,74,Militaryship,665,720,191,265
201807071316_017,80,100,Militaryship,939,1019,173,273
201807071316_000,70,137,Sailboat,166,236,158,295
201807071316_000,71,43,Miscboat,98,169,259,302
201807071316_013,135,103,Miscboat,1097,1232,206,309
201807071316_015,179,46,Passengership,725,904,261,307
201807071316_016,465,212,Ferry,770,1235,246,458
201807071316_030,3,6,Seamark,768,771,251,257
201807071316_033,4,17,Seamark,285,289,257,274
201807071316_036,6,11,Seamark,36,42,260,271
201807071316_051,6,48,Seamark,542,548,273,321
201807071316_052,4,17,Seamark,937,941,264,281
201807071316_053,16,120,Seamark,1198,1214,318,438
201807071316_058,8,22,Seamark,103,111,275,297
201807071316_057,3,8,Seamark,1081,1084,248,256
201807071316_060,4,11,Seamark,455,459,254,265
201807071316_060,4,12,Seamark,756,760,248,260
201807071316_000,20,10,Miscellaneous,323,343,344,354
201807071347_001,5,15,Seamark,163,168,267,282
201807071347_002,6,16,Seamark,105,111,270,286
201807071347_003,11,24,Seamark,39,50,273,297
201807071347_001,5,15,Seamark,600,605,251,266
201807071347_002,8,20,Seamark,636,644,248,268
201807071347_003,13,28,Seamark,698,711,246,274
201807071347_004,14,31,Seamark,705,719,248,279
201807071347_005,18,42,Seamark,784,802,247,289
201807071347_006,25,63,Seamark,890,915,243,306
201807071347_007,5,11,Seamark,344,349,265,276
201807071347_008,7,16,Seamark,448,455,259,275
201807071347_000,26,77,Sailboat,387,413,201,278
201807071347_001,15,69,Sailboat,392,407,203,272
201807071347_002,15,72,Sailboat,404,419,201,273
201807071347_003,17,63,Sailboat,431,448,208,271
201807071347_004,16,52,Sailboat,441,457,218,270
201807071347_005,14,60,Sailboat,508,522,208,268
201807071347_006,15,57,Sailboat,559,574,212,269
201807071347_007,14,38,Sailboat,752,766,226,264
201807071347_008,12,56,Sailboat,947,959,205,261
201807071347_009,14,67,Sailboat,1018,1032,198,265
201807071347_010,9,46,Sailboat,1176,1185,216,262
201807071347_002,3,12,Seamark,528,531,251,263
201807071347_003,8,16,Seamark,563,571,246,262
201807071347_004,8,16,Seamark,548,556,250,266
201807071347_005,6,16,Seamark,593,599,250,266
201807071347_006,7,18,Seamark,633,640,249,267
201807071347_007,6,13,Seamark,804,810,257,270
201807071347_008,6,22,Seamark,1001,1007,249,271
201807071347_009,14,33,Seamark,1147,1161,249,282
201807071347_008,204,80,Passengership,110,314,253,333
201807071347_009,129,64,Passengership,592,721,237,301
201807071347_010,61,48,Passengership,1039,1100,241,289
201807071347_009,13,27,Seamark,379,392,255,282
201807071347_010,13,33,Seamark,337,350,267,300
201807071347_003,30,20,Boat,70,100,289,309
201807071347_004,25,15,Boat,109,134,287,302
201807071347_005,23,13,Boat,205,228,281,294
201807071347_006,26,21,Boat,280,306,272,293
201807071347_007,24,11,Boat,517,541,270,281
201807071347_008,12,14,Boat,784,796,262,276
201807071347_009,18,15,Boat,911,929,255,270
201807071347_010,10,11,Boat,1124,1134,256,267
201807071347_012,23,14,Motorboat,987,1010,248,262
201807071347_013,23,12,Motorboat,1113,1136,255,267
201807071347_012,25,75,Sailboat,122,147,212,287
201807071347_013,32,93,Sailboat,36,68,204,297
201807071347_012,41,16,Motorboat,252,293,264,280
201807071347_013,55,12,Motorboat,182,237,274,286
201807071347_014,49,17,Motorboat,230,279,269,286
201807071347_015,58,19,Motorboat,205,263,275,294
201807071347_016,59,20,Motorboat,248,307,280,300
201807071347_017,164,46,Motorboat,387,551,292,338
201807071347_018,297,89,Motorboat,294,591,319,408
201807071347_019,438,124,Motorboat,106,544,354,478
201807071347_014,26,119,Sailboat,9,35,182,301
201807071347_015,38,153,Sailboat,1,39,158,311
201807071347_016,79,106,Sailboat,174,253,196,302
201807071347_017,126,214,Sailboat,302,428,122,336
201807071347_018,210,336,Sailboat,203,413,62,398
201807071347_018,105,32,Miscboat,501,606,274,306
201807071347_019,116,32,Miscboat,431,547,288,320
201807071347_013,41,68,Sailboat,138,179,220,288
201807071347_014,30,84,Sailboat,151,181,202,286
201807071347_015,52,84,Sailboat,140,192,213,297
201807071347_016,56,130,Sailboat,126,182,171,301
201807071347_017,45,152,Sailboat,411,456,148,300
201807071347_018,46,188,Sailboat,440,486,124,312
201807071347_019,45,204,Sailboat,366,411,117,321
201807071347_016,60,225,Sailboat,23,83,91,316
201807071347_017,58,342,Sailboat,34,92,11,353
201807071347_015,58,108,Sailboat,102,160,193,301
201807071347_017,128,249,Sailboat,217,345,76,325
201807071347_018,45,22,Miscboat,371,416,286,308
201807071347_019,49,30,Miscboat,290,339,292,322
201807071347_013,19,14,Motorboat,377,396,262,276
201807071347_014,23,10,Motorboat,464,487,261,271
201807071347_015,37,18,Motorboat,554,591,259,277
201807071347_016,28,22,Motorboat,731,759,255,277
201807071347_017,42,25,Motorboat,1208,1250,260,285
201807071347_017,87,131,Sailboat,103,190,186,317
201807071347_018,137,178,Sailboat,1,138,161,339
201807071347_018,35,31,Miscboat,335,370,281,312
201807071347_019,39,29,Miscboat,250,289,292,321
201807071347_021,239,486,Sailboat,6,245,1,487
201807071347_022,68,288,Sailboat,1176,1244,28,316
201807071347_022,50,70,Sailboat,130,180,224,294
201807071347_023,20,28,Sailboat,455,475,250,278
201807071347_024,62,93,Sailboat,388,450,201,294
201807071347_025,43,74,Sailboat,633,676,208,282
201807071347_026,49,92,Sailboat,742,791,194,286
201807071347_027,39,85,Sailboat,953,992,199,284
201807071347_028,34,84,Sailboat,800,834,207,291
201807071347_029,30,76,Sailboat,727,757,214,290
201807071347_030,41,106,Sailboat,793,834,190,296
201807071347_031,51,129,Sailboat,755,806,172,301
201807071347_032,33,132,Sailboat,770,803,167,299
201807071347_033,35,105,Sailboat,788,823,200,305
201807071347_034,33,105,Sailboat,927,960,195,300
201807071347_035,41,170,Sailboat,858,899,138,308
201807071347_036,48,168,Sailboat,837,885,139,307
201807071347_037,46,181,Sailboat,847,893,131,312
201807071347_038,45,199,Sailboat,885,930,113,312
201807071347_039,80,214,Sailboat,924,1004,110,324
201807071347_040,67,240,Sailboat,873,940,94,334
201807071347_041,61,270,Sailboat,946,1007,73,343
201807071347_042,78,288,Sailboat,1108,1186,65,353
201807071347_043,96,334,Sailboat,1182,1278,36,370
201807071347_023,7,19,Seamark,670,677,255,274
201807071347_024,13,25,Seamark,847,860,245,270
201807071347_025,10,31,Seamark,895,905,246,277
201807071347_026,16,45,Seamark,867,883,244,289
201807071347_027,33,115,Seamark,1029,1062,231,346
201807071347_024,66,21,Motorboat,257,323,295,316
201807071347_025,49,25,Motorboat,768,817,277,302
201807071347_026,36,34,Motorboat,1075,1111,272,306
201807071347_025,6,19,Seamark,472,478,258,277
201807071347_026,13,28,Seamark,285,298,262,290
201807071347_027,16,39,Seamark,20,36,276,315
201807071347_025,19,13,Motorboat,1014,1033,250,263
201807071347_026,24,20,Motorboat,838,862,250,270
201807071347_027,79,50,Motorboat,441,520,255,305
201807071347_026,16,20,Motorboat,1114,1130,246,266
201807071347_027,19,19,Motorboat,1107,1126,246,265
201807071347_028,15,16,Motorboat,850,865,254,270
201807071347_029,22,23,Motorboat,763,785,248,271
201807071347_030,21,24,Motorboat,823,844,250,274
201807071347_031,20,19,Motorboat,817,837,256,275
201807071347_032,17,19,Motorboat,833,850,255,274
201807071347_033,29,26,Motorboat,857,886,260,286
201807071347_034,27,32,Motorboat,997,1024,250,282
201807071347_035,33,26,Motorboat,932,965,258,284
201807071347_036,39,32,Motorboat,922,961,257,289
201807071347_037,43,35,Motorboat,935,978,260,295
201807071347_038,49,35,Motorboat,1000,1049,260,295
201807071347_039,84,53,Motorboat,1147,1231,262,315
201807071347_040,52,59,Motorboat,1228,1280,272,331
201807071347_026,23,17,Motorboat,994,1017,247,264
201807071347_027,42,32,Motorboat,759,801,255,287
201807071347_025,8,19,Seamark,1190,1198,242,261
201807071347_026,6,22,Seamark,1152,1158,244,266
201807071347_027,6,21,Seamark,1163,1169,242,263
201807071347_028,6,20,Seamark,914,920,249,269
201807071347_029,14,27,Seamark,829,843,248,275
201807071347_030,17,37,Seamark,884,901,248,285
201807071347_031,18,60,Seamark,952,970,245,305
201807071347_032,32,130,Seamark,1211,1243,237,367
201807071347_027,42,25,Motorboat,719,761,245,270
201807071347_028,70,29,Motorboat,122,192,281,310
201807071347_025,26,16,Motorboat,1053,1079,244,260
201807071347_026,22,18,Motorboat,891,913,243,261
201807071347_028,5,23,Seamark,401,406,258,281
201807071347_029,16,25,Seamark,158,174,268,293
201807071347_030,12,31,Seamark,28,40,276,307
201807071347_028,49,24,Miscboat,1229,1278,274,298
201807071347_029,77,34,Miscboat,985,1062,266,300
201807071347_030,92,37,Miscboat,321,413,294,331
201807071347_032,17,10,Boat,655,672,264,274
201807071347_033,42,23,Boat,384,426,286,309
201807071347_034,4,13,Seamark,518,522,258,271
201807071347_035,12,28,Seamark,359,371,254,282
201807071347_036,11,25,Seamark,256,267,257,282
201807071347_037,6,20,Seamark,177,183,269,289
201807071347_038,14,27,Seamark,100,114,269,296
201807071347_034,17,14,Boat,712,729,262,276
201807071347_035,22,24,Boat,398,420,286,310
201807071347_034,25,13,Boat,433,458,270,283
201807071347_035,29,18,Boat,192,221,285,303
201807071347_037,22,16,Boat,731,753,252,268
201807071347_038,24,17,Boat,692,716,256,273
201807071347_034,42,16,Cargoship,734,776,242,258
201807071347_035,46,18,Cargoship,602,648,244,262
201807071347_036,52,20,Cargoship,529,581,243,263
201807071347_037,50,19,Cargoship,495,545,247,266
201807071347_042,16,15,Boat,830,846,252,267
201807071347_043,47,21,Boat,431,478,277,298
201807071347_043,6,24,Seamark,885,891,246,270
201807071347_044,10,32,Seamark,937,947,251,283
201807071347_045,20,63,Seamark,1142,1162,244,307
201807071347_046,8,20,Seamark,937,945,245,265
201807071347_047,7,18,Seamark,794,801,248,266
201807071347_048,12,27,Seamark,767,779,244,271
201807071347_049,8,26,Seamark,797,805,248,274
201807071347_050,14,36,Seamark,861,875,255,291
201807071347_051,17,45,Seamark,912,929,251,296
201807071347_052,28,105,Seamark,955,983,251,356
201807071347_032,17,22,Cruiseship,875,892,229,251
201807071347_033,23,29,Cruiseship,835,858,227,256
201807071347_034,19,30,Cruiseship,906,925,224,254
201807071347_035,20,32,Cruiseship,784,804,224,256
201807071347_036,20,31,Cruiseship,721,741,222,253
201807071347_037,19,34,Cruiseship,693,712,225,259
201807071347_038,21,32,Cruiseship,691,712,222,254
201807071347_039,18,49,Cruiseship,689,707,206,255
201807071347_040,23,46,Cruiseship,647,670,212,258
201807071347_041,24,39,Cruiseship,676,700,219,258
201807071347_042,27,47,Cruiseship,577,604,212,259
201807071347_043,30,45,Cruiseship,340,370,227,272
201807071347_044,37,50,Cruiseship,268,305,226,276
201807071347_045,29,56,Cruiseship,249,278,225,281
201807071347_046,37,62,Cruiseship,95,132,225,287
201807071347_046,62,72,Sailboat,614,676,202,274
201807071347_047,134,122,Sailboat,160,294,174,296
201807071347_043,70,37,Militaryship,1086,1156,219,256
201807071347_044,80,43,Militaryship,1107,1187,217,260
201807071347_045,85,48,Militaryship,1181,1266,211,259
201807071347_046,95,53,Militaryship,1150,1245,204,257
201807071347_047,117,67,Militaryship,1044,1161,194,261
201807071347_048,130,73,Militaryship,1043,1173,192,265
201807071347_049,137,93,Militaryship,1093,1230,172,265
201807071347_050,58,83,Militaryship,1215,1273,202,285
201807071347_049,5,31,Seamark,838,843,257,288
201807071347_050,12,59,Seamark,990,1002,275,334
201807071347_047,14,9,Motorboat,859,873,252,261
201807071347_048,15,10,Motorboat,825,840,254,264
201807071347_049,15,13,Motorboat,838,853,252,265
201807071347_050,30,20,Motorboat,902,932,264,284
201807071347_051,43,35,Motorboat,1088,1131,265,300
201807071347_051,43,25,Miscboat,360,403,259,284
201807071347_052,57,27,Miscboat,98,155,277,304
201807071347_051,48,23,Militaryship,1233,1281,251,274
201807071347_052,62,43,Militaryship,1211,1273,242,285
201807071347_050,95,70,Motorboat,445,540,281,351
201807071347_051,51,43,Motorboat,765,816,270,313
201807071347_052,31,28,Motorboat,878,909,267,295
201807071347_049,15,16,Passengership,961,976,241,257
201807071347_050,16,18,Passengership,991,1007,250,268
201807071347_051,33,21,Passengership,971,1004,245,266
201807071347_052,52,28,Passengership,788,840,250,278
201807071347_047,22,15,Passengership,935,957,241,256
201807071347_048,34,21,Passengership,887,921,240,261
201807071347_049,33,28,Passengership,874,907,231,259
201807071347_050,39,34,Passengership,854,893,239,273
201807071347_051,61,43,Passengership,789,850,232,275
201807071347_052,139,78,Passengership,418,557,224,302
201807071347_013,18,9,Boat,1217,1235,258,267
201807071347_012,25,14,Boat,1081,1106,250,264
201807071347_017,77,35,Motorboat,61,138,271,306
201807071347_019,36,29,Miscboat,324,360,294,323
201807071347_020,118,43,Miscboat,938,1056,280,323
201807071347_020,202,60,Motorboat,253,455,265,325
201807071347_020,40,30,Miscboat,723,763,282,312
201807071347_020,47,29,Miscboat,764,811,289,318
201807071347_020,70,36,Miscboat,811,881,291,327
201807071347_020,565,291,Motorboat,640,1205,343,634
201807071347_021,90,46,Miscboat,1189,1279,286,332
201807071347_021,54,31,Miscboat,982,1036,285,316
201807071347_021,62,34,Miscboat,1028,1090,290,324
201807071347_021,783,251,Motorboat,490,1273,397,648
201807071347_022,46,20,Motorboat,191,237,272,292
201807071347_023,17,12,Boat,771,788,260,272
201807071347_029,49,42,Boat,0,49,300,342
201807071347_032,24,14,Boat,302,326,277,291
201807071347_032,17,10,Boat,891,908,252,262
201807071347_047,44,22,Boat,49,93,284,306
201807071347_049,17,11,Boat,1009,1026,248,259
201807071347_012,33,87,Sailboat,156,189,199,286
201807071347_013,44,89,Sailboat,92,136,201,290
201807071347_014,13,121,Sailboat,73,86,176,297
201807071347_012,28,80,Sailboat,88,116,208,288
201807071347_015,52,173,Sailboat,36,88,133,306
201807071347_013,20,81,Sailboat,69,89,210,291
201807071347_014,27,111,Sailboat,43,70,188,299
201807071347_013,17,74,Sailboat,24,41,221,295
201807071347_014,32,85,Sailboat,115,147,207,292
201807071347_019,309,434,Sailboat,34,343,1,435
201807071347_020,51,227,Sailboat,886,937,96,323
201807071347_021,75,246,Sailboat,1094,1169,85,331
201807071347_021,470,520,Sailboat,539,1009,0,520
201807071347_022,75,161,Sailboat,800,875,142,303
201807071347_022,31,122,Sailboat,882,913,182,304
201807071347_022,69,184,Sailboat,617,686,117,301
201807071347_022,41,154,Sailboat,944,985,156,310
201807071347_022,22,196,Sailboat,1021,1043,116,312
201807071347_022,76,255,Sailboat,1048,1124,58,313
201807071347_025,44,57,Sailboat,71,115,248,305
201807071347_023,27,53,Sailboat,1223,1250,223,276
201807071347_023,41,67,Sailboat,23,64,239,306
201807071347_036,14,44,Sailboat,811,825,220,264
201807071347_000,22,19,Boat,2,24,285,304
201807071347_004,13,14,Boat,486,499,254,268
201807071347_010,15,11,Boat,1147,1162,249,260
201807071347_025,19,12,Boat,945,964,249,261
201807071347_025,21,16,Motorboat,1124,1145,248,264
201807071347_028,56,20,Boat,1126,1182,278,298
201807071347_028,22,11,Boat,586,608,266,277
201807071347_028,16,10,Boat,898,914,262,272
201807071347_034,15,11,Boat,635,650,266,277
201807071347_035,28,16,Boat,181,209,305,321
201807071347_039,91,58,Motorboat,336,427,279,337
201807071347_049,19,16,Boat,691,710,261,277
201807071347_050,35,21,Boat,279,314,303,324
201807071347_049,37,16,Boat,332,369,279,295
201807071347_052,29,17,Boat,653,682,274,291
201807071347_040,43,42,Militaryship,1237,1280,210,252
201807071347_008,5,12,Seamark,1028,1033,248,260
201807071347_016,13,21,Miscellaneous,223,236,322,343
201807071347_022,26,29,Miscellaneous,281,307,345,374
201807071347_022,6,5,Miscellaneous,305,311,312,317
201807071347_022,9,6,Miscellaneous,178,187,339,345
201807071347_025,5,12,Seamark,908,913,248,260
201807071347_039,20,46,Seamark,1082,1102,244,290
201807071347_049,11,22,Seamark,1070,1081,249,271
201807071347_052,7,25,Seamark,1068,1075,267,292
201807071417_001,17,11,Motorboat,535,552,267,278
201807071417_002,42,25,Motorboat,211,253,285,310
201807071417_005,9,7,Boat,1010,1019,263,270
201807071417_006,10,8,Boat,1051,1061,261,269
201807071417_007,10,7,Boat,1172,1182,264,271
201807071417_003,6,14,Seamark,544,550,258,272
201807071417_004,7,15,Seamark,689,696,253,268
201807071417_005,10,23,Seamark,915,925,255,278
201807071417_006,5,22,Seamark,966,971,253,275
201807071417_000,23,22,Motorboat,731,754,253,275
201807071417_001,16,13,Motorboat,656,672,261,274
201807071417_002,16,11,Motorboat,414,430,266,277
201807071417_003,25,16,Motorboat,322,347,264,280
201807071417_004,28,14,Motorboat,332,360,268,282
201807071417_005,17,13,Motorboat,404,421,261,274
201807071417_006,19,15,Motorboat,298,317,258,273
201807071417_005,10,7,Boat,982,992,264,271
201807071417_006,11,8,Boat,1021,1032,261,269
201807071417_007,18,9,Boat,1134,1152,264,273
201807071417_008,36,38,Passengership,14,50,254,292
201807071417_009,82,92,Sailboat,133,215,211,303
201807071417_010,50,100,Sailboat,288,338,174,274
201807071417_011,53,110,Sailboat,368,421,159,269
201807071417_012,58,126,Sailboat,357,415,151,277
201807071417_013,69,127,Sailboat,353,422,150,277
201807071417_014,109,166,Sailboat,389,498,112,278
201807071417_015,108,211,Sailboat,421,529,65,276
201807071417_016,170,276,Sailboat,362,532,10,286
201807071417_017,256,296,Sailboat,215,471,5,301
201807071417_018,299,325,Sailboat,-2,297,1,326
201807071417_019,172,325,Sailboat,2,174,7,332
201807071417_011,22,40,Militaryship,355,377,237,277
201807071417_012,36,32,Militaryship,317,353,254,286
201807071417_013,41,29,Militaryship,303,344,255,284
201807071417_014,67,70,Militaryship,314,381,220,290
201807071417_015,123,101,Militaryship,237,360,193,294
201807071417_016,260,100,Militaryship,4,264,227,327
201807071417_009,42,57,Cruiseship,83,125,229,286
201807071417_010,58,66,Cruiseship,237,295,218,284
201807071417_011,84,79,Cruiseship,266,350,202,281
201807071417_012,129,148,Cruiseship,177,306,152,300
201807071417_013,170,120,Cruiseship,107,277,184,304
201807071417_014,236,173,Cruiseship,5,241,150,323
201807071417_015,99,310,Cruiseship,1,100,1,311
201807071417_010,17,16,Miscboat,256,273,276,292
201807071417_011,51,37,Miscboat,15,66,298,335
201807071417_011,5,4,Boat,449,454,266,270
201807071417_012,10,8,Boat,441,451,269,277
201807071417_013,9,7,Boat,435,444,268,275
201807071417_014,15,14,Boat,471,486,268,282
201807071417_015,35,25,Boat,371,406,279,304
201807071417_010,11,9,Boat,407,418,265,274
201807071417_011,14,11,Boat,512,526,259,270
201807071417_010,34,27,Militaryship,652,686,255,282
201807071417_011,41,39,Militaryship,814,855,253,292
201807071417_012,112,80,Militaryship,957,1069,247,327
201807071417_010,13,14,Boat,373,386,268,282
201807071417_011,11,12,Boat,409,420,265,277
201807071417_012,23,20,Boat,354,377,274,294
201807071417_013,42,38,Boat,224,266,280,318
201807071417_014,24,11,Passengership,488,512,262,273
201807071417_016,32,16,Passengership,533,565,260,276
201807071417_017,58,24,Passengership,456,514,258,282
201807071417_018,68,27,Passengership,279,347,264,291
201807071417_019,111,34,Passengership,147,258,280,314
201807071417_012,63,79,Miscboat,872,935,225,304
201807071417_013,118,82,Miscboat,1022,1140,245,327
201807071417_010,37,49,Miscboat,622,659,234,283
201807071417_011,56,51,Miscboat,754,810,237,288
201807071417_012,43,57,Miscboat,830,873,237,294
201807071417_013,80,97,Miscboat,934,1014,208,305
201807071417_010,12,30,Sailboat,391,403,240,270
201807071417_011,16,29,Sailboat,492,508,238,267
201807071417_013,38,39,Militaryship,264,302,250,289
201807071417_014,69,52,Militaryship,238,307,242,294
201807071417_015,114,96,Militaryship,123,237,208,304
201807071417_017,17,11,Boat,569,586,253,264
201807071417_018,15,12,Boat,452,467,258,270
201807071417_019,99,31,Ferry,370,469,269,300
201807071417_020,22,22,Boat,330,352,266,288
201807071417_021,44,32,Boat,35,79,305,337
201807071417_017,15,13,Motorboat,596,611,255,268
201807071417_018,18,17,Motorboat,480,498,259,276
201807071417_019,25,23,Motorboat,473,498,265,288
201807071417_020,125,80,Motorboat,151,276,269,349
201807071417_021,13,11,Boat,445,458,262,273
201807071417_022,19,13,Boat,433,452,272,285
201807071417_023,38,16,Boat,405,443,290,306
201807071417_018,18,15,Motorboat,348,366,266,281
201807071417_019,21,20,Motorboat,302,323,274,294
201807071417_020,42,28,Motorboat,94,136,287,315
201807071417_014,10,10,Motorboat,603,613,263,273
201807071417_015,10,10,Motorboat,645,655,256,266
201807071417_016,11,11,Motorboat,674,685,259,270
201807071417_017,9,12,Motorboat,638,647,251,263
201807071417_018,10,13,Motorboat,528,538,252,265
201807071417_019,11,11,Motorboat,558,569,255,266
201807071417_020,14,12,Motorboat,558,572,251,263
201807071417_021,15,13,Motorboat,556,571,250,263
201807071417_022,28,53,Sailboat,575,603,216,269
201807071417_023,21,61,Sailboat,701,722,208,269
201807071417_024,28,25,Motorboat,678,706,249,274
201807071417_025,25,24,Motorboat,670,695,249,273
201807071417_026,38,39,Motorboat,841,879,242,281
201807071417_027,59,65,Motorboat,803,862,232,297
201807071417_028,110,92,Motorboat,920,1030,235,327
201807071417_022,20,15,Boat,344,364,276,291
201807071417_023,43,29,Boat,200,243,292,321
201807071417_017,26,54,Sailboat,698,724,211,265
201807071417_018,37,72,Sailboat,590,627,200,272
201807071417_019,41,72,Sailboat,622,663,201,273
201807071417_020,39,104,Sailboat,633,672,171,275
201807071417_021,60,155,Sailboat,639,699,130,285
201807071417_022,96,244,Sailboat,673,769,55,299
201807071417_023,166,326,Sailboat,837,1003,6,332
201807071417_024,199,248,Miscboat,1036,1235,150,398
201807071417_022,21,26,Miscboat,607,628,245,271
201807071417_023,36,42,Miscboat,721,757,231,273
201807071417_024,35,40,Miscboat,709,744,235,275
201807071417_025,42,45,Miscboat,710,752,235,280
201807071417_026,79,83,Miscboat,908,987,215,298
201807071417_027,48,41,Motorboat,920,968,266,307
201807071417_028,83,93,Motorboat,1195,1278,281,374
201807071417_027,165,221,Miscboat,969,1134,113,334
201807071417_029,139,352,Sailboat,1062,1201,0,352
201807071417_028,58,224,Sailboat,852,910,76,300
201807071417_029,44,251,Sailboat,972,1016,58,309
201807071417_030,94,308,Sailboat,1013,1107,0,308
201807071417_028,68,191,Sailboat,775,843,96,287
201807071417_029,36,235,Sailboat,878,914,62,297
201807071417_023,35,63,Sailboat,456,491,214,277
201807071417_024,43,79,Sailboat,387,430,202,281
201807071417_025,61,75,Sailboat,273,334,212,287
201807071417_026,92,144,Sailboat,278,370,157,301
201807071417_026,84,114,Sailboat,364,448,177,291
201807071417_027,131,168,Sailboat,110,241,141,309
201807071417_028,119,158,Sailboat,224,343,148,306
201807071417_029,157,266,Sailboat,47,204,67,333
201807071417_030,133,325,Sailboat,59,192,36,361
201807071417_031,91,414,Sailboat,0,91,0,414
201807071417_028,43,29,Motorboat,488,531,266,295
201807071417_029,70,51,Motorboat,325,395,291,342
201807071417_026,61,90,Sailboat,493,554,190,280
201807071417_028,73,140,Sailboat,296,369,154,294
201807071417_029,110,174,Sailboat,205,315,135,309
201807071417_028,96,26,Motorboat,211,307,280,306
201807071417_029,131,65,Motorboat,1,132,278,343
201807071417_026,62,75,Sailboat,531,593,202,277
201807071417_027,73,104,Sailboat,396,469,186,290
201807071417_028,98,143,Sailboat,311,409,157,300
201807071417_030,166,280,Sailboat,230,396,42,322
201807071417_031,190,274,Sailboat,168,358,62,336
201807071417_026,28,19,Miscboat,808,836,254,273
201807071417_027,30,24,Miscboat,746,776,261,285
201807071417_028,40,27,Miscboat,789,829,264,291
201807071417_029,56,38,Miscboat,921,977,272,310
201807071417_019,11,9,Boat,611,622,266,275
201807071417_020,14,10,Boat,575,589,265,275
201807071417_021,15,11,Boat,554,569,267,278
201807071417_022,13,12,Boat,573,586,270,282
201807071417_023,15,13,Boat,690,705,269,282
201807071417_024,21,15,Boat,643,664,271,286
201807071417_025,22,17,Boat,612,634,273,290
201807071417_026,24,20,Boat,734,758,277,297
201807071417_027,31,25,Boat,657,688,282,307
201807071417_028,40,31,Boat,712,752,285,316
201807071417_029,50,42,Boat,783,833,294,336
201807071417_030,70,58,Boat,865,935,311,369
201807071417_026,31,68,Sailboat,593,624,205,273
201807071417_027,42,76,Sailboat,469,511,204,280
201807071417_028,48,86,Sailboat,432,480,198,284
201807071417_029,54,108,Sailboat,409,463,186,294
201807071417_030,145,42,Motorboat,322,467,262,304
201807071417_031,224,63,Motorboat,105,329,281,344
201807071417_027,63,21,Ferry,609,672,252,273
201807071417_028,68,22,Ferry,671,739,251,273
201807071417_029,43,43,Passengership,840,883,235,278
201807071417_030,78,58,Passengership,933,1011,221,279
201807071417_031,160,92,Passengership,1050,1210,203,295
201807071417_032,205,177,Passengership,1075,1280,166,343
201807071417_030,90,32,Ferry,842,932,245,277
201807071417_031,140,44,Ferry,913,1053,244,288
201807071417_032,92,60,Passengership,838,930,217,277
201807071417_033,84,65,Passengership,934,1018,236,301
201807071417_034,123,115,Passengership,1155,1278,226,341
201807071417_026,53,14,Ferry,660,713,253,267
201807071417_029,66,20,Ferry,771,837,252,272
201807071417_032,221,61,Ferry,834,1055,240,301
201807071417_028,15,14,Passengership,553,568,251,265
201807071417_029,26,18,Passengership,585,611,249,267
201807071417_030,29,20,Passengership,618,647,246,266
201807071417_031,29,21,Passengership,627,656,248,269
201807071417_032,44,30,Passengership,402,446,249,279
201807071417_028,10,11,Passengership,598,608,253,264
201807071417_029,16,15,Passengership,637,653,249,264
201807071417_030,18,20,Passengership,678,696,245,265
201807071417_031,16,18,Passengership,690,706,246,264
201807071417_032,18,21,Passengership,488,506,249,270
201807071417_033,24,28,Passengership,470,494,247,275
201807071417_034,27,26,Passengership,474,501,249,275
201807071417_035,44,35,Passengership,469,513,242,277
201807071417_036,68,63,Passengership,305,373,231,294
201807071417_037,99,68,Passengership,238,337,232,300
201807071417_038,191,91,Passengership,22,213,229,320
201807071417_032,30,29,Miscboat,503,533,255,284
201807071417_033,62,49,Miscboat,326,388,271,320
201807071417_034,86,41,Passengership,270,356,256,297
201807071417_035,160,95,Passengership,50,210,237,332
201807071417_032,11,9,Boat,551,562,267,276
201807071417_033,37,21,Boat,449,486,279,300
201807071417_032,43,30,Miscboat,782,825,246,276
201807071417_033,77,47,Miscboat,849,926,242,289
201807071417_034,130,65,Miscboat,974,1104,239,304
201807071417_032,25,74,Sailboat,745,770,197,271
201807071417_033,23,60,Sailboat,770,793,218,278
201807071417_034,32,70,Sailboat,829,861,214,284
201807071417_035,47,45,Miscboat,902,949,246,291
201807071417_036,113,72,Miscboat,984,1097,258,330
201807071417_034,45,111,Sailboat,859,904,172,283
201807071417_035,38,40,Motorboat,952,990,250,290
201807071417_034,19,13,Boat,601,620,261,274
201807071417_035,24,12,Boat,539,563,270,282
201807071417_037,19,10,Boat,537,556,270,280
201807071417_038,37,20,Boat,398,435,283,303
201807071417_034,20,15,Miscboat,558,578,253,268
201807071417_035,22,16,Miscboat,586,608,250,266
201807071417_036,24,18,Miscboat,490,514,254,272
201807071417_037,36,21,Miscboat,489,525,256,277
201807071417_038,44,24,Miscboat,471,515,254,278
201807071417_039,71,57,Miscboat,283,354,241,298
201807071417_040,113,62,Miscboat,152,265,254,316
201807071417_034,13,15,Miscboat,580,593,252,267
201807071417_035,14,16,Miscboat,610,624,249,265
201807071417_036,15,18,Miscboat,520,535,252,270
201807071417_037,20,22,Miscboat,527,547,252,274
201807071417_038,29,23,Miscboat,521,550,253,276
201807071417_039,42,27,Miscboat,359,401,264,291
201807071417_040,68,38,Miscboat,290,358,268,306
201807071417_042,132,69,Passengership,996,1128,221,290
201807071417_043,152,64,Passengership,833,985,212,276
201807071417_044,110,104,Passengership,1166,1276,213,317
201807071417_044,9,9,Boat,554,563,242,251
201807071417_045,11,8,Boat,485,496,246,254
201807071417_046,10,7,Boat,605,615,250,257
201807071417_047,9,6,Boat,534,543,253,259
201807071417_048,7,6,Boat,621,628,252,258
201807071417_042,53,28,Passengership,919,972,242,270
201807071417_043,63,37,Passengership,746,809,230,267
201807071417_044,92,45,Passengership,1021,1113,246,291
201807071417_045,201,126,Passengership,1069,1270,222,348
201807071417_042,34,20,Passengership,783,817,235,255
201807071417_043,28,25,Passengership,611,639,224,249
201807071417_044,37,22,Passengership,815,852,237,259
201807071417_045,45,26,Passengership,665,710,237,263
201807071417_046,65,47,Passengership,821,886,230,277
201807071417_047,129,91,Passengership,877,1006,223,314
201807071417_046,31,27,Miscboat,266,297,242,269
201807071417_047,79,166,Sailboat,8,87,125,291
201807071417_047,15,8,Boat,341,356,258,266
201807071417_048,50,22,Boat,135,185,273,295
201807071417_045,17,14,Boat,304,321,252,266
201807071417_046,20,20,Boat,339,359,261,281
201807071417_047,50,38,Passengership,231,281,228,266
201807071417_048,80,45,Passengership,200,280,230,275
201807071417_049,69,80,Passengership,5,74,220,300
201807071417_047,44,40,Passengership,282,326,222,262
201807071417_048,66,50,Passengership,285,351,217,267
201807071417_049,125,80,Passengership,115,240,209,289
201807071417_048,13,12,Boat,518,531,248,260
201807071417_049,13,14,Boat,506,519,257,271
201807071417_047,64,21,Miscboat,651,715,247,268
201807071417_048,102,44,Miscboat,774,876,240,284
201807071417_049,204,64,Miscboat,918,1122,259,323
201807071417_050,175,126,Miscboat,979,1154,228,354
201807071417_049,144,38,Ferry,544,688,241,279
201807071417_050,233,63,Ferry,58,291,235,298
201807071417_049,75,28,Motorboat,746,821,254,282
201807071417_050,107,32,Motorboat,640,747,262,294
201807071417_051,163,47,Motorboat,842,1005,288,335
201807071417_052,113,356,Sailboat,1145,1258,25,381
201807071417_048,57,38,Passengership,370,427,223,261
201807071417_049,105,51,Passengership,311,416,222,273
201807071417_050,150,81,Passengership,4,154,209,290
201807071417_051,90,35,Motorboat,59,149,253,288
201807071417_047,19,14,Miscboat,388,407,238,252
201807071417_050,30,28,Miscboat,344,374,242,270
201807071417_051,49,32,Miscboat,375,424,251,283
201807071417_050,20,13,Boat,509,529,252,265
201807071417_051,14,10,Boat,642,656,259,269
201807071417_052,12,9,Boat,812,824,268,277
201807071417_046,9,9,Boat,562,571,247,256
201807071417_047,26,13,Boat,480,506,258,271
201807071417_048,35,16,Boat,648,683,266,282
201807071417_049,26,15,Boat,638,664,274,289
201807071417_050,31,21,Boat,499,530,277,298
201807071417_051,41,29,Boat,625,666,285,314
201807071417_052,72,41,Boat,736,808,309,350
201807071417_050,36,103,Sailboat,305,341,163,266
201807071417_051,38,121,Sailboat,397,435,150,271
201807071417_052,41,129,Sailboat,532,573,145,274
201807071417_053,63,220,Sailboat,522,585,72,292
201807071417_051,34,24,Motorboat,436,470,240,264
201807071417_052,47,36,Motorboat,572,619,236,272
201807071417_053,59,52,Motorboat,590,649,232,284
201807071417_050,42,159,Sailboat,261,303,107,266
201807071417_051,64,212,Sailboat,256,320,65,277
201807071417_052,116,325,Sailboat,292,408,2,327
201807071417_053,263,180,Motorboat,34,297,175,355
201807071417_052,53,194,Sailboat,462,515,89,283
201807071417_053,139,328,Sailboat,347,486,0,328
201807071417_050,73,139,Sailboat,600,673,143,282
201807071417_052,125,261,Sailboat,965,1090,55,316
201807071417_047,13,12,Motorboat,416,429,239,251
201807071417_048,14,13,Motorboat,495,509,237,250
201807071417_049,15,14,Motorboat,520,535,240,254
201807071417_050,11,12,Boat,427,438,248,260
201807071417_051,18,13,Boat,526,544,254,267
201807071417_052,17,13,Boat,706,723,261,274
201807071417_002,81,31,Motorboat,911,992,251,282
201807071417_005,20,14,Motorboat,1207,1227,260,274
201807071417_005,20,14,Motorboat,1176,1196,259,273
201807071417_005,47,49,Sailboat,1041,1088,223,272
201807071417_005,34,14,Miscboat,1013,1047,258,272
201807071417_010,22,16,Miscboat,300,322,272,288
201807071417_011,38,27,Miscboat,200,238,285,312
201807071417_011,36,22,Boat,328,364,280,302
201807071417_010,15,29,Sailboat,337,352,248,277
201807071417_011,15,29,Sailboat,428,443,243,272
201807071417_013,49,54,Miscboat,891,940,242,296
201807071417_020,32,29,Miscboat,418,450,250,279
201807071417_020,19,11,Boat,328,347,274,285
201807071417_020,13,12,Miscboat,507,520,254,266
201807071417_026,86,28,Motorboat,234,320,279,307
201807071417_028,91,51,Miscboat,2,93,285,336
201807071417_028,80,31,Miscboat,79,159,290,321
201807071417_029,70,101,Miscboat,1015,1085,224,325
201807071417_029,128,59,Motorboat,151,279,266,325
201807071417_032,86,128,Sailboat,142,228,188,316
201807071417_035,69,62,Miscboat,989,1058,244,306
201807071417_041,79,23,Miscboat,893,972,268,291
201807071417_041,101,53,Miscboat,1028,1129,260,313
201807071417_046,38,33,Motorboat,228,266,240,273
201807071417_046,19,15,Boat,309,328,250,265
201807071417_050,203,244,Sailboat,972,1175,102,346
201807071417_052,204,61,Motorboat,1053,1257,282,343
201807071417_053,49,37,Motorboat,480,529,270,307
201807071417_053,123,38,Motorboat,1043,1166,284,322
201807071417_052,93,34,Boat,162,255,266,300
201807071417_052,30,37,Miscboat,616,646,234,271
201807071417_052,48,15,Boat,726,774,267,282
201807071417_007,36,75,Sailboat,1228,1264,201,276
201807071417_007,25,65,Sailboat,1194,1219,210,275
201807071417_026,66,248,Sailboat,7,73,116,364
201807071417_030,103,349,Sailboat,1122,1225,1,350
201807071417_030,57,340,Sailboat,1224,1281,1,341
201807071417_026,89,106,Sailboat,396,485,182,288
201807071417_031,135,334,Sailboat,87,222,44,378
201807071417_035,90,209,Sailboat,1073,1163,102,311
201807071417_050,55,129,Sailboat,568,623,146,275
201807071417_021,163,106,Passengership,80,243,258,364
201807071417_033,86,125,Ferry,1194,1280,274,399
201807071417_033,185,129,Passengership,1020,1205,199,328
201807071417_021,17,14,Boat,329,346,277,291
201807071417_025,20,13,Boat,357,377,279,292
201807071417_036,140,106,Motorboat,1141,1281,260,366
201807071417_036,75,43,Boat,101,176,316,359
201807071417_039,69,47,Motorboat,987,1056,262,309
201807071417_042,120,54,Miscboat,136,256,242,296
201807071417_046,11,8,Boat,488,499,258,266
201807071417_048,10,8,Boat,587,597,265,273
201807071417_051,74,56,Motorboat,117,191,301,357
201807071417_053,49,29,Boat,871,920,275,304
201807071417_000,173,59,Militaryship,1107,1280,236,295
201807071417_014,60,41,Boat,1115,1175,297,338
201807071417_042,35,13,Miscboat,664,699,235,248
201807071417_048,7,4,Miscboat,571,578,247,251
201807071417_003,8,27,Seamark,1032,1040,260,287
201807071417_042,32,30,Miscellaneous,609,641,278,308
201807071417_005,12,7,Boat,1077,1089,265,272
201807071417_014,51,44,Boat,1057,1108,295,339
201807071447_000,41,12,Miscboat,460,501,246,258
201807071447_001,28,25,Miscboat,277,305,240,265
201807071447_002,31,24,Miscboat,297,328,243,267
201807071447_003,40,23,Miscboat,173,213,249,272
201807071447_001,51,89,Sailboat,290,341,176,265
201807071447_002,55,126,Sailboat,322,377,145,271
201807071447_003,75,146,Sailboat,206,281,130,276
201807071447_000,51,105,Sailboat,680,731,144,249
201807071447_001,73,112,Sailboat,552,625,134,246
201807071447_002,68,130,Sailboat,642,710,122,252
201807071447_003,85,144,Sailboat,608,693,108,252
201807071447_004,52,19,Ferry,661,713,245,264
201807071447_005,48,18,Ferry,596,644,245,263
201807071447_002,28,15,Passengership,633,661,244,259
201807071447_003,34,15,Passengership,599,633,243,258
201807071447_004,36,12,Passengership,661,697,248,260
201807071447_005,33,11,Passengership,686,719,252,263
201807071447_006,77,18,Passengership,676,753,253,271
201807071447_007,113,26,Miscboat,776,889,264,290
201807071447_008,310,70,Passengership,939,1249,290,360
201807071447_002,9,9,Miscboat,601,610,246,255
201807071447_003,10,10,Miscboat,549,559,246,256
201807071447_004,10,9,Miscboat,563,573,244,253
201807071447_005,15,11,Miscboat,533,548,247,258
201807071447_006,16,15,Miscboat,471,487,250,265
201807071447_007,64,44,Miscboat,144,208,267,311
201807071447_001,17,14,Passengership,504,521,239,253
201807071447_002,19,15,Passengership,570,589,240,255
201807071447_003,20,13,Passengership,508,528,241,254
201807071447_004,36,28,Passengership,501,537,232,260
201807071447_005,57,36,Passengership,423,480,229,265
201807071447_006,61,120,Passengership,-1,60,214,334
201807071447_002,15,8,Miscboat,656,671,253,261
201807071447_003,36,16,Miscboat,617,653,247,263
201807071447_004,33,15,Miscboat,688,721,250,265
201807071447_005,30,14,Miscboat,719,749,254,268
201807071447_006,68,52,Miscboat,717,785,242,294
201807071447_007,84,64,Miscboat,921,1005,278,342
201807071447_004,9,8,Miscboat,540,549,249,257
201807071447_005,12,10,Miscboat,489,501,251,261
201807071447_006,35,21,Miscboat,238,273,264,285
201807071447_004,88,170,Sailboat,672,760,92,262
201807071447_005,112,187,Sailboat,695,807,56,243
201807071447_006,147,248,Sailboat,688,835,12,260
201807071447_007,205,266,Sailboat,780,985,1,267
201807071447_008,420,333,Sailboat,823,1243,0,333
201807071447_008,13,12,Motorboat,648,661,248,260
201807071447_009,37,27,Motorboat,462,499,258,285
201807071447_010,19,19,Motorboat,411,430,234,253
201807071447_011,7,6,Boat,510,517,240,246
201807071447_012,12,7,Boat,478,490,239,246
201807071447_013,13,9,Boat,494,507,246,255
201807071447_014,15,12,Boat,375,390,258,270
201807071447_013,15,13,Miscboat,469,484,243,256
201807071447_014,28,18,Miscboat,325,353,256,274
201807071447_011,29,103,Sailboat,386,415,165,268
201807071447_012,89,245,Sailboat,149,238,70,315
201807071447_008,58,81,Militaryship,836,894,197,278
201807071447_009,207,148,Militaryship,806,1013,159,307
201807071447_010,369,255,Militaryship,816,1185,90,345
201807071447_011,240,322,Militaryship,1039,1279,96,418
201807071447_012,7,9,Boat,483,490,238,247
201807071447_013,16,12,Boat,497,513,245,257
201807071447_014,15,11,Boat,426,441,253,264
201807071447_015,23,17,Boat,273,296,249,266
201807071447_008,79,78,Cruiseship,800,879,187,265
201807071447_009,115,84,Cruiseship,736,851,179,263
201807071447_010,183,158,Cruiseship,657,840,121,279
201807071447_011,298,226,Cruiseship,720,1018,79,305
201807071447_012,546,356,Cruiseship,730,1276,2,358
201807071447_013,451,474,Cruiseship,830,1281,1,475
201807071447_019,25,11,Miscboat,706,731,255,266
201807071447_020,40,15,Miscboat,68,108,250,265
201807071447_015,22,11,Motorboat,691,713,244,255
201807071447_016,28,15,Motorboat,740,768,241,256
201807071447_017,37,19,Motorboat,656,693,243,262
201807071447_018,31,16,Motorboat,714,745,242,258
201807071447_019,45,21,Motorboat,492,537,240,261
201807071447_020,52,24,Motorboat,253,305,230,254
201807071447_021,62,38,Motorboat,29,91,220,258
201807071447_000,14,9,Boat,694,708,257,266
201807071447_001,20,11,Boat,577,597,256,267
201807071447_002,15,9,Boat,633,648,258,267
201807071447_003,23,16,Boat,580,603,252,268
201807071447_004,23,14,Boat,642,665,253,267
201807071447_005,18,10,Boat,650,668,259,269
201807071447_006,15,12,Boat,595,610,257,269
201807071447_007,21,15,Boat,739,760,260,275
201807071447_008,24,15,Boat,791,815,267,282
201807071447_009,24,15,Boat,708,732,264,279
201807071447_010,26,20,Boat,610,636,251,271
201807071447_011,20,19,Boat,684,704,254,273
201807071447_012,20,15,Boat,683,703,257,272
201807071447_013,23,15,Boat,722,745,264,279
201807071447_014,19,12,Boat,650,669,269,281
201807071447_015,20,12,Boat,616,636,261,273
201807071447_016,25,15,Boat,604,629,253,268
201807071447_017,23,11,Boat,649,672,266,277
201807071447_018,24,11,Boat,837,861,268,279
201807071447_019,34,15,Boat,871,905,269,284
201807071447_020,62,30,Passengership,889,951,238,268
201807071447_021,128,51,Passengership,629,757,213,264
201807071447_022,66,71,Militaryship,614,680,191,262
201807071447_023,71,87,Militaryship,132,203,171,258
201807071447_024,40,105,Militaryship,0,40,159,264
201807071447_021,82,39,Militaryship,763,845,221,260
201807071447_022,80,57,Militaryship,680,760,206,263
201807071447_023,125,78,Militaryship,180,305,174,252
201807071447_024,167,85,Militaryship,29,196,175,260
201807071447_023,8,6,Miscboat,472,480,244,250
201807071447_024,26,14,Miscboat,430,456,241,255
201807071447_025,16,11,Miscboat,377,393,248,259
201807071447_025,10,6,Boat,400,410,250,256
201807071447_026,22,15,Boat,12,34,252,267
201807071447_023,4,13,Seamark,505,509,240,253
201807071447_024,4,14,Seamark,440,444,236,250
201807071447_025,8,20,Seamark,345,353,237,257
201807071447_026,15,26,Seamark,83,98,235,261
201807071447_024,19,11,Boat,505,524,244,255
201807071447_025,17,12,Boat,416,433,241,253
201807071447_026,15,15,Boat,157,172,244,259
201807071447_026,21,11,Boat,200,221,244,255
201807071447_027,17,12,Boat,119,136,247,259
201807071447_026,9,12,Miscellaneous,253,262,237,249
201807071447_027,10,12,Seamark,260,270,236,248
201807071447_026,7,14,Seamark,12,19,232,246
201807071447_027,8,15,Seamark,80,88,231,246
201807071447_028,7,19,Seamark,99,106,229,248
201807071447_027,8,7,Boat,223,231,242,249
201807071447_028,9,8,Boat,189,198,239,247
201807071447_029,10,9,Boat,44,54,242,251
201807071447_030,14,10,Boat,27,41,240,250
201807071447_026,10,26,Sailboat,270,280,224,250
201807071447_027,23,37,Sailboat,213,236,211,248
201807071447_028,15,32,Sailboat,185,200,216,248
201807071447_022,22,16,Boat,979,1001,272,288
201807071447_023,19,16,Boat,675,694,257,273
201807071447_024,19,11,Boat,651,670,261,272
201807071447_025,26,14,Boat,619,645,259,273
201807071447_026,20,10,Boat,381,401,257,267
201807071447_027,21,16,Boat,341,362,249,265
201807071447_028,19,10,Boat,294,313,253,263
201807071447_029,15,10,Boat,111,126,255,265
201807071447_030,19,11,Boat,70,89,253,264
201807071447_032,23,18,Motorboat,292,315,241,259
201807071447_033,45,31,Motorboat,0,45,257,288
201807071447_030,10,17,Seamark,260,270,235,252
201807071447_031,5,15,Seamark,153,158,240,255
201807071447_032,6,16,Seamark,208,214,239,255
201807071447_033,9,26,Seamark,141,150,238,264
201807071447_034,9,26,Seamark,70,79,240,266
201807071447_035,93,119,Miscboat,897,990,177,296
201807071447_036,137,234,Miscboat,1143,1280,136,370
201807071447_032,38,27,Miscboat,396,434,221,248
201807071447_033,43,31,Miscboat,376,419,217,248
201807071447_034,53,39,Miscboat,402,455,212,251
201807071447_035,38,39,Miscboat,16,54,204,243
201807071447_032,49,35,Passengership,488,537,215,250
201807071447_033,68,31,Passengership,471,539,224,255
201807071447_034,74,39,Passengership,516,590,219,258
201807071447_035,68,49,Passengership,145,213,192,241
201807071447_034,50,27,Passengership,946,996,246,273
201807071447_035,89,47,Passengership,377,466,219,266
201807071447_035,36,18,Miscboat,102,138,226,244
201807071447_037,24,11,Boat,217,241,271,282
201807071447_035,18,17,Miscboat,681,699,240,257
201807071447_036,21,21,Miscboat,684,705,247,268
201807071447_037,30,41,Miscboat,405,435,238,279
201807071447_038,64,52,Miscboat,215,279,226,278
201807071447_035,32,14,Motorboat,611,643,241,255
201807071447_036,40,12,Motorboat,596,636,256,268
201807071447_037,61,20,Motorboat,275,336,262,282
201807071447_038,78,37,Motorboat,0,78,253,290
201807071447_037,15,32,Seamark,631,646,265,297
201807071447_038,8,40,Seamark,562,570,264,304
201807071447_037,79,127,Sailboat,544,623,161,288
201807071447_038,113,216,Sailboat,405,518,76,292
201807071447_041,23,13,Miscboat,264,287,260,273
201807071447_042,47,16,Miscboat,388,435,255,271
201807071447_043,49,15,Miscboat,537,586,253,268
201807071447_044,32,13,Miscboat,480,512,258,271
201807071447_046,4,9,Seamark,897,901,251,260
201807071447_047,6,17,Seamark,898,904,248,265
201807071447_048,7,16,Seamark,836,843,249,265
201807071447_049,5,12,Seamark,716,721,256,268
201807071447_050,4,15,Seamark,615,619,251,266
201807071447_051,6,15,Seamark,692,698,256,271
201807071447_052,8,18,Seamark,747,755,254,272
201807071447_053,19,26,Seamark,919,938,254,280
201807071447_054,15,38,Seamark,1071,1086,249,287
201807071447_044,39,8,Miscboat,1015,1054,254,262
201807071447_045,22,9,Miscboat,885,907,257,266
201807071447_045,7,26,Seamark,1106,1113,253,279
201807071447_046,15,35,Seamark,750,765,247,282
201807071447_047,21,54,Seamark,819,840,247,301
201807071447_048,8,7,Miscboat,816,824,254,261
201807071447_045,15,12,Miscboat,1002,1017,256,268
201807071447_046,15,13,Miscboat,680,695,254,267
201807071447_047,21,45,Sailboat,627,648,225,270
201807071447_048,25,67,Sailboat,480,505,204,271
201807071447_048,7,17,Seamark,537,544,250,267
201807071447_049,5,10,Seamark,382,387,263,273
201807071447_050,6,15,Seamark,238,244,264,279
201807071447_051,6,15,Seamark,267,273,266,281
201807071447_052,6,16,Seamark,211,217,265,281
201807071447_053,15,28,Seamark,238,253,262,290
201807071447_054,11,35,Seamark,106,117,268,303
201807071447_046,11,28,Seamark,756,767,253,281
201807071447_048,40,121,Seamark,942,982,243,364
201807071447_054,9,18,Seamark,791,800,249,267
201807071447_055,7,16,Seamark,864,871,252,268
201807071447_056,8,18,Seamark,834,842,254,272
201807071447_057,10,34,Seamark,735,745,246,280
201807071447_058,13,33,Seamark,913,926,256,289
201807071447_054,9,17,Seamark,808,817,243,260
201807071447_055,4,9,Seamark,871,875,252,261
201807071447_056,12,24,Seamark,832,844,247,271
201807071447_057,5,22,Seamark,708,713,242,264
201807071447_058,5,16,Seamark,844,849,251,267
201807071447_049,14,8,Boat,881,895,257,265
201807071447_050,19,11,Boat,772,791,250,261
201807071447_051,20,11,Boat,844,864,253,264
201807071447_052,16,7,Boat,888,904,257,264
201807071447_053,19,9,Boat,1038,1057,259,268
201807071447_054,27,15,Boat,1088,1115,253,268
201807071447_055,20,12,Boat,1193,1213,263,275
201807071447_055,17,12,Boat,464,481,268,280
201807071447_056,29,24,Boat,167,196,284,308
201807071447_055,57,34,Boat,165,222,292,326
201807071447_056,47,27,Boat,197,244,289,316
201807071447_057,24,30,Boat,1,25,294,324
201807071447_055,95,45,Boat,74,169,318,363
201807071447_056,57,27,Boat,43,100,314,341
201807071447_055,17,9,Boat,678,695,253,262
201807071447_056,12,11,Boat,608,620,254,265
201807071447_057,23,18,Boat,416,439,258,276
201807071447_058,36,21,Boat,319,355,273,294
201807071447_055,8,7,Boat,620,628,257,264
201807071447_056,9,8,Boat,521,530,261,269
201807071447_057,8,11,Boat,309,317,266,277
201807071447_058,20,14,Boat,252,272,277,291
201807071447_055,22,9,Boat,1103,1125,260,269
201807071447_056,24,10,Boat,1078,1102,260,270
201807071447_057,32,12,Boat,991,1023,261,273
201807071447_058,52,17,Boat,1159,1211,264,281
201807071447_055,67,46,Motorboat,631,698,292,338
201807071447_056,43,35,Motorboat,658,701,279,314
201807071447_057,28,22,Motorboat,492,520,277,299
201807071447_058,21,17,Motorboat,486,507,272,289
201807071447_055,5,11,Seamark,429,434,260,271
201807071447_056,6,12,Seamark,331,337,266,278
201807071447_057,9,22,Seamark,115,124,265,287
201807071447_058,9,23,Seamark,64,73,278,301
201807071447_054,172,48,Boat,22,194,321,369
201807071447_055,113,47,Boat,277,390,309,356
201807071447_056,85,46,Boat,252,337,306,352
201807071447_057,112,33,Boat,80,192,308,341
201807071447_058,94,35,Boat,151,245,303,338
201807071447_000,138,233,Sailboat,1124,1262,97,330
201807071447_015,29,19,Boat,18,47,263,282
201807071447_014,8,5,Boat,539,547,261,266
201807071447_023,8,6,Boat,530,538,244,250
201807071447_029,15,8,Boat,129,144,242,250
201807071447_032,25,9,Miscboat,367,392,238,247
201807071447_035,52,19,Miscboat,55,107,224,243
201807071447_036,51,17,Motorboat,394,445,251,268
201807071447_038,89,44,Boat,1052,1141,306,350
201807071447_038,99,43,Motorboat,634,733,282,325
201807071447_041,25,13,Boat,359,384,271,284
201807071447_041,137,53,Passengership,1049,1186,224,277
201807071447_041,109,34,Motorboat,1141,1250,272,306
201807071447_041,40,41,Motorboat,954,994,265,306
201807071447_041,67,44,Miscboat,865,932,234,278
201807071447_041,58,35,Miscboat,749,807,242,277
201807071447_041,59,28,Miscboat,683,742,248,276
201807071447_041,65,30,Miscboat,605,670,247,277
201807071447_053,16,12,Boat,863,879,248,260
201807071447_004,123,253,Sailboat,38,161,38,291
201807071447_031,13,12,Motorboat,297,310,243,255
201807071447_049,27,77,Sailboat,242,269,208,285
201807071447_000,122,49,Passengership,119,241,250,299
201807071447_022,250,181,Passengership,-2,248,118,299
201807071447_036,87,27,Passengership,22,109,237,264
201807071447_022,24,9,Boat,539,563,257,266
201807071447_025,12,9,Boat,419,431,245,254
201807071447_034,15,10,Boat,825,840,258,268
201807071447_037,71,26,Boat,0,71,282,308
201807071447_037,25,12,Motorboat,1125,1150,298,310
201807071447_037,17,8,Boat,1001,1018,296,304
201807071447_034,28,9,Boat,903,931,258,267
201807071447_039,48,35,Boat,973,1021,298,333
201807071447_047,25,14,Boat,106,131,288,302
201807071447_047,18,7,Boat,225,243,283,290
201807071447_046,9,5,Boat,1010,1019,255,260
201807071447_046,10,6,Boat,792,802,255,261
201807071447_049,13,6,Boat,734,747,259,265
201807071447_049,9,5,Boat,560,569,264,269
201807071447_049,15,11,Motorboat,571,586,256,267
201807071447_055,28,18,Boat,148,176,285,303
201807071447_058,10,6,Boat,137,147,273,279
201807071447_058,20,8,Motorboat,113,133,272,280
201807071447_020,46,26,Militaryship,780,826,233,259
201807071447_020,71,18,Militaryship,683,754,239,257
201807071447_039,34,26,Boat,1147,1181,295,321
201807071447_039,14,9,Boat,840,854,274,283
201807071447_042,33,9,Boat,326,359,261,270
201807071447_042,21,12,Boat,710,731,261,273
201807071447_045,37,8,Boat,478,515,263,271
201807071447_022,5,11,Seamark,928,933,257,268
201807071447_025,3,11,Seamark,178,181,245,256
201807071447_025,3,15,Seamark,206,209,247,262
201807071447_037,7,39,Seamark,807,814,281,320
201807071447_043,4,5,Seamark,721,725,257,262
201807071447_046,6,15,Seamark,119,125,272,287
201807071447_048,7,15,Seamark,765,772,247,262
201807071447_046,10,11,Seamark,659,669,249,260
201807071447_046,6,10,Seamark,855,861,248,258
201807071447_049,4,6,Seamark,632,636,258,264
201807071447_049,3,5,Seamark,650,653,257,262
201807071447_052,4,6,Seamark,644,648,254,260
201807071447_052,6,9,Seamark,618,624,254,263
201807071447_053,2,11,Seamark,761,763,254,265
201807071447_003,17,7,Passengership,603,620,250,257
201807071447_003,8,6,Miscboat,550,558,247,253
201807071447_006,56,16,Ferry,362,418,248,264
201807071447_009,11,7,Boat,544,555,248,255
201807071447_015,13,10,Boat,338,351,258,268
201807071447_024,11,11,Boat,439,450,242,253
201807071447_024,5,5,Boat,528,533,246,251
201807071447_024,6,7,Boat,602,608,248,255
201807071447_027,8,9,Boat,27,35,240,249
201807071447_048,10,7,Boat,663,673,258,265
201807071447_048,12,11,Boat,696,708,253,264
201807071447_048,10,4,Boat,881,891,257,261
201807071447_054,11,11,Boat,340,351,268,279
201807071447_054,9,9,Boat,533,542,261,270
201807071447_054,5,8,Boat,429,434,260,268
201807071447_054,7,8,Boat,720,727,253,261
201807071447_054,22,10,Boat,1031,1053,254,264
201807071517_000,77,28,Boat,332,409,290,318
201807071517_001,57,23,Boat,915,972,281,304
201807071517_000,14,12,Boat,425,439,267,279
201807071517_001,14,13,Boat,886,900,257,270
201807071517_001,15,11,Boat,932,947,254,265
201807071517_002,21,16,Boat,1137,1158,257,273
201807071517_001,17,8,Boat,733,750,256,264
201807071517_002,28,15,Boat,974,1002,250,265
201807071517_001,33,12,Motorboat,677,710,250,262
201807071517_002,45,20,Motorboat,914,959,245,265
201807071517_003,36,15,Motorboat,1194,1230,256,271
201807071517_001,14,10,Motorboat,603,617,257,267
201807071517_002,32,15,Motorboat,805,837,255,270
201807071517_003,45,15,Motorboat,1085,1130,264,279
201807071517_002,25,16,Motorboat,665,690,248,264
201807071517_003,35,15,Motorboat,897,932,258,273
201807071517_004,26,16,Motorboat,1132,1158,265,281
201807071517_002,12,11,Motorboat,360,372,261,272
201807071517_003,23,8,Motorboat,498,521,264,272
201807071517_004,28,11,Motorboat,654,682,262,273
201807071517_005,22,21,Motorboat,870,892,257,278
201807071517_004,39,12,Motorboat,344,383,270,282
201807071517_005,67,25,Motorboat,410,477,266,291
201807071517_004,36,118,Sailboat,130,166,178,296
201807071517_005,62,236,Sailboat,181,243,73,309
201807071517_009,5,19,Seamark,822,827,252,271
201807071517_011,9,18,Seamark,533,542,259,277
201807071517_012,5,20,Seamark,562,567,253,273
201807071517_010,25,40,Miscellaneous,1220,1245,416,456
201807071517_011,27,43,Miscellaneous,998,1025,383,426
201807071517_012,20,36,Miscellaneous,993,1013,371,407
201807071517_010,58,17,Passengership,1175,1233,248,265
201807071517_011,73,32,Passengership,924,997,246,278
201807071517_012,101,29,Passengership,777,878,248,277
201807071517_013,82,24,Passengership,969,1051,247,271
201807071517_014,74,22,Passengership,920,994,251,273
201807071517_001,35,12,Motorboat,452,487,256,268
201807071517_002,28,18,Motorboat,648,676,252,270
201807071517_003,26,17,Motorboat,880,906,255,272
201807071517_004,52,24,Motorboat,1078,1130,251,275
201807071517_013,57,23,Passengership,16,73,261,284
201807071517_014,116,47,Passengership,346,462,232,279
201807071517_015,188,39,Passengership,814,1002,238,277
201807071517_016,34,10,Motorboat,877,911,259,269
201807071517_016,50,26,Passengership,1226,1276,244,270
201807071517_010,27,11,Motorboat,1021,1048,253,264
201807071517_011,29,13,Motorboat,879,908,260,273
201807071517_016,55,21,Motorboat,0,55,303,324
201807071517_017,90,40,Motorboat,40,130,289,329
201807071517_016,34,9,Boat,49,83,290,299
201807071517_017,38,15,Boat,86,124,279,294
201807071517_014,21,21,Boat,35,56,287,308
201807071517_015,20,20,Boat,98,118,284,304
201807071517_016,13,13,Boat,97,110,289,302
201807071517_017,33,28,Boat,127,160,271,299
201807071517_018,30,17,Boat,27,57,285,302
201807071517_016,35,9,Boat,112,147,288,297
201807071517_017,35,14,Boat,153,188,278,292
201807071517_016,18,7,Boat,239,257,276,283
201807071517_017,32,19,Boat,347,379,260,279
201807071517_013,60,22,Motorboat,288,348,275,297
201807071517_014,61,31,Motorboat,455,516,268,299
201807071517_015,97,49,Motorboat,534,631,262,311
201807071517_016,67,25,Motorboat,546,613,274,299
201807071517_017,96,38,Motorboat,526,622,268,306
201807071517_018,83,33,Motorboat,364,447,279,312
201807071517_019,75,31,Motorboat,127,202,293,324
201807071517_016,39,99,Sailboat,300,339,186,285
201807071517_017,64,155,Sailboat,491,555,138,293
201807071517_018,113,183,Motorboat,836,949,102,285
201807071517_019,145,221,Sailboat,1025,1170,75,296
201807071517_020,55,85,Sailboat,580,635,186,271
201807071517_021,45,68,Motorboat,541,586,204,272
201807071517_022,37,65,Sailboat,581,618,201,266
201807071517_023,40,69,Sailboat,635,675,200,269
201807071517_016,29,10,Motorboat,916,945,257,267
201807071517_017,40,20,Motorboat,738,778,250,270
201807071517_014,75,37,Motorboat,182,257,272,309
201807071517_015,58,32,Motorboat,364,422,272,304
201807071517_016,34,23,Motorboat,413,447,274,297
201807071517_017,78,39,Motorboat,427,505,262,301
201807071517_018,38,30,Motorboat,403,441,264,294
201807071517_019,23,25,Motorboat,192,215,279,304
201807071517_020,40,31,Motorboat,1,41,287,318
201807071517_021,61,30,Motorboat,147,208,277,307
201807071517_022,29,26,Motorboat,345,374,268,294
201807071517_023,51,37,Motorboat,476,527,263,300
201807071517_024,71,23,Motorboat,720,791,265,288
201807071517_025,47,27,Motorboat,719,766,255,282
201807071517_026,72,34,Motorboat,513,585,256,290
201807071517_027,74,28,Motorboat,466,540,265,293
201807071517_028,62,27,Motorboat,420,482,265,292
201807071517_029,54,28,Motorboat,408,462,270,298
201807071517_030,71,22,Motorboat,393,464,264,286
201807071517_031,61,22,Motorboat,138,199,283,305
201807071517_032,50,46,Motorboat,118,168,264,310
201807071517_033,67,23,Motorboat,107,174,279,302
201807071517_034,63,25,Motorboat,143,206,280,305
201807071517_035,74,32,Motorboat,214,288,274,306
201807071517_036,39,27,Motorboat,229,268,275,302
201807071517_037,38,27,Motorboat,193,231,274,301
201807071517_038,55,40,Motorboat,175,230,266,306
201807071517_039,65,21,Motorboat,167,232,284,305
201807071517_040,68,20,Motorboat,249,317,284,304
201807071517_041,57,45,Motorboat,483,540,255,300
201807071517_042,59,23,Motorboat,354,413,275,298
201807071517_043,69,25,Motorboat,127,196,278,303
201807071517_044,51,40,Motorboat,168,219,270,310
201807071517_045,43,27,Motorboat,226,269,280,307
201807071517_035,34,15,Boat,266,300,273,288
201807071517_036,33,14,Boat,491,524,264,278
201807071517_037,17,11,Boat,642,659,260,271
201807071517_038,22,22,Boat,639,661,255,277
201807071517_039,13,9,Boat,541,554,265,274
201807071517_040,41,14,Boat,504,545,265,279
201807071517_041,15,13,Boat,613,628,254,267
201807071517_016,54,20,Passengership,735,789,250,270
201807071517_017,47,19,Passengership,661,708,247,266
201807071517_020,37,18,Motorboat,475,512,258,276
201807071517_021,36,12,Motorboat,835,871,263,275
201807071517_022,25,13,Motorboat,1206,1231,262,275
201807071517_018,24,10,Boat,448,472,265,275
201807071517_019,27,8,Boat,426,453,267,275
201807071517_020,27,10,Boat,162,189,270,280
201807071517_021,21,12,Boat,162,183,274,286
201807071517_023,41,17,Boat,529,570,262,279
201807071517_019,36,57,Sailboat,513,549,210,267
201807071517_020,30,58,Sailboat,53,83,230,288
201807071517_021,36,66,Sailboat,120,156,235,301
201807071517_022,30,55,Sailboat,259,289,225,280
201807071517_023,20,54,Sailboat,406,426,219,273
201807071517_024,45,13,Boat,27,72,294,307
201807071517_025,30,13,Boat,4,34,298,311
201807071517_023,14,47,Sailboat,63,77,240,287
201807071517_024,23,51,Sailboat,369,392,222,273
201807071517_025,28,56,Sailboat,428,456,216,272
201807071517_026,17,10,Boat,296,313,264,274
201807071517_023,13,14,Boat,99,112,273,287
201807071517_025,32,15,Boat,329,361,262,277
201807071517_026,23,13,Boat,207,230,274,287
201807071517_027,29,10,Motorboat,142,171,280,290
201807071517_028,30,7,Boat,80,110,286,293
201807071517_029,33,14,Boat,83,116,282,296
201807071517_030,32,9,Boat,88,120,276,285
201807071517_024,60,23,Motorboat,130,190,271,294
201807071517_025,66,21,Motorboat,111,177,273,294
201807071517_026,25,49,Motorboat,1,26,267,316
201807071517_022,114,42,Motorboat,392,506,284,326
201807071517_023,56,54,Motorboat,789,845,260,314
201807071517_024,23,19,Motorboat,1036,1059,265,284
201807071517_025,24,15,Motorboat,841,865,254,269
201807071517_025,39,13,Boat,1152,1191,256,269
201807071517_026,44,21,Boat,1217,1261,257,278
201807071517_026,22,83,Sailboat,374,396,198,281
201807071517_027,20,89,Sailboat,348,368,193,282
201807071517_028,21,111,Sailboat,299,320,178,289
201807071517_029,58,156,Sailboat,348,406,145,301
201807071517_030,111,257,Sailboat,650,761,54,311
201807071517_031,222,326,Sailboat,769,991,13,339
201807071517_027,43,17,Motorboat,626,669,251,268
201807071517_028,57,19,Motorboat,808,865,243,262
201807071517_024,28,11,Boat,183,211,272,283
201807071517_025,41,12,Boat,157,198,270,282
201807071517_026,31,19,Boat,37,68,275,294
201807071517_023,96,53,Motorboat,54,150,278,331
201807071517_024,65,29,Motorboat,305,370,284,313
201807071517_025,90,28,Motorboat,247,337,281,309
201807071517_026,56,39,Motorboat,148,204,285,324
201807071517_023,34,19,Boat,179,213,279,298
201807071517_024,30,14,Boat,418,448,271,285
201807071517_026,26,17,Boat,262,288,268,285
201807071517_027,45,16,Motorboat,221,266,271,287
201807071517_028,44,23,Motorboat,231,275,265,288
201807071517_030,35,13,Boat,284,319,258,271
201807071517_031,27,18,Boat,193,220,275,293
201807071517_032,25,17,Boat,408,433,270,287
201807071517_033,32,10,Boat,772,804,265,275
201807071517_025,24,15,Boat,409,433,265,280
201807071517_026,46,22,Boat,224,270,268,290
201807071517_027,35,14,Boat,191,226,280,294
201807071517_028,17,16,Boat,125,142,282,298
201807071517_029,34,17,Boat,114,148,284,301
201807071517_023,28,16,Motorboat,28,56,276,292
201807071517_024,37,13,Motorboat,297,334,266,279
201807071517_026,49,31,Motorboat,108,157,277,308
201807071517_027,71,23,Motorboat,54,125,287,310
201807071517_028,62,25,Motorboat,9,71,291,316
201807071517_029,78,50,Motorboat,1,79,291,341
201807071517_030,124,35,Motorboat,139,263,286,321
201807071517_031,103,36,Motorboat,331,434,282,318
201807071517_032,99,44,Motorboat,897,996,262,306
201807071517_029,20,13,Boat,206,226,266,279
201807071517_030,24,11,Boat,234,258,267,278
201807071517_028,32,10,Boat,144,176,282,292
201807071517_029,31,20,Boat,142,173,275,295
201807071517_030,47,10,Boat,121,168,274,284
201807071517_029,61,25,Motorboat,427,488,259,284
201807071517_030,55,19,Motorboat,657,712,251,270
201807071517_031,63,25,Motorboat,598,661,253,278
201807071517_032,77,35,Motorboat,867,944,246,281
201807071517_033,56,25,Motorboat,1165,1221,251,276
201807071517_034,81,135,Sailboat,885,966,147,282
201807071517_035,47,20,Boat,610,657,256,276
201807071517_036,46,14,Boat,783,829,256,270
201807071517_037,47,17,Boat,930,977,250,267
201807071517_038,48,15,Boat,908,956,254,269
201807071517_039,30,8,Boat,744,774,262,270
201807071517_040,28,6,Boat,655,683,264,270
201807071517_041,26,12,Boat,630,656,256,268
201807071517_038,37,26,Motorboat,1086,1123,250,276
201807071517_039,38,13,Motorboat,1116,1154,261,274
201807071517_040,27,12,Motorboat,1095,1122,258,270
201807071517_041,38,24,Motorboat,1109,1147,254,278
201807071517_042,29,9,Motorboat,872,901,261,270
201807071517_043,29,10,Motorboat,470,499,259,269
201807071517_044,35,17,Motorboat,328,363,261,278
201807071517_045,18,12,Motorboat,328,346,271,283
201807071517_029,32,16,Motorboat,339,371,262,278
201807071517_030,37,17,Motorboat,614,651,250,267
201807071517_031,52,19,Motorboat,699,751,251,270
201807071517_032,60,26,Motorboat,1139,1199,247,273
201807071517_031,27,10,Boat,315,342,267,277
201807071517_032,47,20,Boat,725,772,254,274
201807071517_033,25,10,Boat,822,847,251,261
201807071517_034,38,16,Boat,371,409,258,274
201807071517_035,19,12,Boat,112,131,271,283
201807071517_032,15,10,Boat,103,118,273,283
201807071517_033,19,9,Boat,24,43,279,288
201807071517_034,24,11,Boat,242,266,270,281
201807071517_034,18,5,Boat,607,625,263,268
201807071517_035,23,14,Boat,392,415,262,276
201807071517_033,34,9,Boat,405,439,264,273
201807071517_034,33,10,Boat,777,810,260,270
201807071517_035,21,13,Boat,131,152,277,290
201807071517_036,32,15,Boat,121,153,273,288
201807071517_035,9,22,Seamark,1218,1227,243,265
201807071517_036,10,24,Seamark,1179,1189,239,263
201807071517_037,11,26,Seamark,1179,1190,236,262
201807071517_038,14,27,Seamark,1205,1219,242,269
201807071517_039,10,17,Seamark,1218,1228,253,270
201807071517_035,56,126,Sailboat,563,619,157,283
201807071517_036,39,94,Sailboat,323,362,183,277
201807071517_037,36,106,Sailboat,192,228,197,303
201807071517_038,38,86,Sailboat,112,150,202,288
201807071517_039,22,59,Sailboat,38,60,231,290
201807071517_040,20,54,Sailboat,33,53,237,291
201807071517_041,29,74,Sailboat,144,173,214,288
201807071517_038,40,21,Boat,309,349,265,286
201807071517_039,34,8,Boat,425,459,274,282
201807071517_040,38,8,Boat,571,609,272,280
201807071517_041,52,19,Boat,987,1039,263,282
201807071517_042,26,11,Boat,1117,1143,266,277
201807071517_043,37,16,Boat,922,959,255,271
201807071517_044,34,15,Boat,810,844,258,273
201807071517_045,29,8,Boat,802,831,264,272
201807071517_041,27,14,Boat,170,197,268,282
201807071517_041,79,35,Motorboat,48,127,272,307
201807071517_042,27,23,Motorboat,1,28,296,319
201807071517_041,38,16,Boat,213,251,267,283
201807071517_042,20,13,Boat,134,154,285,298
201807071517_033,41,17,Motorboat,1237,1278,252,269
201807071517_034,38,18,Motorboat,1010,1048,249,267
201807071517_035,55,24,Motorboat,782,837,247,271
201807071517_036,42,16,Motorboat,563,605,253,269
201807071517_037,35,16,Motorboat,433,468,256,272
201807071517_038,40,21,Motorboat,355,395,257,278
201807071517_039,37,19,Motorboat,275,312,260,279
201807071517_040,53,20,Motorboat,256,309,266,286
201807071517_041,32,19,Motorboat,336,368,253,272
201807071517_035,67,27,Motorboat,1026,1093,243,270
201807071517_036,47,14,Motorboat,745,792,251,265
201807071517_037,44,14,Motorboat,546,590,251,265
201807071517_038,52,22,Motorboat,417,469,251,273
201807071517_039,54,23,Motorboat,303,357,254,277
201807071517_041,26,17,Motorboat,375,401,254,271
201807071517_044,45,59,Sailboat,1166,1211,210,269
201807071517_045,40,60,Sailboat,1088,1128,216,276
201807071517_044,41,14,Boat,76,117,283,297
201807071517_045,43,15,Boat,279,322,276,291
201807071517_049,23,8,Boat,994,1017,261,269
201807071517_050,48,23,Boat,692,740,265,288
201807071517_047,11,24,Seamark,699,710,251,275
201807071517_048,7,19,Seamark,671,678,253,272
201807071517_049,7,21,Seamark,454,461,263,284
201807071517_050,18,33,Seamark,197,215,269,302
201807071517_050,10,21,Seamark,1133,1143,244,265
201807071517_051,6,21,Seamark,1037,1043,244,265
201807071517_052,5,19,Seamark,946,951,254,273
201807071517_053,14,34,Seamark,942,956,242,276
201807071517_054,9,32,Seamark,901,910,249,281
201807071517_055,12,39,Seamark,919,931,247,286
201807071517_056,37,88,Seamark,861,898,239,327
201807071517_047,13,28,Seamark,1007,1020,246,274
201807071517_048,6,29,Seamark,1041,1047,242,271
201807071517_049,9,33,Seamark,958,967,250,283
201807071517_050,29,74,Seamark,915,944,236,310
201807071517_051,55,151,Seamark,1003,1058,243,394
201807071517_050,10,21,Seamark,774,784,247,268
201807071517_051,6,20,Seamark,600,606,254,274
201807071517_052,7,19,Seamark,423,430,263,282
201807071517_053,16,30,Seamark,333,349,260,290
201807071517_054,12,32,Seamark,162,174,274,306
201807071517_047,17,13,Motorboat,1163,1180,254,267
201807071517_048,19,14,Motorboat,1236,1255,253,267
201807071517_049,20,14,Motorboat,1170,1190,251,265
201807071517_050,13,13,Motorboat,1157,1170,249,262
201807071517_051,14,14,Motorboat,1096,1110,244,258
201807071517_052,13,10,Motorboat,1019,1032,256,266
201807071517_053,14,11,Motorboat,1024,1038,247,258
201807071517_055,13,14,Boat,712,725,258,272
201807071517_056,26,20,Boat,434,460,278,298
201807071517_050,34,25,Boat,869,903,271,296
201807071517_051,28,21,Boat,905,933,251,272
201807071517_052,29,21,Boat,769,798,257,278
201807071517_053,17,16,Boat,719,736,261,277
201807071517_054,18,17,Boat,552,570,264,281
201807071517_055,12,7,Boat,452,464,271,278
201807071517_056,16,12,Boat,220,236,283,295
201807071517_051,21,11,Boat,915,936,264,275
201807071517_052,23,12,Boat,779,802,268,280
201807071517_053,25,13,Boat,715,740,266,279
201807071517_054,13,7,Boat,554,567,274,281
201807071517_055,30,14,Boat,441,471,266,280
201807071517_057,9,9,Boat,46,55,293,302
201807071517_055,9,5,Boat,790,799,256,261
201807071517_056,18,14,Boat,577,595,264,278
201807071517_057,21,15,Boat,431,452,274,289
201807071517_053,7,17,Seamark,796,803,246,263
201807071517_054,8,19,Seamark,709,717,246,265
201807071517_055,6,17,Seamark,646,652,249,266
201807071517_056,9,16,Seamark,476,485,260,276
201807071517_061,8,6,Boat,529,537,264,270
201807071517_062,20,18,Boat,523,543,262,280
201807071517_063,24,20,Boat,63,87,295,315
201807071517_058,43,30,Passengership,494,537,239,269
201807071517_059,64,43,Passengership,432,496,233,276
201807071517_060,28,15,Boat,117,145,273,288
201807071517_061,19,19,Boat,196,215,269,288
201807071517_062,19,19,Boat,211,230,275,294
201807071517_057,13,25,Seamark,829,842,243,268
201807071517_058,6,11,Seamark,771,777,255,266
201807071517_059,10,26,Seamark,838,848,243,269
201807071517_060,15,30,Seamark,665,680,248,278
201807071517_061,20,35,Seamark,701,721,248,283
201807071517_062,28,73,Seamark,884,912,237,310
201807071517_063,47,160,Seamark,995,1042,246,406
201807071517_062,8,18,Seamark,957,965,247,265
201807071517_063,6,20,Seamark,765,771,247,267
201807071517_064,5,18,Seamark,739,744,251,269
201807071517_065,9,32,Seamark,767,776,249,281
201807071517_066,10,33,Seamark,825,835,245,278
201807071517_067,13,46,Seamark,834,847,249,295
201807071517_068,63,167,Seamark,1001,1064,229,396
201807071517_069,15,22,Seamark,872,887,246,268
201807071517_070,21,44,Seamark,855,876,246,290
201807071517_071,26,75,Seamark,997,1023,263,338
201807071517_062,14,9,Boat,839,853,254,263
201807071517_063,15,6,Boat,571,586,264,270
201807071517_064,18,10,Boat,465,483,272,282
201807071517_064,16,10,Motorboat,483,499,267,277
201807071517_065,39,17,Motorboat,254,293,278,295
201807071517_065,18,16,Boat,515,533,272,288
201807071517_066,30,15,Boat,268,298,290,305
201807071517_066,40,12,Passengership,587,627,254,266
201807071517_067,61,25,Passengership,325,386,256,281
201807071517_058,19,23,Cruiseship,702,721,235,258
201807071517_059,24,37,Cruiseship,749,773,222,259
201807071517_060,34,37,Cruiseship,546,580,224,261
201807071517_061,24,29,Cruiseship,584,608,232,261
201807071517_062,39,39,Cruiseship,669,708,223,262
201807071517_063,37,40,Cruiseship,430,467,226,266
201807071517_064,27,35,Cruiseship,374,401,234,269
201807071517_065,41,53,Cruiseship,360,401,223,276
201807071517_066,51,51,Cruiseship,341,392,217,268
201807071517_067,30,56,Cruiseship,274,304,214,270
201807071517_068,40,67,Cruiseship,155,195,219,286
201807071517_068,13,21,Seamark,908,921,250,271
201807071517_069,8,24,Seamark,854,862,251,275
201807071517_070,13,35,Seamark,861,874,256,291
201807071517_070,27,21,Motorboat,915,942,252,273
201807071517_071,19,14,Motorboat,753,772,256,270
201807071517_072,29,14,Motorboat,461,490,274,288
201807071517_073,43,28,Motorboat,4,47,314,342
201807071517_069,34,17,Passengership,966,1000,244,261
201807071517_070,48,25,Passengership,838,886,244,269
201807071517_071,73,49,Passengership,649,722,235,284
201807071517_072,169,67,Passengership,113,282,249,316
201807071517_073,53,25,Miscboat,198,251,269,294
201807071517_064,81,36,Militaryship,1048,1129,218,254
201807071517_065,82,36,Militaryship,1096,1178,213,249
201807071517_066,88,45,Militaryship,1159,1247,213,258
201807071517_067,97,48,Militaryship,1160,1257,216,264
201807071517_068,109,70,Militaryship,1172,1281,202,272
201807071517_069,115,77,Militaryship,1141,1256,186,263
201807071517_070,94,92,Militaryship,1180,1274,174,266
201807071517_071,6,24,Seamark,1052,1058,251,275
201807071517_072,6,26,Seamark,996,1002,253,279
201807071517_068,11,19,Seamark,947,958,249,268
201807071517_069,5,21,Seamark,878,883,247,268
201807071517_070,6,24,Seamark,871,877,249,273
201807071517_071,23,47,Seamark,876,899,242,289
201807071517_072,16,58,Seamark,813,829,244,302
201807071517_073,32,110,Seamark,1038,1070,243,353
201807071517_068,27,15,Miscboat,752,779,250,265
201807071517_069,29,15,Miscboat,626,655,251,266
201807071517_070,28,12,Miscboat,540,568,257,269
201807071517_071,35,24,Miscboat,441,476,257,281
201807071517_071,12,11,Motorboat,1013,1025,250,261
201807071517_072,19,16,Motorboat,872,891,248,264
201807071517_073,19,12,Motorboat,953,972,254,266
201807071517_074,19,15,Motorboat,851,870,253,268
201807071517_071,92,63,Boat,491,583,296,359
201807071517_072,44,25,Boat,702,746,295,320
201807071517_073,43,25,Boat,985,1028,284,309
201807071517_074,40,41,Boat,1118,1158,265,306
201807071517_075,22,18,Boat,1084,1106,270,288
201807071517_001,38,11,Motorboat,819,857,254,265
201807071517_007,34,7,Motorboat,490,524,267,274
201807071517_007,86,33,Motorboat,42,128,293,326
201807071517_007,39,19,Motorboat,344,383,267,286
201807071517_007,69,23,Motorboat,245,314,276,299
201807071517_007,57,15,Motorboat,512,569,264,279
201807071517_007,74,23,Motorboat,165,239,266,289
201807071517_007,92,41,Motorboat,685,777,259,300
201807071517_008,17,10,Boat,130,147,273,283
201807071517_013,43,18,Motorboat,712,755,260,278
201807071517_011,37,16,Boat,140,177,279,295
201807071517_011,34,12,Boat,642,676,262,274
201807071517_014,36,18,Motorboat,1175,1211,257,275
201807071517_014,29,12,Motorboat,987,1016,263,275
201807071517_014,21,16,Boat,116,137,271,287
201807071517_016,20,5,Boat,88,108,285,290
201807071517_016,9,7,Boat,204,213,274,281
201807071517_023,35,15,Boat,136,171,278,293
201807071517_026,14,9,Boat,180,194,274,283
201807071517_029,31,15,Boat,1124,1155,253,268
201807071517_037,27,8,Boat,1088,1115,255,263
201807071517_041,21,13,Boat,815,836,256,269
201807071517_029,25,15,Boat,1025,1050,252,267
201807071517_035,35,15,Boat,1183,1218,259,274
201807071517_041,44,38,Boat,1237,1281,252,290
201807071517_041,27,18,Boat,0,27,271,289
201807071517_044,23,10,Boat,96,119,278,288
201807071517_047,13,10,Boat,1220,1233,254,264
201807071517_050,50,24,Boat,154,204,288,312
201807071517_056,11,11,Boat,604,615,264,275
201807071517_059,9,9,Boat,794,803,250,259
201807071517_065,39,26,Boat,285,324,280,306
201807071517_068,52,28,Boat,357,409,282,310
201807071517_068,23,23,Boat,509,532,273,296
201807071517_071,78,51,Boat,29,107,315,366
201807071517_004,33,80,Sailboat,10,43,225,305
201807071517_005,65,190,Sailboat,19,84,128,318
201807071517_004,27,116,Sailboat,44,71,185,301
201807071517_004,43,84,Sailboat,258,301,201,285
201807071517_004,17,91,Sailboat,73,90,209,300
201807071517_005,66,184,Sailboat,89,155,127,311
201807071517_004,33,123,Sailboat,94,127,176,299
201807071517_004,51,144,Sailboat,181,232,148,292
201807071517_005,58,127,Sailboat,292,350,167,294
201807071517_014,64,84,Sailboat,523,587,194,278
201807071517_025,19,46,Sailboat,586,605,214,260
201807071517_029,18,46,Sailboat,83,101,236,282
201807071517_029,15,43,Sailboat,173,188,236,279
201807071517_046,42,60,Sailboat,94,136,228,288
201807071517_007,79,21,Passengership,1005,1084,239,260
201807071517_072,123,85,Militaryship,1157,1280,182,267
201807071517_026,45,24,Motorboat,469,514,247,271
201807071517_000,28,23,Boat,1037,1065,282,305
201807071517_001,23,15,Boat,855,878,270,285
201807071517_002,21,13,Motorboat,1020,1041,252,265
201807071517_006,92,33,Motorboat,959,1051,254,287
201807071517_007,18,10,Boat,1175,1193,259,269
201807071517_006,62,23,Motorboat,127,189,278,301
201807071517_005,39,26,Motorboat,368,407,267,293
201807071517_015,60,83,Sailboat,1064,1124,195,278
201807071517_017,39,30,Motorboat,22,61,284,314
201807071517_024,37,9,Boat,974,1011,264,273
201807071517_027,61,30,Motorboat,2,63,295,325
201807071517_030,63,27,Motorboat,2,65,276,303
201807071517_026,21,14,Motorboat,364,385,255,269
201807071517_030,13,4,Boat,204,217,268,272
201807071517_042,23,10,Boat,51,74,288,298
201807071517_041,28,20,Motorboat,205,233,269,289
201807071517_042,19,19,Boat,89,108,285,304
201807071517_049,24,12,Boat,669,693,267,279
201807071517_058,38,20,Boat,160,198,295,315
201807071517_067,21,13,Boat,674,695,258,271
201807071517_071,109,136,Motorboat,1068,1177,245,381
201807071517_070,22,15,Boat,603,625,264,279
201807071517_071,55,33,Boat,631,686,262,295
201807071517_075,40,21,Motorboat,453,493,278,299
201807071517_011,36,14,Boat,450,486,268,282
201807071517_017,16,15,Miscellaneous,1,17,281,296
201807071517_020,12,9,Boat,223,235,268,277
201807071517_032,12,13,Miscellaneous,544,556,263,276
201807071517_032,11,8,Miscellaneous,559,570,265,273
201807071517_038,15,12,Boat,72,87,274,286
201807071517_041,30,13,Boat,407,437,254,267
201807071517_047,19,11,Boat,1034,1053,253,264
201807071517_053,17,12,Boat,992,1009,244,256
201807071517_000,11,30,Seamark,1094,1105,248,278
201807071517_011,8,19,Seamark,1171,1179,254,273
201807071517_014,8,20,Seamark,1239,1247,253,273
201807071517_015,26,22,Motorboat,0,26,299,321
201807071517_015,44,14,Motorboat,47,91,288,302
201807071517_015,14,14,Boat,102,116,290,304
201807071517_015,24,13,Motorboat,123,147,278,291
201807071517_015,25,10,Motorboat,499,524,267,277
201807071517_029,8,16,Seamark,994,1002,246,262
201807071517_038,8,23,Seamark,742,750,247,270
201807071517_045,15,24,Seamark,1256,1271,247,271
201807071517_044,12,19,Seamark,721,733,249,268
201807071517_047,11,17,Seamark,1051,1062,248,265
201807071517_053,6,15,Seamark,1064,1070,242,257
201807071517_059,11,26,Seamark,296,307,261,287
201807071517_059,7,14,Seamark,944,951,244,258
201807071517_062,9,19,Seamark,377,386,257,276
201807071517_074,9,20,Seamark,1224,1233,248,268
201807071517_074,13,14,Seamark,1049,1062,244,258
201807071517_002,23,14,Boat,750,773,253,267
201807071517_005,21,27,Miscellaneous,361,382,305,332
201807071517_011,43,55,Miscellaneous,991,1034,378,433
201807071517_026,10,13,Miscellaneous,74,84,275,288
201807071517_048,18,10,Boat,1184,1202,251,261
201807071517_048,17,14,Boat,1237,1254,246,260
201807071517_048,13,5,Miscellaneous,974,987,256,261
201807071517_054,15,12,Boat,827,842,256,268
201807071517_057,20,16,Boat,477,497,268,284
201807071547_000,61,15,Motorboat,1136,1197,244,259
201807071547_001,46,24,Motorboat,1232,1278,248,272
201807071547_002,15,11,Miscboat,337,352,272,283
201807071547_003,29,19,Miscboat,262,291,285,304
201807071547_004,44,43,Miscboat,10,54,320,363
201807071547_002,15,14,Motorboat,948,963,254,268
201807071547_003,15,15,Motorboat,969,984,257,272
201807071547_004,19,17,Motorboat,1058,1077,261,278
201807071547_002,7,18,Seamark,658,665,251,269
201807071547_003,8,20,Seamark,651,659,253,273
201807071547_004,9,22,Seamark,683,692,252,274
201807071547_005,15,29,Seamark,949,964,249,278
201807071547_006,18,17,Motorboat,234,252,268,285
201807071547_007,40,37,Motorboat,241,281,265,302
201807071547_000,36,21,Boat,953,989,253,274
201807071547_001,25,17,Boat,864,889,260,277
201807071547_002,32,20,Boat,691,723,258,278
201807071547_003,36,21,Boat,520,556,264,285
201807071547_004,32,22,Boat,369,401,267,289
201807071547_005,26,14,Boat,429,455,269,283
201807071547_006,23,16,Boat,514,537,266,282
201807071547_007,21,15,Boat,455,476,269,284
201807071547_008,19,14,Boat,375,394,272,286
201807071547_009,15,13,Boat,394,409,270,283
201807071547_010,19,13,Boat,512,531,265,278
201807071547_011,10,12,Boat,448,458,264,276
201807071547_012,15,10,Boat,489,504,264,274
201807071547_013,14,9,Boat,574,588,264,273
201807071547_014,13,8,Boat,592,605,263,271
201807071547_015,15,12,Boat,592,607,259,271
201807071547_016,15,12,Boat,706,721,256,268
201807071547_017,15,9,Boat,889,904,252,261
201807071547_018,55,17,Ferry,840,895,255,272
201807071547_019,67,34,Ferry,929,996,245,279
201807071547_020,106,41,Ferry,1064,1170,257,298
201807071547_010,27,14,Boat,546,573,260,274
201807071547_011,32,17,Boat,509,541,255,272
201807071547_012,28,17,Boat,550,578,259,276
201807071547_013,21,16,Boat,614,635,260,276
201807071547_014,40,17,Boat,637,677,263,280
201807071547_015,62,14,Boat,590,652,269,283
201807071547_016,75,29,Boat,679,754,267,296
201807071547_017,135,65,Boat,907,1042,276,341
201807071547_010,41,38,Miscboat,855,896,252,290
201807071547_011,83,72,Miscboat,960,1043,234,306
201807071547_012,129,74,Miscboat,1153,1282,247,321
201807071547_010,32,30,Motorboat,844,876,254,284
201807071547_011,53,50,Motorboat,917,970,241,291
201807071547_012,66,55,Motorboat,1083,1149,248,303
201807071547_008,56,65,Cruiseship,104,160,229,294
201807071547_009,58,68,Cruiseship,191,249,217,285
201807071547_010,88,81,Cruiseship,315,403,200,281
201807071547_011,148,121,Cruiseship,185,333,173,294
201807071547_012,187,135,Cruiseship,143,330,167,302
201807071547_013,262,161,Cruiseship,97,359,147,308
201807071547_014,278,329,Cruiseship,1,279,12,341
201807071547_015,172,244,Cruiseship,0,172,89,333
201807071547_010,31,41,Militaryship,404,435,235,276
201807071547_011,37,49,Militaryship,342,379,222,271
201807071547_012,45,51,Militaryship,351,396,228,279
201807071547_013,48,39,Militaryship,395,443,238,277
201807071547_014,64,76,Militaryship,341,405,214,290
201807071547_015,86,63,Militaryship,268,354,231,294
201807071547_016,155,68,Militaryship,261,416,227,295
201807071547_017,227,181,Militaryship,251,478,151,332
201807071547_018,404,365,Militaryship,0,404,23,388
201807071547_013,48,61,Militaryship,344,392,221,282
201807071547_014,90,95,Militaryship,251,341,204,299
201807071547_015,97,72,Militaryship,165,262,228,300
201807071547_016,146,122,Militaryship,114,260,196,318
201807071547_002,17,12,Boat,807,824,256,268
201807071547_003,19,13,Boat,701,720,261,274
201807071547_004,21,14,Boat,596,617,264,278
201807071547_005,24,14,Boat,680,704,266,280
201807071547_006,25,14,Boat,755,780,267,281
201807071547_007,9,8,Boat,649,658,275,283
201807071547_008,18,13,Boat,511,529,278,291
201807071547_009,22,15,Boat,500,522,280,295
201807071547_010,14,10,Boat,675,689,281,291
201807071547_011,16,15,Boat,572,588,276,291
201807071547_012,18,16,Boat,579,597,277,293
201807071547_013,20,13,Boat,637,657,279,292
201807071547_014,19,18,Boat,610,629,276,294
201807071547_014,11,7,Boat,546,557,263,270
201807071547_015,12,8,Boat,506,518,264,272
201807071547_016,24,13,Boat,556,580,266,279
201807071547_017,42,17,Boat,1053,1095,263,280
201807071547_018,30,18,Boat,1220,1250,275,293
201807071547_017,20,18,Boat,925,945,273,291
201807071547_018,9,12,Boat,1083,1092,276,288
201807071547_019,8,11,Boat,1003,1011,279,290
201807071547_020,19,22,Boat,727,746,275,297
201807071547_021,8,11,Boat,676,684,281,292
201807071547_022,7,10,Boat,637,644,283,293
201807071547_023,21,18,Boat,619,640,282,300
201807071547_024,20,19,Boat,563,583,284,303
201807071547_025,12,13,Boat,668,680,283,296
201807071547_026,19,20,Boat,600,619,284,304
201807071547_027,18,14,Boat,609,627,284,298
201807071547_028,16,13,Boat,592,608,286,299
201807071547_029,19,21,Boat,575,594,282,303
201807071547_030,24,22,Boat,669,693,279,301
201807071547_031,12,13,Boat,697,709,285,298
201807071547_032,26,28,Boat,772,798,283,311
201807071547_033,55,29,Boat,910,965,304,333
201807071547_009,27,96,Sailboat,256,283,181,277
201807071547_010,68,112,Sailboat,417,485,156,268
201807071547_011,87,144,Sailboat,368,455,128,272
201807071547_012,66,138,Sailboat,404,470,128,266
201807071547_013,101,158,Sailboat,439,540,110,268
201807071547_014,113,179,Sailboat,408,521,98,277
201807071547_015,101,196,Sailboat,394,495,77,273
201807071547_016,151,236,Sailboat,452,603,40,276
201807071547_017,188,283,Sailboat,594,782,1,284
201807071547_018,203,289,Sailboat,569,772,1,290
201807071547_019,295,288,Sailboat,350,645,23,311
201807071547_020,500,490,Sailboat,-178,322,-77,413
201807071547_021,189,372,Sailboat,2,191,4,376
201807071547_014,26,12,Passengership,504,530,259,271
201807071547_015,30,14,Passengership,480,510,256,270
201807071547_016,27,13,Passengership,590,617,258,271
201807071547_017,34,18,Passengership,770,804,253,271
201807071547_018,34,20,Passengership,776,810,253,273
201807071547_019,45,14,Passengership,646,691,266,280
201807071547_020,93,37,Passengership,310,403,273,310
201807071547_021,121,48,Passengership,173,294,283,331
201807071547_020,32,25,Motorboat,456,488,267,292
201807071547_021,39,34,Motorboat,423,462,286,320
201807071547_019,57,30,Boat,1188,1245,272,302
201807071547_020,54,39,Boat,901,955,267,306
201807071547_021,45,39,Boat,879,924,266,305
201807071547_022,108,29,Boat,840,948,285,314
201807071547_020,17,18,Motorboat,398,415,265,283
201807071547_021,16,13,Motorboat,398,414,259,272
201807071547_022,15,12,Motorboat,450,465,253,265
201807071547_023,14,11,Motorboat,473,487,257,268
201807071547_024,22,20,Motorboat,443,465,256,276
201807071547_025,30,25,Motorboat,450,480,264,289
201807071547_026,67,59,Motorboat,230,297,271,330
201807071547_023,8,9,Boat,403,411,267,276
201807071547_024,22,14,Boat,234,256,289,303
201807071547_014,17,37,Sailboat,625,642,230,267
201807071547_015,30,52,Sailboat,616,646,212,264
201807071547_016,30,52,Sailboat,742,772,212,264
201807071547_017,29,51,Sailboat,932,961,211,262
201807071547_018,32,60,Sailboat,942,974,201,261
201807071547_019,32,60,Sailboat,822,854,204,264
201807071547_020,50,114,Sailboat,572,622,165,279
201807071547_021,49,111,Sailboat,574,623,166,277
201807071547_022,49,110,Sailboat,649,698,162,272
201807071547_023,70,139,Sailboat,681,751,143,282
201807071547_024,101,195,Sailboat,718,819,98,293
201807071547_025,196,316,Sailboat,961,1157,11,327
201807071547_026,127,397,Sailboat,1154,1281,1,398
201807071547_028,71,132,Sailboat,158,229,172,304
201807071547_029,96,182,Sailboat,83,179,143,325
201807071547_030,96,183,Sailboat,73,169,136,319
201807071547_023,28,13,Ferry,520,548,251,264
201807071547_024,31,14,Ferry,513,544,253,267
201807071547_025,34,15,Ferry,593,627,249,264
201807071547_026,40,18,Ferry,537,577,250,268
201807071547_026,51,78,Sailboat,356,407,205,283
201807071547_027,42,101,Sailboat,350,392,189,290
201807071547_028,42,100,Sailboat,264,306,191,291
201807071547_025,9,6,Motorboat,555,564,257,263
201807071547_026,13,11,Motorboat,509,522,258,269
201807071547_027,26,19,Motorboat,514,540,256,275
201807071547_028,47,30,Motorboat,381,428,266,296
201807071547_029,68,99,Sailboat,292,360,186,285
201807071547_030,96,146,Sailboat,219,315,156,302
201807071547_026,28,55,Passengership,666,694,219,274
201807071547_027,39,40,Passengership,717,756,238,278
201807071547_028,57,82,Passengership,749,806,206,288
201807071547_029,113,184,Passengership,792,905,134,318
201807071547_031,148,357,Sailboat,1003,1151,7,364
201807071547_032,125,373,Sailboat,1145,1270,1,374
201807071547_026,21,21,Motorboat,648,669,250,271
201807071547_027,26,22,Motorboat,695,721,252,274
201807071547_028,39,26,Motorboat,714,753,252,278
201807071547_029,51,51,Motorboat,756,807,238,289
201807071547_030,116,98,Motorboat,979,1095,232,330
201807071547_025,29,21,Motorboat,657,686,246,267
201807071547_026,25,23,Motorboat,629,654,250,273
201807071547_027,24,30,Motorboat,676,700,245,275
201807071547_028,30,39,Motorboat,684,714,237,276
201807071547_029,49,51,Motorboat,695,744,238,289
201807071547_030,93,97,Motorboat,847,940,215,312
201807071547_030,35,204,Sailboat,818,853,89,293
201807071547_031,81,292,Sailboat,900,981,24,316
201807071547_032,118,372,Sailboat,1034,1152,1,373
201807071547_028,24,104,Sailboat,651,675,167,271
201807071547_029,25,113,Sailboat,663,688,159,272
201807071547_030,50,173,Sailboat,759,809,114,287
201807071547_031,35,260,Sailboat,832,867,41,301
201807071547_032,87,110,Passengership,874,961,172,282
201807071547_033,170,104,Passengership,902,1072,196,300
201807071547_034,58,146,Sailboat,1017,1075,164,310
201807071547_035,231,199,Passengership,964,1195,144,343
201807071547_032,9,8,Boat,657,666,258,266
201807071547_033,26,20,Boat,573,599,258,278
201807071547_034,24,18,Boat,497,521,274,292
201807071547_031,65,189,Sailboat,245,310,119,308
201807071547_033,78,278,Sailboat,16,94,74,352
201807071547_034,124,164,Sailboat,21,145,168,332
201807071547_031,22,20,Passengership,789,811,247,267
201807071547_032,39,46,Passengership,833,872,227,273
201807071547_033,60,50,Passengership,819,879,228,278
201807071547_034,108,89,Passengership,899,1007,216,305
201807071547_035,99,259,Passengership,1181,1280,135,394
201807071547_034,16,71,Sailboat,792,808,202,273
201807071547_035,31,101,Sailboat,749,780,183,284
201807071547_036,37,33,Motorboat,854,891,259,292
201807071547_037,137,107,Motorboat,1064,1201,251,358
201807071547_035,44,52,Miscboat,787,831,240,292
201807071547_036,155,106,Miscboat,1096,1251,249,355
201807071547_034,30,31,Passengership,481,511,239,270
201807071547_035,44,39,Passengership,340,384,246,285
201807071547_036,60,38,Passengership,317,377,252,290
201807071547_037,103,61,Passengership,160,263,241,302
201807071547_036,31,26,Miscboat,817,848,260,286
201807071547_037,57,65,Miscboat,965,1022,259,324
201807071547_031,26,30,Passengership,568,594,236,266
201807071547_032,32,36,Passengership,570,602,234,270
201807071547_033,34,38,Passengership,488,522,235,273
201807071547_034,42,51,Passengership,409,451,229,280
201807071547_035,82,73,Passengership,198,280,229,302
201807071547_036,135,118,Passengership,1,136,203,321
201807071547_031,12,15,Passengership,625,637,246,261
201807071547_032,13,16,Passengership,637,650,245,261
201807071547_033,14,18,Passengership,569,583,244,262
201807071547_034,21,22,Passengership,516,537,246,268
201807071547_035,37,36,Passengership,392,429,242,278
201807071547_036,47,28,Passengership,406,453,249,277
201807071547_037,44,47,Passengership,355,399,236,283
201807071547_038,60,91,Passengership,180,240,219,310
201807071547_040,39,24,Motorboat,513,552,258,282
201807071547_041,77,44,Motorboat,145,222,267,311
201807071547_040,72,32,Miscboat,433,505,253,285
201807071547_041,125,83,Miscboat,1,126,242,325
201807071547_044,126,74,Passengership,550,676,220,294
201807071547_045,180,91,Passengership,866,1046,239,330
201807071547_046,33,31,Motorboat,260,293,240,271
201807071547_047,74,61,Motorboat,65,139,239,300
201807071547_046,31,29,Miscboat,292,323,239,268
201807071547_047,68,42,Miscboat,134,202,244,286
201807071547_046,40,72,Sailboat,322,362,194,266
201807071547_047,68,131,Sailboat,207,275,150,281
201807071547_048,76,213,Sailboat,0,76,91,304
201807071547_044,47,46,Passengership,309,356,217,263
201807071547_045,43,37,Passengership,586,629,227,264
201807071547_046,51,47,Passengership,821,872,230,277
201807071547_047,97,129,Passengership,933,1030,180,309
201807071547_048,134,155,Passengership,1143,1277,194,349
201807071547_046,35,22,Miscboat,360,395,239,261
201807071547_047,51,36,Miscboat,291,342,238,274
201807071547_048,65,29,Miscboat,156,221,252,281
201807071547_046,32,14,Miscboat,399,431,244,258
201807071547_047,48,32,Miscboat,353,401,237,269
201807071547_048,77,31,Miscboat,254,331,244,275
201807071547_049,115,47,Miscboat,7,122,244,291
201807071547_046,21,19,Passengership,434,455,235,254
201807071547_047,44,33,Passengership,397,441,229,262
201807071547_048,53,43,Passengership,330,383,227,270
201807071547_049,112,52,Passengership,141,253,225,277
201807071547_047,27,57,Sailboat,523,550,199,256
201807071547_048,36,84,Sailboat,505,541,174,258
201807071547_049,33,147,Sailboat,462,495,125,272
201807071547_050,31,136,Sailboat,431,462,128,264
201807071547_051,41,182,Sailboat,395,436,94,276
201807071547_052,68,254,Sailboat,296,364,21,275
201807071547_053,131,320,Sailboat,1,132,1,321
201807071547_046,27,25,Passengership,455,482,229,254
201807071547_047,41,38,Passengership,435,476,224,262
201807071547_048,52,41,Passengership,388,440,224,265
201807071547_049,90,52,Passengership,266,356,220,272
201807071547_050,154,112,Passengership,43,197,194,306
201807071547_049,68,102,Sailboat,855,923,186,288
201807071547_050,104,141,Sailboat,955,1059,166,307
201807071547_051,280,70,Ferry,944,1224,250,320
201807071547_052,132,328,Sailboat,1144,1276,29,357
201807071547_047,53,35,Passengership,467,520,223,258
201807071547_048,64,39,Passengership,437,501,219,258
201807071547_049,81,48,Passengership,373,454,216,264
201807071547_050,113,75,Passengership,275,388,201,276
201807071547_051,183,81,Passengership,108,291,202,283
201807071547_050,12,9,Boat,578,590,244,253
201807071547_051,21,13,Boat,582,603,246,259
201807071547_052,27,16,Boat,578,605,250,266
201807071547_053,33,36,Boat,471,504,247,283
201807071547_047,10,10,Boat,629,639,247,257
201807071547_048,11,11,Boat,624,635,246,257
201807071547_049,12,12,Boat,601,613,248,260
201807071547_050,10,9,Boat,613,623,249,258
201807071547_051,11,10,Boat,644,655,247,257
201807071547_052,7,7,Boat,678,685,248,255
201807071547_053,8,10,Boat,649,657,244,254
201807071547_052,49,34,Militaryship,360,409,239,273
201807071547_053,123,92,Militaryship,111,234,206,298
201807071547_051,87,157,Sailboat,848,935,137,294
201807071547_052,110,257,Sailboat,954,1064,57,314
201807071547_050,26,19,Passengership,584,610,234,253
201807071547_051,25,32,Passengership,600,625,222,254
201807071547_052,27,26,Passengership,596,623,229,255
201807071547_053,46,45,Passengership,535,581,215,260
201807071547_044,24,20,Boat,234,258,248,268
201807071547_045,24,18,Boat,439,463,252,270
201807071547_046,18,15,Boat,620,638,259,274
201807071547_047,29,25,Boat,634,663,261,286
201807071547_048,26,23,Boat,653,679,265,288
201807071547_049,30,25,Boat,669,699,277,302
201807071547_050,61,52,Boat,731,792,278,330
201807071547_051,79,60,Boat,710,789,308,368
201807071547_052,97,78,Boat,820,917,343,421
201807071547_053,208,150,Boat,857,1065,391,541
201807071547_004,22,10,Motorboat,961,983,252,262
201807071547_004,28,11,Motorboat,902,930,253,264
201807071547_004,24,10,Motorboat,929,953,252,262
201807071547_005,19,10,Boat,279,298,273,283
201807071547_010,61,51,Militaryship,946,1007,247,298
201807071547_010,47,48,Miscboat,887,934,246,294
201807071547_017,43,29,Boat,615,658,272,301
201807071547_031,64,47,Miscboat,960,1024,272,319
201807071547_031,62,43,Motorboat,857,919,276,319
201807071547_036,64,210,Sailboat,951,1015,115,325
201807071547_035,137,74,Boat,10,147,331,405
201807071547_036,58,56,Miscboat,876,934,246,302
201807071547_040,64,74,Motorboat,1111,1175,236,310
201807071547_042,147,58,Motorboat,461,608,244,302
201807071547_046,73,33,Miscboat,183,256,244,277
201807071547_044,12,13,Boat,145,157,240,253
201807071547_053,13,6,Boat,590,603,244,250
201807071547_053,9,9,Boat,583,592,241,250
201807071547_052,31,25,Motorboat,483,514,237,262
201807071547_052,49,157,Sailboat,413,462,120,277
201807071547_054,207,85,Motorboat,1073,1280,274,359
201807071547_054,105,75,Passengership,142,247,214,289
201807071547_014,10,27,Sailboat,561,571,235,262
201807071547_031,39,114,Sailboat,359,398,180,294
201807071547_032,98,323,Sailboat,949,1047,1,324
201807071547_031,106,208,Sailboat,134,240,107,315
201807071547_031,50,186,Sailboat,310,360,118,304
201807071547_034,47,31,Miscboat,822,869,249,280
201807071547_035,132,97,Miscboat,821,953,223,320
201807071547_052,125,261,Sailboat,1067,1192,71,332
201807071547_052,120,189,Sailboat,834,954,92,281
201807071547_044,43,16,Ferry,102,145,232,248
201807071547_010,23,14,Boat,416,439,277,291
201807071547_014,12,12,Motorboat,571,583,252,264
201807071547_022,81,80,Boat,81,162,290,370
201807071547_026,131,156,Motorboat,1036,1167,185,341
201807071547_031,24,14,Motorboat,406,430,290,304
201807071547_054,143,108,Boat,895,1038,356,464
201807071547_054,30,31,Boat,528,558,243,274
201807071547_054,38,23,Boat,420,458,256,279
201807071547_017,281,190,Militaryship,1,282,163,353
201807071547_002,8,8,Miscellaneous,465,473,329,337
201807071547_002,7,7,Miscellaneous,455,462,332,339
201807071547_025,32,10,Ferry,600,632,252,262
201807071617_000,38,32,Miscboat,272,310,236,268
201807071617_001,66,53,Miscboat,109,175,232,285
201807071617_000,48,156,Sailboat,317,365,109,265
201807071617_001,87,193,Sailboat,176,263,81,274
201807071617_002,19,17,Passengership,611,630,239,256
201807071617_003,26,17,Passengership,633,659,244,261
201807071617_004,83,42,Passengership,404,487,241,283
201807071617_005,72,28,Boat,226,298,249,277
201807071617_006,30,32,Motorboat,615,645,237,269
201807071617_008,22,20,Miscboat,268,290,233,253
201807071617_005,177,35,Passengership,799,976,257,292
201807071617_006,81,56,Militaryship,905,986,217,273
201807071617_007,170,136,Militaryship,827,997,153,289
201807071617_008,370,230,Militaryship,709,1079,90,320
201807071617_009,238,323,Militaryship,1045,1283,104,427
201807071617_005,152,55,Ferry,598,750,245,300
201807071617_006,175,98,Passengership,1105,1280,304,402
201807071617_000,72,132,Sailboat,673,745,108,240
201807071617_001,90,148,Sailboat,665,755,92,240
201807071617_002,116,184,Sailboat,663,779,61,245
201807071617_003,121,212,Sailboat,699,820,36,248
201807071617_004,157,255,Sailboat,704,861,0,255
201807071617_005,245,277,Sailboat,784,1029,1,278
201807071617_006,376,343,Sailboat,904,1280,1,344
201807071617_007,10,8,Motorboat,512,522,242,250
201807071617_008,17,18,Motorboat,306,323,243,261
201807071617_009,37,29,Motorboat,145,182,254,283
201807071617_006,80,81,Cruiseship,861,941,176,257
201807071617_007,134,107,Cruiseship,738,872,151,258
201807071617_008,184,143,Cruiseship,584,768,128,271
201807071617_009,305,303,Cruiseship,697,1002,4,307
201807071617_010,533,411,Cruiseship,748,1281,1,412
201807071617_007,19,18,Passengership,614,633,230,248
201807071617_008,35,25,Passengership,430,465,228,253
201807071617_009,45,110,Sailboat,427,472,159,269
201807071617_010,193,359,Sailboat,0,193,1,360
201807071617_011,70,38,Militaryship,136,206,230,268
201807071617_011,21,13,Boat,456,477,242,255
201807071617_012,34,29,Boat,209,243,248,277
201807071617_018,38,34,Miscboat,705,743,228,262
201807071617_019,65,28,Miscboat,351,416,242,270
201807071617_018,113,57,Militaryship,748,861,196,253
201807071617_019,60,62,Militaryship,640,700,192,254
201807071617_020,74,74,Militaryship,440,514,182,256
201807071617_021,100,84,Militaryship,134,234,172,256
201807071617_019,4,9,Seamark,917,921,247,256
201807071617_020,7,14,Seamark,751,758,240,254
201807071617_021,6,13,Seamark,519,525,237,250
201807071617_022,5,12,Seamark,352,357,240,252
201807071617_019,103,68,Militaryship,667,770,188,256
201807071617_020,119,76,Militaryship,467,586,174,250
201807071617_021,118,83,Militaryship,201,319,166,249
201807071617_022,99,84,Militaryship,1,100,181,265
201807071617_020,32,12,Passengership,797,829,240,252
201807071617_021,49,18,Passengership,539,588,228,246
201807071617_022,55,19,Passengership,366,421,238,257
201807071617_023,112,46,Passengership,170,282,237,283
201807071617_022,3,12,Seamark,260,263,245,257
201807071617_023,7,19,Seamark,102,109,251,270
201807071617_020,18,12,Boat,905,923,249,261
201807071617_021,20,13,Boat,627,647,239,252
201807071617_022,11,11,Boat,438,449,241,252
201807071617_023,19,13,Boat,430,449,246,259
201807071617_029,27,21,Passengership,455,482,231,252
201807071617_030,26,20,Passengership,368,394,234,254
201807071617_031,54,41,Passengership,155,209,225,266
201807071617_026,8,14,Seamark,345,353,237,251
201807071617_027,9,15,Seamark,348,357,234,249
201807071617_028,10,16,Seamark,304,314,240,256
201807071617_029,8,16,Seamark,222,230,236,252
201807071617_030,9,18,Seamark,191,200,236,254
201807071617_031,5,13,Seamark,97,102,245,258
201807071617_035,85,80,Militaryship,983,1068,215,295
201807071617_036,84,153,Militaryship,1192,1276,166,319
201807071617_036,78,29,Passengership,525,603,238,267
201807071617_037,109,43,Passengership,147,256,242,285
201807071617_037,55,17,Motorboat,409,464,242,259
201807071617_038,78,34,Motorboat,75,153,246,280
201807071617_037,18,16,Boat,545,563,242,258
201807071617_038,31,23,Boat,292,323,244,267
201807071617_037,40,13,Motorboat,608,648,248,261
201807071617_038,63,24,Motorboat,378,441,248,272
201807071617_037,16,11,Motorboat,573,589,250,261
201807071617_038,21,20,Boat,326,347,254,274
201807071617_038,85,146,Sailboat,659,744,128,274
201807071617_039,154,264,Sailboat,121,275,36,300
201807071617_035,17,23,Motorboat,837,854,240,263
201807071617_036,18,19,Motorboat,907,925,247,266
201807071617_037,19,35,Motorboat,694,713,226,261
201807071617_038,30,51,Motorboat,510,540,217,268
201807071617_044,24,20,Boat,1181,1205,272,292
201807071617_045,16,10,Boat,1128,1144,280,290
201807071617_046,15,9,Boat,962,977,267,276
201807071617_047,19,15,Boat,1001,1020,271,286
201807071617_048,13,7,Boat,847,860,270,277
201807071617_049,12,6,Boat,832,844,264,270
201807071617_050,14,14,Boat,880,894,263,277
201807071617_051,8,7,Boat,917,925,267,274
201807071617_052,7,6,Boat,913,920,266,272
201807071617_053,13,14,Boat,911,924,262,276
201807071617_042,26,20,Boat,591,617,259,279
201807071617_043,28,12,Boat,813,841,264,276
201807071617_041,155,38,Motorboat,1,156,267,305
201807071617_042,207,48,Motorboat,918,1125,278,326
201807071617_046,4,9,Seamark,706,710,252,261
201807071617_047,8,12,Seamark,640,648,253,265
201807071617_045,13,22,Seamark,1000,1013,263,285
201807071617_046,10,30,Seamark,813,823,254,284
201807071617_047,30,59,Seamark,851,881,256,315
201807071617_048,32,108,Seamark,776,808,255,363
201807071617_046,15,15,Passengership,770,785,245,260
201807071617_047,26,22,Passengership,678,704,243,265
201807071617_048,33,26,Passengership,364,397,240,266
201807071617_049,78,38,Passengership,188,266,234,272
201807071617_046,4,8,Seamark,941,945,256,264
201807071617_047,8,13,Seamark,904,912,258,271
201807071617_049,3,6,Seamark,412,415,251,257
201807071617_050,5,10,Seamark,442,447,248,258
201807071617_051,10,18,Seamark,452,462,246,264
201807071617_052,4,7,Seamark,411,415,251,258
201807071617_053,6,11,Seamark,375,381,252,263
201807071617_054,7,12,Seamark,315,322,250,262
201807071617_055,8,13,Seamark,278,286,251,264
201807071617_056,11,20,Seamark,169,180,251,271
201807071617_057,12,22,Seamark,288,300,255,277
201807071617_058,13,29,Seamark,267,280,255,284
201807071617_059,24,66,Seamark,222,246,246,312
201807071617_049,5,11,Seamark,371,376,250,261
201807071617_050,7,15,Seamark,380,387,250,265
201807071617_051,8,16,Seamark,377,385,250,266
201807071617_052,7,16,Seamark,307,314,252,268
201807071617_053,13,28,Seamark,204,217,252,280
201807071617_054,13,33,Seamark,3,16,254,287
201807071617_052,9,6,Boat,461,470,255,261
201807071617_053,11,10,Boat,395,406,257,267
201807071617_054,33,24,Boat,264,297,258,282
201807071617_055,29,21,Boat,1,30,277,298
201807071617_049,4,13,Seamark,705,709,249,262
201807071617_050,7,17,Seamark,766,773,252,269
201807071617_052,6,16,Seamark,819,825,256,272
201807071617_053,14,34,Seamark,870,884,251,285
201807071617_054,9,32,Seamark,955,964,262,294
201807071617_053,9,8,Boat,453,462,254,262
201807071617_054,10,9,Boat,381,391,255,264
201807071617_055,11,10,Boat,285,296,263,273
201807071617_050,6,10,Seamark,692,698,248,258
201807071617_051,6,10,Seamark,725,731,248,258
201807071617_052,4,7,Seamark,703,707,251,258
201807071617_053,7,13,Seamark,702,709,249,262
201807071617_049,3,7,Seamark,626,629,250,257
201807071617_050,6,15,Seamark,672,678,248,263
201807071617_051,6,11,Seamark,706,712,252,263
201807071617_052,5,10,Seamark,684,689,251,261
201807071617_053,7,16,Seamark,685,692,249,265
201807071617_054,6,15,Seamark,679,685,252,267
201807071617_055,5,14,Seamark,702,707,256,270
201807071617_056,8,27,Seamark,709,717,245,272
201807071617_057,12,27,Seamark,971,983,255,282
201807071617_043,33,26,Passengership,32,65,249,275
201807071617_044,94,34,Passengership,333,427,239,273
201807071617_045,92,29,Passengership,339,431,246,275
201807071617_046,76,34,Passengership,359,435,243,277
201807071617_047,72,36,Passengership,501,573,243,279
201807071617_048,66,33,Passengership,391,457,247,280
201807071617_049,40,21,Passengership,431,471,249,270
201807071617_050,39,28,Passengership,492,531,243,271
201807071617_051,26,18,Passengership,531,557,252,270
201807071617_052,35,19,Passengership,524,559,249,268
201807071617_053,34,23,Passengership,546,580,246,269
201807071617_054,34,23,Passengership,564,598,244,267
201807071617_055,40,27,Passengership,597,637,243,270
201807071617_056,25,21,Passengership,605,630,241,262
201807071617_057,27,18,Passengership,875,902,248,266
201807071617_058,23,12,Passengership,1066,1089,253,265
201807071617_053,16,10,Motorboat,162,178,255,265
201807071617_054,21,13,Motorboat,212,233,249,262
201807071617_055,23,14,Motorboat,189,212,248,262
201807071617_056,18,61,Sailboat,110,128,209,270
201807071617_057,36,16,Motorboat,252,288,246,262
201807071617_058,32,16,Motorboat,313,345,248,264
201807071617_059,31,15,Motorboat,391,422,248,263
201807071617_060,39,18,Motorboat,472,511,245,263
201807071617_058,7,7,Boat,673,680,254,261
201807071617_059,14,12,Boat,774,788,254,266
201807071617_060,22,20,Boat,1051,1073,270,290
201807071617_059,21,51,Sailboat,311,332,218,269
201807071617_060,51,52,Sailboat,345,396,219,271
201807071617_059,32,14,Motorboat,445,477,247,261
201807071617_060,33,19,Motorboat,549,582,244,263
201807071617_056,30,12,Miscboat,44,74,252,264
201807071617_057,28,14,Miscboat,196,224,250,264
201807071617_058,30,14,Miscboat,243,273,250,264
201807071617_059,34,9,Motorboat,326,360,254,263
201807071617_060,21,14,Motorboat,407,428,250,264
201807071617_000,23,19,Boat,439,462,249,268
201807071617_005,43,29,Boat,507,550,259,288
201807071617_020,12,8,Boat,758,770,245,253
201807071617_036,84,27,Passengership,324,408,224,251
201807071617_038,34,25,Boat,158,192,243,268
201807071617_038,55,15,Motorboat,235,290,254,269
201807071617_042,53,31,Motorboat,1218,1271,282,313
201807071617_044,11,10,Boat,952,963,261,271
201807071617_053,8,6,Boat,466,474,255,261
201807071617_053,8,6,Boat,500,508,254,260
201807071617_053,12,8,Boat,530,542,251,259
201807071617_053,14,11,Boat,928,942,255,266
201807071617_056,16,8,Boat,813,829,256,264
201807071617_056,15,7,Boat,775,790,258,265
201807071617_056,8,6,Boat,594,602,252,258
201807071617_059,21,10,Miscboat,862,883,250,260
201807071617_041,286,405,Sailboat,850,1136,1,406
201807071617_041,50,186,Sailboat,280,330,124,310
201807071617_059,13,13,Passengership,1074,1087,246,259
201807071617_001,22,13,Boat,368,390,260,273
201807071617_001,64,44,Motorboat,1,65,276,320
201807071617_004,39,42,Miscboat,779,818,250,292
201807071617_005,173,137,Miscboat,1098,1271,267,404
201807071617_004,12,9,Boat,578,590,253,262
201807071617_006,72,23,Boat,298,370,260,283
201807071617_008,23,16,Miscboat,290,313,234,250
201807071617_008,21,16,Miscboat,237,258,239,255
201807071617_011,69,85,Sailboat,39,108,192,277
201807071617_016,39,19,Motorboat,608,647,238,257
201807071617_022,11,12,Boat,217,228,244,256
201807071617_037,36,19,Motorboat,368,404,245,264
201807071617_041,67,49,Motorboat,620,687,284,333
201807071617_041,111,27,Motorboat,453,564,295,322
201807071617_041,114,33,Motorboat,485,599,265,298
201807071617_041,35,23,Motorboat,383,418,267,290
201807071617_041,32,29,Boat,245,277,262,291
201807071617_043,26,14,Boat,119,145,256,270
201807071617_046,36,17,Boat,70,106,261,278
201807071617_055,17,16,Boat,209,226,262,278
201807071617_055,9,5,Boat,889,898,267,272
201807071617_004,199,157,Miscboat,1081,1280,192,349
201807071617_004,62,26,Ferry,286,348,244,270
201807071617_020,11,10,Boat,603,614,236,246
201807071617_020,5,8,Seamark,589,594,238,246
201807071617_020,7,17,Seamark,281,288,247,264
201807071617_020,6,10,Seamark,695,701,243,253
201807071617_020,5,10,Seamark,637,642,239,249
201807071617_023,8,16,Seamark,81,89,244,260
201807071617_025,10,25,Seamark,141,151,235,260
201807071617_024,12,19,Seamark,194,206,239,258
201807071617_025,4,10,Seamark,95,99,234,244
201807071617_026,6,10,Seamark,204,210,240,250
201807071617_032,16,27,Seamark,207,223,234,261
201807071617_034,5,21,Seamark,1,6,247,268
201807071617_038,18,45,Seamark,1008,1026,267,312
201807071617_040,4,10,Seamark,1069,1073,255,265
201807071617_043,8,27,Seamark,22,30,256,283
201807071617_046,9,19,Seamark,137,146,256,275
201807071617_044,9,16,Seamark,900,909,253,269
201807071617_047,5,10,Seamark,849,854,255,265
201807071617_047,5,8,Seamark,869,874,255,263
201807071617_058,6,14,Seamark,1127,1133,256,270
201807071617_058,5,37,Seamark,1275,1280,264,301
201807071617_059,5,9,Seamark,985,990,250,259
201807071647_000,43,22,Motorboat,869,912,248,270
201807071647_001,70,28,Motorboat,1101,1171,251,279
201807071647_000,55,23,Motorboat,772,827,247,270
201807071647_001,56,26,Motorboat,1003,1059,252,278
201807071647_000,68,93,Sailboat,577,645,183,276
201807071647_001,111,167,Sailboat,721,832,133,300
201807071647_002,121,63,Boat,1122,1243,409,472
201807071647_000,60,19,Motorboat,628,688,250,269
201807071647_001,72,30,Motorboat,834,906,250,280
201807071647_002,84,68,Motorboat,1167,1251,247,315
201807071647_001,77,80,Sailboat,189,266,211,291
201807071647_003,92,25,Miscboat,327,419,281,306
201807071647_001,57,95,Sailboat,144,201,194,289
201807071647_002,69,162,Sailboat,34,103,143,305
201807071647_003,56,157,Sailboat,259,315,151,308
201807071647_000,34,11,Motorboat,263,297,259,270
201807071647_001,37,15,Motorboat,268,305,266,281
201807071647_002,82,32,Motorboat,174,256,272,304
201807071647_003,221,65,Motorboat,86,307,303,368
201807071647_000,50,123,Sailboat,131,181,155,278
201807071647_001,50,173,Sailboat,88,138,125,298
201807071647_005,33,18,Motorboat,19,52,272,290
201807071647_006,31,23,Motorboat,2,33,268,291
201807071647_004,43,26,Motorboat,105,148,267,293
201807071647_005,56,17,Motorboat,954,1010,257,274
201807071647_006,50,25,Motorboat,1139,1189,259,284
201807071647_004,25,74,Sailboat,62,87,217,291
201807071647_005,48,72,Sailboat,905,953,201,273
201807071647_004,49,78,Sailboat,6,55,222,300
201807071647_005,48,80,Sailboat,863,911,202,282
201807071647_006,53,81,Sailboat,1060,1113,203,284
201807071647_005,39,49,Sailboat,739,778,226,275
201807071647_006,37,56,Sailboat,917,954,222,278
201807071647_005,9,14,Seamark,246,255,263,277
201807071647_006,10,15,Seamark,386,396,257,272
201807071647_007,3,10,Seamark,726,729,255,265
201807071647_008,9,17,Seamark,969,978,246,263
201807071647_009,12,23,Seamark,974,986,251,274
201807071647_010,11,21,Seamark,962,973,259,280
201807071647_011,10,19,Seamark,681,691,256,275
201807071647_012,10,31,Seamark,313,323,255,286
201807071647_013,8,31,Seamark,201,209,265,296
201807071647_005,6,11,Seamark,472,478,261,272
201807071647_006,11,20,Seamark,623,634,251,271
201807071647_007,10,18,Seamark,973,983,255,273
201807071647_008,9,16,Seamark,1246,1255,253,269
201807071647_008,12,24,Seamark,511,523,248,272
201807071647_009,12,22,Seamark,448,460,257,279
201807071647_010,12,30,Seamark,336,348,265,295
201807071647_005,11,22,Seamark,191,202,264,286
201807071647_006,10,22,Seamark,325,335,257,279
201807071647_007,6,21,Seamark,634,640,254,275
201807071647_008,13,37,Seamark,893,906,244,281
201807071647_009,15,44,Seamark,952,967,253,297
201807071647_010,13,64,Seamark,1043,1056,255,319
201807071647_005,22,10,Motorboat,315,337,266,276
201807071647_006,15,14,Motorboat,522,537,256,270
201807071647_007,19,14,Motorboat,791,810,253,267
201807071647_008,25,14,Motorboat,928,953,250,264
201807071647_009,30,16,Motorboat,819,849,258,274
201807071647_010,53,22,Motorboat,567,620,267,289
201807071647_012,30,23,Boat,638,668,284,307
201807071647_013,17,17,Boat,832,849,280,297
201807071647_014,23,18,Boat,827,850,274,292
201807071647_015,23,16,Boat,747,770,276,292
201807071647_016,12,11,Boat,759,771,274,285
201807071647_017,23,20,Boat,762,785,267,287
201807071647_018,24,21,Boat,907,931,265,286
201807071647_019,17,15,Boat,851,868,262,277
201807071647_020,13,16,Boat,749,762,263,279
201807071647_021,14,18,Boat,724,738,259,277
201807071647_022,15,20,Boat,746,761,259,279
201807071647_023,19,13,Boat,885,904,259,272
201807071647_012,12,27,Seamark,928,940,251,278
201807071647_013,17,39,Seamark,1028,1045,250,289
201807071647_014,29,64,Seamark,1154,1183,252,316
201807071647_013,24,10,Motorboat,618,642,258,268
201807071647_014,32,19,Motorboat,471,503,253,272
201807071647_015,34,19,Motorboat,99,133,274,293
201807071647_014,18,17,Motorboat,733,751,257,274
201807071647_015,32,22,Motorboat,371,403,273,295
201807071647_013,14,40,Sailboat,910,924,225,265
201807071647_014,24,62,Sailboat,821,845,210,272
201807071647_015,30,103,Sailboat,560,590,185,288
201807071647_017,13,24,Seamark,174,187,258,282
201807071647_018,7,29,Seamark,115,122,264,293
201807071647_013,3,14,Seamark,1069,1072,250,264
201807071647_014,9,19,Seamark,1039,1048,252,271
201807071647_015,10,21,Seamark,891,901,248,269
201807071647_016,5,20,Seamark,830,835,249,269
201807071647_017,13,26,Seamark,795,808,251,277
201807071647_018,9,32,Seamark,949,958,253,285
201807071647_019,12,51,Seamark,962,974,252,303
201807071647_019,10,9,Boat,527,537,263,272
201807071647_020,43,27,Boat,25,68,287,314
201807071647_017,26,13,Motorboat,640,666,253,266
201807071647_018,25,17,Motorboat,849,874,249,266
201807071647_019,14,10,Motorboat,806,820,253,263
201807071647_020,18,14,Motorboat,573,591,260,274
201807071647_021,27,22,Motorboat,402,429,263,285
201807071647_022,39,19,Passengership,477,516,259,278
201807071647_023,61,26,Passengership,260,321,258,284
201807071647_023,15,12,Miscboat,917,932,257,269
201807071647_024,28,16,Miscboat,648,676,261,277
201807071647_025,45,23,Miscboat,475,520,272,295
201807071647_017,9,14,Seamark,870,879,251,265
201807071647_018,10,15,Seamark,980,990,251,266
201807071647_019,11,16,Seamark,845,856,249,265
201807071647_020,6,18,Seamark,764,770,253,271
201807071647_021,9,22,Seamark,755,764,249,271
201807071647_022,15,29,Seamark,759,774,255,284
201807071647_023,14,42,Seamark,899,913,251,293
201807071647_024,28,82,Seamark,900,928,251,333
201807071647_025,13,24,Seamark,901,914,259,283
201807071647_026,12,22,Seamark,898,910,263,285
201807071647_027,10,38,Seamark,878,888,259,297
201807071647_028,24,108,Seamark,1160,1184,292,400
201807071647_029,13,36,Seamark,1044,1057,265,301
201807071647_026,13,25,Seamark,917,930,253,278
201807071647_027,10,27,Seamark,858,868,251,278
201807071647_028,14,38,Seamark,840,854,257,295
201807071647_029,54,153,Seamark,971,1025,238,391
201807071647_014,18,29,Cruiseship,996,1014,233,262
201807071647_015,15,26,Cruiseship,823,838,231,257
201807071647_016,16,27,Cruiseship,717,733,231,258
201807071647_017,21,38,Cruiseship,649,670,225,263
201807071647_018,20,33,Cruiseship,730,750,226,259
201807071647_019,22,37,Cruiseship,542,564,223,260
201807071647_020,28,41,Cruiseship,407,435,226,267
201807071647_021,27,45,Cruiseship,350,377,222,267
201807071647_022,29,51,Cruiseship,306,335,222,273
201807071647_023,41,60,Cruiseship,356,397,208,268
201807071647_024,33,59,Cruiseship,151,184,219,278
201807071647_025,33,66,Cruiseship,119,152,216,282
201807071647_017,77,22,Cruiseship,622,699,233,255
201807071647_019,91,24,Cruiseship,506,597,232,256
201807071647_020,115,25,Cruiseship,371,486,230,255
201807071647_021,102,23,Cruiseship,322,424,232,255
201807071647_022,108,29,Cruiseship,290,398,236,265
201807071647_023,79,27,Cruiseship,393,472,227,254
201807071647_024,96,33,Cruiseship,207,303,237,270
201807071647_025,126,33,Cruiseship,170,296,232,265
201807071647_026,132,36,Cruiseship,83,215,231,267
201807071647_021,67,36,Militaryship,1053,1120,224,260
201807071647_022,54,35,Militaryship,1096,1150,230,265
201807071647_023,79,61,Militaryship,1202,1281,213,274
201807071647_024,69,52,Militaryship,1147,1216,216,268
201807071647_025,103,47,Militaryship,1172,1275,228,275
201807071647_026,112,78,Militaryship,1169,1281,209,287
201807071647_027,104,61,Militaryship,1172,1276,217,278
201807071647_028,117,75,Militaryship,1162,1279,201,276
201807071647_027,62,31,Passengership,755,817,240,271
201807071647_028,127,65,Passengership,292,419,238,303
201807071647_029,19,13,Boat,1022,1041,264,277
201807071647_030,10,9,Boat,868,878,261,270
201807071647_031,13,11,Boat,605,618,262,273
201807071647_032,26,19,Boat,441,467,265,284
201807071647_029,15,14,Miscboat,892,907,258,272
201807071647_030,21,19,Miscboat,744,765,258,277
201807071647_031,27,18,Miscboat,495,522,270,288
201807071647_031,57,14,Motorboat,1031,1088,258,272
201807071647_032,74,23,Motorboat,1084,1158,253,276
201807071647_029,19,14,Motorboat,1091,1110,259,273
201807071647_030,17,14,Motorboat,1041,1058,259,273
201807071647_000,41,24,Motorboat,1216,1257,260,284
201807071647_000,44,20,Motorboat,1104,1148,251,271
201807071647_005,23,13,Boat,943,966,269,282
201807071647_008,25,13,Boat,1026,1051,263,276
201807071647_011,28,15,Boat,648,676,270,285
201807071647_011,54,27,Boat,516,570,285,312
201807071647_011,81,58,Boat,428,509,304,362
201807071647_019,50,14,Miscboat,87,137,260,274
201807071647_023,21,14,Boat,1046,1067,256,270
201807071647_031,94,55,Militaryship,1186,1280,236,291
201807071647_032,43,25,Boat,302,345,278,303
201807071647_000,53,92,Sailboat,1151,1204,184,276
201807071647_000,64,92,Sailboat,6,70,190,282
201807071647_001,47,131,Sailboat,25,72,166,297
201807071647_000,54,101,Sailboat,73,127,181,282
201807071647_004,91,308,Sailboat,1128,1219,32,340
201807071647_004,120,286,Sailboat,991,1111,52,338
201807071647_004,58,208,Sailboat,929,987,125,333
201807071647_004,71,172,Sailboat,850,921,154,326
201807071647_004,65,221,Sailboat,785,850,100,321
201807071647_004,50,151,Sailboat,670,720,164,315
201807071647_004,60,171,Sailboat,603,663,145,316
201807071647_004,80,208,Sailboat,519,599,106,314
201807071647_027,39,53,Sailboat,892,931,219,272
201807071647_027,26,16,Miscboat,514,540,255,271
201807071647_026,62,77,Cruiseship,1,63,211,288
201807071647_001,32,12,Boat,667,699,288,300
201807071647_005,8,7,Motorboat,420,428,261,268
201807071647_016,15,10,Motorboat,307,322,266,276
201807071647_016,15,14,Miscboat,102,117,274,288
201807071647_019,25,12,Miscboat,64,89,276,288
201807071647_019,17,6,Motorboat,223,240,268,274
201807071647_027,26,15,Boat,669,695,265,280
201807071647_028,102,41,Boat,305,407,301,342
201807071647_028,47,34,Militaryship,605,652,264,298
201807071647_030,45,18,Boat,843,888,276,294
201807071647_002,43,48,Miscellaneous,41,84,344,392
201807071647_032,21,9,Boat,887,908,259,268
201807071647_004,30,31,Miscellaneous,46,76,372,403
201807071647_004,9,6,Miscellaneous,412,421,295,301
201807071647_011,10,24,Seamark,1146,1156,261,285
201807071647_014,10,16,Seamark,698,708,250,266
201807071647_023,8,14,Seamark,1008,1016,255,269
201807071647_023,8,16,Seamark,970,978,255,271
201807071647_029,9,20,Seamark,1121,1130,260,280
201807071647_032,11,7,Miscboat,917,928,254,261
201807071647_032,6,14,Seamark,933,939,253,267
201807071647_032,9,17,Seamark,951,960,258,275
201807071647_032,19,39,Seamark,1138,1157,262,301
201807071647_032,11,17,Seamark,586,597,253,270
201807071647_025,17,62,Cruiseship,153,170,219,281
201807071647_005,47,41,Miscellaneous,1037,1084,335,376
201807071647_005,12,16,Miscellaneous,1069,1081,293,309
201807071647_005,10,16,Miscellaneous,942,952,319,335
201807071647_005,14,13,Miscellaneous,623,637,300,313
201807071717_001,8,19,Seamark,871,879,258,277
201807071717_002,11,26,Seamark,1102,1113,256,282
201807071717_001,25,13,Boat,735,760,266,279
201807071717_002,27,17,Boat,765,792,261,278
201807071717_003,33,14,Boat,862,895,271,285
201807071717_004,30,16,Boat,898,928,271,287
201807071717_005,35,21,Boat,867,902,269,290
201807071717_006,36,15,Boat,917,953,277,292
201807071717_006,38,23,Militaryship,726,764,250,273
201807071717_007,68,36,Militaryship,710,778,246,282
201807071717_008,62,46,Militaryship,914,976,244,290
201807071717_005,13,16,Motorboat,303,316,261,277
201807071717_006,19,15,Motorboat,396,415,270,285
201807071717_007,30,27,Motorboat,288,318,275,302
201807071717_006,23,29,Miscboat,698,721,245,274
201807071717_007,29,37,Miscboat,689,718,238,275
201807071717_008,46,29,Miscboat,851,897,254,283
201807071717_009,80,48,Miscboat,1136,1216,265,313
201807071717_008,38,41,Miscboat,813,851,239,280
201807071717_009,74,48,Miscboat,1053,1127,255,303
201807071717_008,22,28,Miscboat,792,814,249,277
201807071717_009,42,35,Miscboat,1007,1049,259,294
201807071717_006,52,63,Cruiseship,276,328,218,281
201807071717_007,60,73,Cruiseship,217,277,207,280
201807071717_008,76,89,Cruiseship,265,341,197,286
201807071717_009,138,111,Cruiseship,273,411,175,286
201807071717_010,213,148,Cruiseship,128,341,152,300
201807071717_011,367,298,Cruiseship,1,368,41,339
201807071717_012,94,346,Cruiseship,2,96,2,348
201807071717_008,48,30,Boat,867,915,277,307
201807071717_009,49,34,Boat,910,959,287,321
201807071717_010,64,40,Boat,932,996,298,338
201807071717_011,97,64,Boat,1158,1255,327,391
201807071717_011,22,15,Boat,547,569,270,285
201807071717_012,65,36,Boat,215,280,309,345
201807071717_011,79,91,Militaryship,349,428,201,292
201807071717_012,173,131,Militaryship,102,275,188,319
201807071717_008,17,38,Sailboat,433,450,228,266
201807071717_009,19,42,Sailboat,538,557,226,268
201807071717_010,17,33,Sailboat,533,550,232,265
201807071717_011,23,14,Passengership,602,625,257,271
201807071717_012,38,14,Passengership,546,584,258,272
201807071717_013,46,22,Passengership,448,494,258,280
201807071717_014,50,26,Passengership,521,571,260,286
201807071717_015,75,36,Passengership,319,394,269,305
201807071717_016,106,41,Passengership,72,178,287,328
201807071717_009,19,25,Militaryship,403,422,250,275
201807071717_010,39,46,Militaryship,340,379,231,277
201807071717_011,67,81,Militaryship,426,493,208,289
201807071717_012,137,134,Militaryship,262,399,170,304
201807071717_013,206,193,Militaryship,0,206,153,346
201807071717_008,61,112,Sailboat,326,387,156,268
201807071717_009,77,131,Sailboat,399,476,138,269
201807071717_010,61,141,Sailboat,382,443,129,270
201807071717_011,121,208,Sailboat,496,617,67,275
201807071717_012,154,244,Sailboat,413,567,33,277
201807071717_013,184,294,Sailboat,283,467,3,297
201807071717_014,299,303,Sailboat,249,548,1,304
201807071717_015,331,346,Sailboat,0,331,7,353
201807071717_016,98,343,Sailboat,0,98,1,344
201807071717_014,37,34,Boat,1028,1065,283,317
201807071717_015,48,27,Boat,1051,1099,288,315
201807071717_006,131,60,Militaryship,1037,1168,251,311
201807071717_007,132,59,Militaryship,753,885,246,305
201807071717_008,70,55,Militaryship,610,680,251,306
201807071717_009,38,34,Militaryship,617,655,261,295
201807071717_010,36,34,Militaryship,575,611,256,290
201807071717_011,36,41,Militaryship,719,755,251,292
201807071717_012,31,27,Militaryship,709,740,261,288
201807071717_013,46,34,Militaryship,635,681,258,292
201807071717_014,61,55,Militaryship,802,863,255,310
201807071717_015,36,20,Boat,882,918,274,294
201807071717_016,42,18,Boat,814,856,278,296
201807071717_017,54,34,Boat,813,867,281,315
201807071717_018,85,39,Boat,995,1080,296,335
201807071717_016,67,33,Boat,1074,1141,296,329
201807071717_017,99,60,Boat,1083,1182,311,371
201807071717_013,20,20,Passengership,529,549,249,269
201807071717_014,30,33,Passengership,626,656,236,269
201807071717_015,39,53,Passengership,532,571,228,281
201807071717_016,87,103,Passengership,420,507,204,307
201807071717_017,18,50,Sailboat,490,508,217,267
201807071717_018,31,91,Sailboat,589,620,182,273
201807071717_019,28,82,Sailboat,649,677,188,270
201807071717_020,26,76,Sailboat,639,665,191,267
201807071717_021,20,84,Sailboat,687,707,184,268
201807071717_022,39,106,Sailboat,701,740,165,271
201807071717_023,33,131,Sailboat,682,715,147,278
201807071717_024,41,138,Sailboat,744,785,124,262
201807071717_025,35,218,Sailboat,732,767,78,296
201807071717_026,195,143,Sailboat,932,1127,188,331
201807071717_017,36,69,Sailboat,377,413,217,286
201807071717_020,43,18,Ferry,514,557,250,268
201807071717_021,48,11,Ferry,583,631,254,265
201807071717_022,51,14,Ferry,621,672,252,266
201807071717_023,49,21,Ferry,632,681,249,270
201807071717_024,47,18,Ferry,688,735,250,268
201807071717_025,58,23,Ferry,664,722,251,274
201807071717_026,152,64,Ferry,787,939,232,296
201807071717_027,305,92,Ferry,928,1233,242,334
201807071717_028,36,32,Miscboat,968,1004,259,291
201807071717_029,95,85,Miscboat,1026,1121,243,328
201807071717_028,83,124,Passengership,1007,1090,180,304
201807071717_029,100,122,Passengership,1181,1281,248,370
201807071717_014,34,66,Sailboat,722,756,206,272
201807071717_015,35,69,Sailboat,637,672,203,272
201807071717_016,41,93,Sailboat,579,620,180,273
201807071717_017,57,119,Sailboat,603,660,163,282
201807071717_018,72,167,Sailboat,729,801,119,286
201807071717_019,141,311,Sailboat,893,1034,10,321
201807071717_017,21,34,Sailboat,353,374,238,272
201807071717_018,40,52,Sailboat,418,458,218,270
201807071717_019,47,58,Sailboat,435,482,218,276
201807071717_020,26,65,Sailboat,395,421,209,274
201807071717_021,64,80,Sailboat,326,390,208,288
201807071717_022,64,108,Sailboat,264,328,189,297
201807071717_023,126,193,Sailboat,12,138,123,316
201807071717_020,55,21,Motorboat,352,407,261,282
201807071717_021,68,27,Motorboat,322,390,265,292
201807071717_022,86,29,Motorboat,236,322,266,295
201807071717_023,85,39,Motorboat,203,288,262,301
201807071717_024,84,60,Motorboat,1,85,270,330
201807071717_018,18,16,Passengership,635,653,249,265
201807071717_019,25,34,Passengership,699,724,238,272
201807071717_020,37,55,Passengership,700,737,222,277
201807071717_021,52,45,Passengership,763,815,236,281
201807071717_022,62,68,Passengership,809,871,223,291
201807071717_023,144,139,Passengership,860,1004,198,337
201807071717_023,67,160,Sailboat,119,186,149,309
201807071717_024,110,182,Sailboat,70,180,132,314
201807071717_017,19,18,Motorboat,505,524,253,271
201807071717_018,17,17,Motorboat,610,627,249,266
201807071717_019,20,22,Motorboat,670,690,247,269
201807071717_020,30,26,Motorboat,660,690,248,274
201807071717_021,26,33,Motorboat,716,742,243,276
201807071717_022,33,39,Motorboat,741,774,241,280
201807071717_023,60,63,Motorboat,733,793,233,296
201807071717_024,97,91,Motorboat,829,926,226,317
201807071717_025,269,210,Motorboat,971,1240,195,405
201807071717_020,31,58,Sailboat,416,447,216,274
201807071717_022,69,91,Sailboat,379,448,189,280
201807071717_023,78,122,Sailboat,241,319,175,297
201807071717_020,28,59,Sailboat,442,470,211,270
201807071717_021,38,73,Sailboat,469,507,204,277
201807071717_022,36,78,Sailboat,457,493,198,276
201807071717_023,42,91,Sailboat,362,404,192,283
201807071717_024,45,118,Sailboat,318,363,177,295
201807071717_025,113,49,Motorboat,113,226,264,313
201807071717_023,61,120,Sailboat,312,373,169,289
201807071717_024,93,37,Motorboat,209,302,265,302
201807071717_025,99,51,Motorboat,1,100,278,329
201807071717_023,11,9,Boat,522,533,263,272
201807071717_024,12,10,Boat,533,545,268,278
201807071717_025,19,17,Boat,439,458,274,291
201807071717_023,41,134,Sailboat,715,756,152,286
201807071717_024,32,193,Sailboat,796,828,100,293
201807071717_023,26,76,Sailboat,700,726,202,278
201807071717_024,35,133,Sailboat,765,800,157,290
201807071717_025,32,32,Motorboat,764,796,272,304
201807071717_023,26,91,Sailboat,397,423,187,278
201807071717_024,81,135,Sailboat,311,392,156,291
201807071717_025,107,182,Sailboat,168,275,122,304
201807071717_026,100,176,Sailboat,156,256,136,312
201807071717_020,22,56,Sailboat,474,496,213,269
201807071717_021,24,84,Sailboat,498,522,194,278
201807071717_022,23,78,Sailboat,493,516,195,273
201807071717_023,29,98,Sailboat,415,444,181,279
201807071717_024,48,79,Sailboat,416,464,198,277
201807071717_025,90,108,Sailboat,326,416,178,286
201807071717_026,123,306,Sailboat,0,123,38,344
201807071717_024,18,27,Passengership,532,550,238,265
201807071717_025,24,29,Passengership,488,512,237,266
201807071717_026,47,43,Passengership,493,540,230,273
201807071717_027,50,49,Passengership,478,528,225,274
201807071717_028,65,66,Passengership,434,499,218,284
201807071717_029,114,97,Passengership,174,288,205,302
201807071717_027,120,78,Passengership,942,1062,214,292
201807071717_028,156,111,Passengership,1098,1254,214,325
201807071717_023,9,7,Boat,551,560,260,267
201807071717_024,10,8,Boat,576,586,261,269
201807071717_025,9,7,Boat,528,537,263,270
201807071717_024,42,65,Sailboat,463,505,207,272
201807071717_025,64,74,Sailboat,381,445,204,278
201807071717_026,53,34,Miscboat,418,471,244,278
201807071717_027,77,49,Miscboat,349,426,240,289
201807071717_028,121,64,Miscboat,201,322,245,309
201807071717_026,16,11,Boat,601,617,262,273
201807071717_027,20,10,Boat,558,578,270,280
201807071717_028,37,23,Boat,465,502,280,303
201807071717_029,37,32,Motorboat,856,893,257,289
201807071717_030,102,64,Motorboat,1029,1131,265,329
201807071717_029,14,12,Boat,590,604,262,274
201807071717_030,26,24,Boat,460,486,271,295
201807071717_028,24,17,Passengership,573,597,255,272
201807071717_029,38,30,Passengership,426,464,247,277
201807071717_030,58,42,Passengership,315,373,247,289
201807071717_031,90,57,Passengership,289,379,244,301
201807071717_032,147,101,Passengership,1,148,236,337
201807071717_029,26,20,Miscboat,546,572,248,268
201807071717_030,33,25,Miscboat,492,525,244,269
201807071717_031,47,36,Miscboat,578,625,239,275
201807071717_032,47,25,Miscboat,511,558,253,278
201807071717_033,59,35,Miscboat,336,395,258,293
201807071717_034,86,70,Miscboat,22,108,239,309
201807071717_033,79,54,Motorboat,1070,1149,256,310
201807071717_034,127,116,Motorboat,1152,1279,244,360
201807071717_029,17,18,Miscboat,569,586,249,267
201807071717_030,23,21,Miscboat,518,541,249,270
201807071717_031,26,22,Miscboat,616,642,249,271
201807071717_032,31,21,Miscboat,555,586,256,277
201807071717_033,43,30,Miscboat,398,441,255,285
201807071717_034,53,29,Miscboat,117,170,266,295
201807071717_034,55,35,Miscboat,819,874,253,288
201807071717_035,94,57,Miscboat,843,937,251,308
201807071717_034,47,17,Motorboat,775,822,262,279
201807071717_035,66,27,Motorboat,760,826,263,290
201807071717_032,14,12,Boat,759,773,262,274
201807071717_033,20,13,Boat,669,689,270,283
201807071717_034,36,19,Boat,399,435,282,301
201807071717_032,38,14,Passengership,821,859,253,267
201807071717_033,47,23,Passengership,723,770,247,270
201807071717_034,59,24,Passengership,512,571,250,274
201807071717_035,70,30,Passengership,431,501,251,281
201807071717_036,327,153,Ferry,955,1282,164,317
201807071717_037,416,213,Passengership,865,1281,125,338
201807071717_037,13,9,Boat,266,279,274,283
201807071717_038,21,16,Boat,217,238,280,296
201807071717_039,38,29,Miscboat,54,92,274,303
201807071717_040,62,34,Miscboat,61,123,282,316
201807071717_037,17,15,Boat,305,322,275,290
201807071717_038,35,29,Boat,195,230,292,321
201807071717_038,11,6,Boat,241,252,271,277
201807071717_040,19,11,Miscboat,490,509,255,266
201807071717_041,24,16,Miscboat,430,454,254,270
201807071717_040,45,28,Miscboat,234,279,265,293
201807071717_041,82,37,Miscboat,45,127,270,307
201807071717_040,31,32,Miscboat,279,310,257,289
201807071717_041,66,58,Miscboat,123,189,241,299
201807071717_038,51,41,Passengership,523,574,241,282
201807071717_039,67,40,Passengership,577,644,248,288
201807071717_040,106,81,Passengership,840,946,228,309
201807071717_041,255,262,Passengership,930,1185,116,378
201807071717_040,71,21,Ferry,349,420,260,281
201807071717_041,58,28,Passengership,247,305,254,282
201807071717_038,25,32,Passengership,256,281,249,281
201807071717_039,31,28,Passengership,267,298,251,279
201807071717_040,45,47,Passengership,427,472,239,286
201807071717_041,96,94,Passengership,290,386,212,306
201807071717_042,212,148,Passengership,78,290,183,331
201807071717_043,117,67,Passengership,185,302,229,296
201807071717_044,154,67,Passengership,45,199,236,303
201807071717_039,23,23,Passengership,169,192,262,285
201807071717_040,41,36,Passengership,309,350,248,284
201807071717_041,77,54,Passengership,179,256,240,294
201807071717_043,105,80,Passengership,-2,103,237,317
201807071717_038,37,28,Miscboat,437,474,250,278
201807071717_039,42,26,Miscboat,477,519,253,279
201807071717_040,54,35,Miscboat,699,753,250,285
201807071717_041,87,50,Miscboat,676,763,245,295
201807071717_042,129,74,Miscboat,715,844,241,315
201807071717_043,283,162,Miscboat,928,1211,220,382
201807071717_043,77,137,Sailboat,770,847,165,302
201807071717_044,143,226,Sailboat,818,961,114,340
201807071717_043,19,12,Boat,383,402,271,283
201807071717_044,29,20,Boat,260,289,279,299
201807071717_043,24,123,Sailboat,357,381,155,278
201807071717_044,33,151,Sailboat,286,319,134,285
201807071717_041,9,9,Boat,430,439,260,269
201807071717_044,32,31,Passengership,415,447,250,281
201807071717_039,37,25,Passengership,364,401,255,280
201807071717_040,36,26,Passengership,529,565,253,279
201807071717_041,41,27,Passengership,460,501,252,279
201807071717_042,32,25,Passengership,456,488,255,280
201807071717_043,147,46,Ferry,448,595,245,291
201807071717_044,207,58,Ferry,484,691,246,304
201807071717_008,10,7,Boat,464,474,263,270
201807071717_014,31,22,Boat,946,977,268,290
201807071717_027,66,39,Miscboat,883,949,249,288
201807071717_030,149,94,Miscboat,1111,1260,256,350
201807071717_027,123,139,Sailboat,85,208,175,314
201807071717_023,11,9,Boat,584,595,260,269
201807071717_035,13,11,Motorboat,541,554,253,264
201807071717_035,36,15,Motorboat,343,379,264,279
201807071717_036,97,64,Motorboat,531,628,273,337
201807071717_039,36,33,Motorboat,11,47,276,309
201807071717_041,10,9,Miscboat,500,510,262,271
201807071717_044,12,10,Boat,470,482,262,272
201807071717_015,13,34,Sailboat,483,496,237,271
201807071717_029,51,59,Miscboat,872,923,242,301
201807071717_018,82,310,Sailboat,196,278,19,329
201807071717_026,140,203,Sailboat,75,215,120,323
201807071717_025,93,311,Sailboat,852,945,18,329
201807071717_025,41,222,Sailboat,799,840,83,305
201807071717_029,57,156,Sailboat,930,987,149,305
201807071717_041,44,61,Sailboat,537,581,213,274
201807071717_044,35,28,Passengership,310,345,254,282
201807071717_044,27,96,Sailboat,344,371,184,280
201807071717_044,20,79,Sailboat,372,392,198,277
201807071717_026,75,98,Sailboat,277,352,193,291
201807071717_044,24,23,Motorboat,393,417,251,274
201807071717_001,24,12,Motorboat,1097,1121,263,275
201807071717_001,25,12,Boat,986,1011,263,275
201807071717_016,64,19,Boat,974,1038,285,304
201807071717_013,11,11,Motorboat,549,560,254,265
201807071717_016,28,27,Motorboat,241,269,268,295
201807071717_022,39,11,Boat,232,271,288,299
201807071717_015,98,90,Militaryship,927,1025,243,333
201807071717_002,18,12,Miscboat,226,244,258,270
201807071717_002,25,21,Miscboat,248,273,251,272
201807071717_002,26,21,Miscboat,274,300,251,272
201807071717_013,61,25,Militaryship,806,867,268,293
201807071717_023,8,5,Miscboat,609,617,260,265
201807071717_030,77,42,Miscboat,944,1021,268,310
201807071717_040,62,44,Miscboat,2,64,278,322
201807071717_040,37,25,Miscboat,174,211,277,302
201807071717_002,7,6,Miscellaneous,866,873,284,290
201807071717_026,17,11,Boat,717,734,255,266
201807081044_000,13,12,Boat,735,748,257,269
201807081044_001,23,20,Boat,441,464,269,289
201807081044_000,34,66,Militaryship,509,543,202,268
201807081044_001,88,118,Militaryship,248,336,169,287
201807081044_002,183,190,Militaryship,2,185,129,319
201807081044_000,16,37,Militaryship,554,570,229,266
201807081044_001,26,36,Militaryship,347,373,238,274
201807081044_002,35,58,Militaryship,287,322,222,280
201807081044_003,75,91,Militaryship,67,142,202,293
201807081044_000,19,19,Militaryship,634,653,238,257
201807081044_001,21,21,Militaryship,450,471,239,260
201807081044_002,32,40,Militaryship,427,459,225,265
201807081044_003,46,40,Militaryship,322,368,224,264
201807081044_004,51,33,Militaryship,328,379,233,266
201807081044_005,64,75,Militaryship,155,219,207,282
201807081044_006,151,139,Militaryship,7,158,163,302
201807081044_001,7,16,Seamark,618,625,253,269
201807081044_002,5,16,Seamark,642,647,252,268
201807081044_003,9,20,Seamark,597,606,250,270
201807081044_004,12,29,Seamark,702,714,244,273
201807081044_005,13,42,Seamark,681,694,251,293
201807081044_006,29,98,Seamark,889,918,240,338
201807081044_007,7,17,Seamark,744,751,250,267
201807081044_008,5,15,Seamark,724,729,251,266
201807081044_004,7,13,Seamark,559,566,250,263
201807081044_005,6,16,Seamark,506,512,257,273
201807081044_006,11,29,Seamark,605,616,246,275
201807081044_007,10,26,Seamark,673,683,252,278
201807081044_008,10,33,Seamark,637,647,253,286
201807081044_009,19,76,Seamark,795,814,246,322
201807081044_010,11,32,Seamark,823,834,245,277
201807081044_011,16,45,Seamark,897,913,254,299
201807081044_002,9,10,Militaryship,569,578,248,258
201807081044_003,10,11,Militaryship,509,519,248,259
201807081044_004,17,16,Militaryship,595,612,238,254
201807081044_005,19,19,Militaryship,546,565,242,261
201807081044_006,17,20,Militaryship,657,674,236,256
201807081044_007,23,25,Militaryship,710,733,236,261
201807081044_008,30,31,Militaryship,650,680,231,262
201807081044_009,37,38,Militaryship,699,736,224,262
201807081044_010,73,62,Militaryship,496,569,208,270
201807081044_011,184,133,Militaryship,132,316,173,306
201807081044_010,18,20,Militaryship,801,819,235,255
201807081044_011,18,19,Militaryship,756,774,240,259
201807081044_012,19,20,Militaryship,869,888,237,257
201807081044_013,17,27,Militaryship,1228,1245,238,265
201807081044_009,141,366,Sailboat,106,247,3,369
201807081044_010,77,264,Sailboat,332,409,65,329
201807081044_011,49,197,Sailboat,416,465,113,310
201807081044_012,73,161,Sailboat,566,639,136,297
201807081044_013,39,155,Sailboat,1147,1186,143,298
201807081044_017,23,129,Sailboat,469,492,156,285
201807081044_018,53,196,Sailboat,349,402,103,299
201807081044_017,64,20,Motorboat,727,791,254,274
201807081044_018,100,27,Motorboat,770,870,265,292
201807081044_017,53,22,Motorboat,641,694,248,270
201807081044_018,87,27,Motorboat,619,706,250,277
201807081044_017,27,126,Sailboat,530,557,156,282
201807081044_018,49,200,Sailboat,450,499,100,300
201807081044_019,38,165,Sailboat,40,78,165,330
201807081044_017,34,164,Sailboat,599,633,119,283
201807081044_018,51,257,Sailboat,564,615,43,300
201807081044_017,39,130,Sailboat,361,400,153,283
201807081044_018,37,185,Sailboat,262,299,119,304
201807081044_017,38,133,Sailboat,266,304,155,288
201807081044_018,42,179,Sailboat,130,172,126,305
201807081044_020,46,20,Militaryship,1063,1109,246,266
201807081044_021,48,27,Militaryship,392,440,233,260
201807081044_021,192,65,Militaryship,796,988,199,264
201807081044_022,259,67,Militaryship,552,811,198,265
201807081044_023,313,78,Militaryship,725,1038,189,267
201807081044_024,331,78,Militaryship,794,1125,185,263
201807081044_025,326,86,Militaryship,939,1265,186,272
201807081044_030,59,56,Sailboat,939,998,221,277
201807081044_031,37,54,Sailboat,577,614,223,277
201807081044_032,29,54,Sailboat,490,519,219,273
201807081044_026,90,40,Militaryship,1,91,244,284
201807081044_027,141,57,Militaryship,108,249,218,275
201807081044_028,199,74,Militaryship,189,388,207,281
201807081044_029,245,80,Militaryship,420,665,195,275
201807081044_030,298,90,Militaryship,762,1060,181,271
201807081044_031,166,96,Militaryship,1115,1281,182,278
201807081044_031,40,20,Motorboat,466,506,252,272
201807081044_032,23,13,Motorboat,402,425,256,269
201807081044_033,23,22,Motorboat,342,365,250,272
201807081044_032,45,21,Motorboat,1092,1137,252,273
201807081044_033,40,21,Motorboat,871,911,250,271
201807081044_034,32,20,Motorboat,688,720,245,265
201807081044_032,27,14,Motorboat,997,1024,256,270
201807081044_033,23,16,Motorboat,791,814,252,268
201807081044_034,19,10,Motorboat,606,625,255,265
201807081044_036,22,11,Motorboat,132,154,264,275
201807081044_037,16,13,Motorboat,50,66,269,282
201807081044_032,68,35,Militaryship,50,118,243,278
201807081044_033,89,54,Militaryship,201,290,220,274
201807081044_034,101,58,Militaryship,328,429,212,270
201807081044_035,114,40,Militaryship,255,369,230,270
201807081044_036,127,66,Militaryship,223,350,205,271
201807081044_037,171,78,Militaryship,319,490,198,276
201807081044_038,212,83,Militaryship,384,596,192,275
201807081044_039,253,96,Militaryship,597,850,176,272
201807081044_040,263,103,Militaryship,988,1251,173,276
201807081044_043,9,20,Seamark,1227,1236,249,269
201807081044_044,10,22,Seamark,1218,1228,247,269
201807081044_045,11,24,Seamark,1218,1229,238,262
201807081044_046,8,18,Seamark,1214,1222,246,264
201807081044_041,123,43,Miscboat,986,1109,223,266
201807081044_042,121,47,Miscboat,759,880,220,267
201807081044_043,111,50,Miscboat,644,755,217,267
201807081044_044,111,45,Miscboat,515,626,222,267
201807081044_045,103,49,Miscboat,397,500,215,264
201807081044_046,86,49,Miscboat,331,417,221,270
201807081044_047,94,53,Militaryship,1027,1121,206,259
201807081044_048,83,42,Militaryship,763,846,224,266
201807081044_045,129,84,Militaryship,1,130,193,277
201807081044_046,219,98,Militaryship,-2,217,186,284
201807081044_047,378,110,Militaryship,50,428,163,273
201807081044_048,458,122,Militaryship,282,740,155,277
201807081044_049,546,135,Militaryship,555,1101,136,271
201807081044_050,509,138,Militaryship,760,1269,130,268
201807081044_051,219,103,Militaryship,1062,1281,163,266
201807081044_050,95,33,Militaryship,516,611,234,267
201807081044_051,135,51,Militaryship,770,905,214,265
201807081044_052,123,61,Militaryship,911,1034,206,267
201807081044_053,121,36,Militaryship,1080,1201,234,270
201807081044_054,129,43,Militaryship,995,1124,234,277
201807081044_050,46,45,Miscboat,393,439,227,272
201807081044_051,73,55,Miscboat,531,604,214,269
201807081044_050,46,15,Militaryship,17,63,274,289
201807081044_051,61,28,Militaryship,191,252,258,286
201807081044_052,99,28,Militaryship,189,288,262,290
201807081044_053,126,28,Militaryship,504,630,252,280
201807081044_055,8,18,Seamark,1155,1163,248,266
201807081044_056,5,15,Seamark,1236,1241,254,269
201807081044_064,9,22,Seamark,1152,1161,252,274
201807081044_065,6,23,Seamark,763,769,255,278
201807081044_066,13,36,Seamark,855,868,253,289
201807081044_067,17,52,Seamark,917,934,248,300
201807081044_068,25,87,Seamark,968,993,257,344
201807081044_065,5,15,Seamark,434,439,265,280
201807081044_066,12,25,Seamark,434,446,261,286
201807081044_067,10,28,Seamark,313,323,263,291
201807081044_068,11,32,Seamark,48,59,281,313
201807081044_067,6,15,Seamark,1192,1198,256,271
201807081044_068,10,30,Seamark,1162,1172,249,279
201807081044_069,10,28,Seamark,1170,1180,248,276
201807081044_070,9,25,Seamark,1085,1094,251,276
201807081044_071,7,25,Seamark,1110,1117,247,272
201807081044_070,13,10,Boat,1064,1077,258,268
201807081044_071,12,11,Boat,1009,1021,255,266
201807081044_067,7,17,Seamark,858,865,252,269
201807081044_068,8,19,Seamark,761,769,255,274
201807081044_069,10,24,Seamark,710,720,254,278
201807081044_070,10,23,Seamark,543,553,259,282
201807081044_071,6,23,Seamark,439,445,258,281
201807081044_011,31,16,Miscboat,834,865,241,257
201807081044_018,49,18,Motorboat,950,999,262,280
201807081044_020,33,22,Motorboat,349,382,261,283
201807081044_020,32,13,Motorboat,388,420,269,282
201807081044_059,22,7,Boat,1113,1135,265,272
201807081044_017,38,102,Sailboat,699,737,173,275
201807081044_018,17,106,Sailboat,926,943,175,281
201807081044_017,17,132,Sailboat,408,425,152,284
201807081044_017,23,133,Sailboat,314,337,153,286
201807081044_033,21,54,Sailboat,404,425,220,274
201807081044_062,39,42,Sailboat,1152,1191,226,268
201807081044_063,58,52,Sailboat,664,722,222,274
201807081044_019,34,18,Boat,988,1022,267,285
201807081044_034,15,13,Motorboat,290,305,257,270
201807081044_034,16,7,Boat,347,363,266,273
201807081044_039,103,36,Motorboat,862,965,232,268
201807081044_040,79,29,Motorboat,379,458,242,271
201807081044_023,64,35,Militaryship,3,67,245,280
201807081044_032,22,13,Boat,603,625,273,286
201807081044_048,88,30,Militaryship,556,644,250,280
201807081044_049,81,49,Militaryship,402,483,223,272
201807081044_052,92,66,Militaryship,1113,1205,208,274
201807081044_068,23,15,Boat,467,490,280,295
201807081044_068,23,14,Boat,497,520,280,294
201807081044_000,41,126,Seamark,1226,1267,247,373
201807081044_004,11,26,Seamark,44,55,266,292
201807081044_004,6,13,Seamark,251,257,258,271
201807081044_007,8,22,Seamark,132,140,266,288
201807081044_018,21,26,Miscellaneous,208,229,331,357
201807081044_064,10,21,Seamark,216,226,268,289
201807081044_064,5,11,Seamark,1205,1210,253,264
201807081044_064,8,16,Seamark,886,894,253,269
201807081044_071,21,43,Cruiseship,1121,1142,211,254
201807081114_000,26,69,Seamark,814,840,254,323
201807081114_001,27,156,Seamark,1254,1281,288,444
201807081114_002,9,12,Miscboat,623,632,252,264
201807081114_003,27,16,Motorboat,634,661,254,270
201807081114_004,39,19,Motorboat,388,427,263,282
201807081114_005,44,16,Motorboat,147,191,282,298
201807081114_002,19,11,Motorboat,755,774,251,262
201807081114_003,26,17,Motorboat,710,736,250,267
201807081114_004,34,21,Motorboat,570,604,257,278
201807081114_005,96,68,Motorboat,390,486,264,332
201807081114_006,30,13,Boat,552,582,278,291
201807081114_007,59,21,Boat,173,232,296,317
201807081114_001,6,14,Seamark,829,835,257,271
201807081114_002,8,18,Seamark,674,682,252,270
201807081114_003,9,22,Seamark,673,682,251,273
201807081114_004,10,26,Seamark,665,675,254,280
201807081114_005,12,38,Seamark,809,821,251,289
201807081114_006,25,67,Seamark,762,787,260,327
201807081114_007,65,209,Seamark,1144,1209,242,451
201807081114_007,19,13,Motorboat,902,921,255,268
201807081114_008,40,18,Motorboat,513,553,266,284
201807081114_005,12,11,Motorboat,801,813,253,264
201807081114_006,27,16,Motorboat,684,711,260,276
201807081114_008,20,13,Motorboat,737,757,257,270
201807081114_009,44,23,Motorboat,402,446,276,299
201807081114_004,55,39,Motorboat,337,392,285,324
201807081114_005,29,23,Motorboat,697,726,273,296
201807081114_006,24,17,Motorboat,713,737,279,296
201807081114_007,21,16,Motorboat,937,958,263,279
201807081114_008,17,12,Motorboat,836,853,259,271
201807081114_009,21,15,Motorboat,800,821,258,273
201807081114_010,17,18,Motorboat,809,826,267,285
201807081114_002,16,27,Cruiseship,614,630,230,257
201807081114_003,18,30,Cruiseship,599,617,229,259
201807081114_004,24,40,Cruiseship,585,609,226,266
201807081114_005,19,35,Cruiseship,704,723,225,260
201807081114_006,21,38,Cruiseship,570,591,233,271
201807081114_007,22,41,Cruiseship,675,697,221,262
201807081114_008,24,42,Cruiseship,498,522,222,264
201807081114_005,20,14,Militaryship,659,679,248,262
201807081114_006,22,15,Militaryship,516,538,258,273
201807081114_007,23,15,Militaryship,616,639,247,262
201807081114_008,21,15,Militaryship,431,452,254,269
201807081114_002,37,41,Militaryship,546,583,221,262
201807081114_003,49,43,Militaryship,520,569,218,261
201807081114_004,62,53,Militaryship,495,557,216,269
201807081114_005,43,44,Militaryship,611,654,219,263
201807081114_006,67,48,Militaryship,468,535,226,274
201807081114_007,72,45,Militaryship,548,620,220,265
201807081114_008,47,49,Militaryship,372,419,221,270
201807081114_009,51,53,Militaryship,226,277,228,281
201807081114_010,64,66,Militaryship,227,291,223,289
201807081114_011,94,45,Militaryship,10,104,246,291
201807081114_008,5,15,Seamark,887,892,252,267
201807081114_009,6,16,Seamark,828,834,257,273
201807081114_010,13,37,Seamark,929,942,254,291
201807081114_011,18,62,Seamark,906,924,248,310
201807081114_011,41,19,Passengership,653,694,251,270
201807081114_012,86,35,Passengership,333,419,253,288
201807081114_008,39,13,Passengership,981,1020,244,257
201807081114_009,49,18,Passengership,758,807,245,263
201807081114_010,75,29,Passengership,649,724,248,277
201807081114_011,138,45,Passengership,110,248,255,300
201807081114_012,29,65,Cruiseship,31,60,224,289
201807081114_013,8,23,Seamark,841,849,256,279
201807081114_014,12,35,Seamark,868,880,265,300
201807081114_015,27,116,Seamark,1067,1094,293,409
201807081114_008,85,26,Militaryship,1166,1251,230,256
201807081114_009,99,30,Militaryship,1108,1207,230,260
201807081114_010,94,28,Militaryship,1198,1292,234,262
201807081114_011,68,48,Militaryship,1136,1204,218,266
201807081114_012,130,72,Militaryship,1095,1225,195,267
201807081114_013,143,79,Militaryship,1124,1267,188,267
201807081114_014,98,73,Militaryship,1177,1275,199,272
201807081114_015,132,87,Militaryship,1144,1276,194,281
201807081114_013,14,31,Sailboat,931,945,231,262
201807081114_014,17,38,Sailboat,884,901,231,269
201807081114_015,25,65,Sailboat,654,679,219,284
201807081114_016,88,213,Sailboat,193,281,145,358
201807081114_013,9,21,Seamark,857,866,249,270
201807081114_014,7,23,Seamark,856,863,257,280
201807081114_015,17,46,Seamark,794,811,252,298
201807081114_016,33,106,Seamark,889,922,244,350
201807081114_017,8,35,Seamark,1012,1020,264,299
201807081114_018,10,74,Seamark,1136,1146,280,354
201807081114_016,25,22,Motorboat,992,1017,262,284
201807081114_017,74,41,Motorboat,1157,1231,282,323
201807081114_016,27,16,Motorboat,626,653,269,285
201807081114_017,51,26,Motorboat,157,208,295,321
201807081114_017,139,49,Militaryship,1136,1275,233,282
201807081114_018,164,42,Militaryship,1114,1278,246,288
201807081114_020,75,18,Motorboat,930,1005,243,261
201807081114_021,72,20,Motorboat,1102,1174,239,259
201807081114_022,20,17,Motorboat,237,257,267,284
201807081114_023,47,35,Militaryship,138,185,278,313
201807081114_026,36,25,Militaryship,557,593,254,279
201807081114_027,56,33,Militaryship,794,850,248,281
201807081114_028,115,64,Militaryship,965,1080,232,296
201807081114_029,146,58,Militaryship,1087,1233,247,305
201807081114_030,175,97,Militaryship,1080,1255,234,331
201807081114_026,39,81,Militaryship,221,260,201,282
201807081114_027,53,103,Militaryship,384,437,178,281
201807081114_028,78,138,Militaryship,390,468,145,283
201807081114_029,113,112,Militaryship,390,503,172,284
201807081114_030,146,185,Militaryship,286,432,112,297
201807081114_031,190,224,Militaryship,254,444,84,308
201807081114_032,347,223,Militaryship,127,474,108,331
201807081114_033,465,402,Militaryship,0,465,6,408
201807081114_026,38,40,Militaryship,328,366,238,278
201807081114_027,51,70,Militaryship,516,567,205,275
201807081114_028,64,83,Militaryship,576,640,193,276
201807081114_029,58,102,Militaryship,649,707,172,274
201807081114_030,57,115,Militaryship,606,663,169,284
201807081114_031,86,132,Militaryship,678,764,153,285
201807081114_032,145,107,Militaryship,845,990,182,289
201807081114_033,266,127,Militaryship,1006,1272,188,315
201807081114_032,56,75,Militaryship,797,853,201,276
201807081114_033,83,47,Militaryship,836,919,214,261
201807081114_035,100,62,Militaryship,523,623,206,268
201807081114_038,151,67,Militaryship,600,751,205,272
201807081114_039,178,99,Militaryship,594,772,178,277
201807081114_033,44,88,Militaryship,918,962,190,278
201807081114_034,62,109,Militaryship,924,986,168,277
201807081114_035,108,151,Militaryship,708,816,141,292
201807081114_036,235,238,Militaryship,843,1078,88,326
201807081114_037,326,404,Militaryship,955,1281,1,405
201807081114_040,61,100,Militaryship,736,797,179,279
201807081114_041,128,146,Militaryship,641,769,145,291
201807081114_042,321,170,Militaryship,840,1161,166,336
201807081114_043,179,231,Militaryship,1098,1277,213,444
201807081114_040,250,188,Militaryship,774,1024,112,300
201807081114_041,505,367,Militaryship,761,1266,7,374
201807081114_038,212,122,Militaryship,956,1168,181,303
201807081114_039,152,215,Militaryship,1124,1276,119,334
201807081114_029,37,87,Cruiseship,504,541,187,274
201807081114_030,54,86,Cruiseship,426,480,189,275
201807081114_031,62,150,Cruiseship,442,504,131,281
201807081114_032,106,133,Cruiseship,475,581,158,291
201807081114_033,171,183,Cruiseship,466,637,120,303
201807081114_034,547,417,Cruiseship,0,547,1,418
201807081114_029,19,34,Militaryship,539,558,232,266
201807081114_030,22,43,Militaryship,475,497,231,274
201807081114_031,26,45,Militaryship,503,529,226,271
201807081114_032,38,45,Militaryship,584,622,227,272
201807081114_033,46,56,Militaryship,640,686,219,275
201807081114_034,68,104,Militaryship,554,622,184,288
201807081114_035,118,124,Militaryship,173,291,195,319
201807081114_036,228,176,Militaryship,1,229,192,368
201807081114_037,141,425,Sailboat,0,141,1,426
201807081114_032,8,31,Sailboat,699,707,233,264
201807081114_033,17,47,Sailboat,775,792,220,267
201807081114_034,18,48,Sailboat,729,747,220,268
201807081114_035,25,114,Sailboat,438,463,168,282
201807081114_036,48,200,Sailboat,425,473,106,306
201807081114_037,45,21,Passengership,402,447,264,285
201807081114_038,55,26,Passengership,325,380,269,295
201807081114_039,99,40,Passengership,127,226,277,317
201807081114_028,28,106,Sailboat,486,514,158,264
201807081114_029,54,117,Sailboat,531,585,149,266
201807081114_030,46,112,Sailboat,485,531,153,265
201807081114_031,42,128,Sailboat,524,566,136,264
201807081114_032,66,133,Sailboat,604,670,131,264
201807081114_033,62,156,Sailboat,682,744,107,263
201807081114_034,63,200,Sailboat,625,688,70,270
201807081114_035,136,256,Sailboat,271,407,33,289
201807081114_036,195,300,Sailboat,270,465,0,300
201807081114_037,260,322,Sailboat,162,422,0,322
201807081114_038,345,350,Sailboat,0,345,0,350
201807081114_039,149,344,Sailboat,3,152,2,346
201807081114_039,24,22,Motorboat,251,275,274,296
201807081114_040,49,41,Motorboat,211,260,276,317
201807081114_038,6,7,Miscboat,429,435,263,270
201807081114_039,19,14,Motorboat,407,426,259,273
201807081114_040,16,17,Motorboat,509,525,261,278
201807081114_041,30,21,Motorboat,258,288,276,297
201807081114_042,26,9,Motorboat,379,405,265,274
201807081114_043,34,14,Motorboat,339,373,268,282
201807081114_044,32,78,Sailboat,320,352,205,283
201807081114_038,14,8,Boat,465,479,263,271
201807081114_039,15,9,Boat,458,473,263,272
201807081114_040,17,16,Boat,546,563,261,277
201807081114_041,24,16,Boat,346,370,273,289
201807081114_042,33,22,Boat,452,485,271,293
201807081114_043,48,38,Boat,355,403,279,317
201807081114_032,14,33,Sailboat,752,766,226,259
201807081114_033,15,36,Sailboat,826,841,220,256
201807081114_034,20,43,Sailboat,778,798,216,259
201807081114_035,21,53,Sailboat,501,522,212,265
201807081114_036,21,54,Sailboat,586,607,209,263
201807081114_037,28,53,Sailboat,586,614,214,267
201807081114_038,28,77,Sailboat,562,590,190,267
201807081114_039,29,85,Sailboat,557,586,186,271
201807081114_040,40,111,Sailboat,694,734,162,273
201807081114_041,55,145,Sailboat,575,630,133,278
201807081114_042,93,219,Sailboat,724,817,76,295
201807081114_043,177,336,Sailboat,762,939,1,337
201807081114_041,18,9,Motorboat,289,307,266,275
201807081114_044,51,19,Motorboat,279,330,272,291
201807081114_045,69,20,Motorboat,174,243,282,302
201807081114_046,68,19,Boat,1,69,308,327
201807081114_041,9,36,Sailboat,443,452,231,267
201807081114_042,22,45,Sailboat,571,593,222,267
201807081114_043,26,62,Sailboat,573,599,208,270
201807081114_044,23,67,Sailboat,605,628,199,266
201807081114_045,24,95,Sailboat,652,676,177,272
201807081114_046,30,129,Sailboat,695,725,144,273
201807081114_047,38,154,Sailboat,753,791,128,282
201807081114_048,59,197,Sailboat,817,876,81,278
201807081114_049,81,92,Motorboat,874,955,217,309
201807081114_050,90,166,Motorboat,1190,1280,218,384
201807081114_044,47,51,Miscboat,642,689,228,279
201807081114_045,60,85,Miscboat,699,759,207,292
201807081114_046,113,135,Miscboat,802,915,187,322
201807081114_047,255,227,Miscboat,997,1252,155,382
201807081114_041,23,21,Motorboat,450,473,249,270
201807081114_042,27,23,Motorboat,578,605,247,270
201807081114_043,34,24,Motorboat,580,614,248,272
201807081114_044,21,25,Motorboat,618,639,248,273
201807081114_045,33,31,Motorboat,662,695,245,276
201807081114_046,49,57,Motorboat,715,764,232,289
201807081114_047,85,85,Motorboat,789,874,223,308
201807081114_048,213,142,Motorboat,1022,1235,216,358
201807081114_047,57,131,Sailboat,302,359,162,293
201807081114_048,126,38,Motorboat,117,243,287,325
201807081114_048,79,272,Sailboat,927,1006,37,309
201807081114_049,83,264,Sailboat,992,1075,59,323
201807081114_050,175,327,Sailboat,1011,1186,16,343
201807081114_048,31,28,Motorboat,853,884,267,295
201807081114_049,59,55,Motorboat,933,992,275,330
201807081114_044,25,60,Sailboat,401,426,213,273
201807081114_045,25,60,Sailboat,428,453,209,269
201807081114_046,30,72,Sailboat,425,455,201,273
201807081114_047,44,112,Sailboat,421,465,175,287
201807081114_048,55,141,Sailboat,381,436,158,299
201807081114_049,70,181,Sailboat,228,298,140,321
201807081114_050,79,236,Sailboat,43,122,117,353
201807081114_047,32,118,Sailboat,376,408,171,289
201807081114_048,65,162,Sailboat,320,385,138,300
201807081114_049,120,229,Sailboat,155,275,96,325
201807081114_050,155,49,Motorboat,57,212,280,329
201807081114_050,65,139,Sailboat,256,321,167,306
201807081114_051,122,53,Ferry,59,181,262,315
201807081114_049,60,52,Passengership,793,853,227,279
201807081114_050,118,62,Passengership,837,955,224,286
201807081114_051,216,122,Passengership,882,1098,198,320
201807081114_052,66,212,Sailboat,997,1063,112,324
201807081114_053,99,230,Passengership,1181,1280,160,390
201807081114_050,38,31,Miscboat,425,463,246,277
201807081114_051,50,40,Miscboat,315,365,247,287
201807081114_052,85,53,Miscboat,180,265,253,306
201807081114_053,133,75,Miscboat,8,141,252,327
201807081114_049,36,33,Passengership,761,797,235,268
201807081114_050,44,42,Passengership,784,828,234,276
201807081114_051,72,58,Passengership,756,828,228,286
201807081114_052,119,107,Passengership,852,971,203,310
201807081114_053,155,104,Passengership,1025,1180,225,329
201807081114_053,88,48,Miscboat,920,1008,251,299
201807081114_054,169,82,Miscboat,1015,1184,250,332
201807081114_050,45,34,Passengership,458,503,240,274
201807081114_051,60,50,Passengership,347,407,230,280
201807081114_052,86,93,Passengership,272,358,203,296
201807081114_053,156,118,Passengership,160,316,188,306
201807081114_054,178,163,Passengership,6,184,177,340
201807081114_053,39,43,Miscboat,876,915,249,292
201807081114_054,77,60,Miscboat,919,996,247,307
201807081114_053,56,44,Passengership,325,381,243,287
201807081114_054,97,73,Passengership,193,290,230,303
201807081114_053,19,23,Motorboat,812,831,253,276
201807081114_054,30,29,Motorboat,806,836,249,278
201807081114_055,62,63,Motorboat,986,1048,240,303
201807081114_056,154,86,Miscboat,1051,1205,253,339
201807081114_053,33,30,Motorboat,777,810,242,272
201807081114_054,41,37,Motorboat,762,803,240,277
201807081114_055,53,49,Motorboat,882,935,238,287
201807081114_056,127,81,Motorboat,932,1059,234,315
201807081114_050,26,27,Passengership,526,552,241,268
201807081114_051,32,23,Passengership,449,481,248,271
201807081114_052,33,24,Passengership,436,469,250,274
201807081114_053,47,33,Passengership,443,490,241,274
201807081114_054,53,37,Passengership,375,428,241,278
201807081114_055,79,53,Passengership,345,424,237,290
201807081114_056,107,58,Passengership,130,237,249,307
201807081114_057,85,95,Passengership,0,85,248,343
201807081114_053,37,23,Passengership,558,595,243,266
201807081114_054,53,35,Passengership,499,552,235,270
201807081114_055,48,39,Passengership,541,589,234,273
201807081114_056,53,36,Passengership,436,489,237,273
201807081114_057,87,40,Passengership,401,488,243,283
201807081114_058,114,59,Passengership,242,356,239,298
201807081114_059,162,79,Passengership,99,261,236,315
201807081114_060,51,72,Passengership,0,51,253,325
201807081114_050,9,12,Miscboat,609,618,249,261
201807081114_051,10,13,Miscboat,543,553,249,262
201807081114_052,11,14,Miscboat,551,562,248,262
201807081114_053,12,16,Miscboat,594,606,247,263
201807081114_054,13,18,Miscboat,550,563,246,264
201807081114_055,14,20,Miscboat,593,607,245,265
201807081114_056,22,21,Miscboat,491,513,249,270
201807081114_057,26,25,Miscboat,485,511,248,273
201807081114_058,62,37,Miscboat,347,409,247,284
201807081114_059,72,41,Miscboat,282,354,256,297
201807081114_060,128,62,Miscboat,72,200,256,318
201807081114_050,8,13,Motorboat,618,626,248,261
201807081114_051,9,14,Motorboat,554,563,249,263
201807081114_052,10,15,Motorboat,563,573,248,263
201807081114_053,13,16,Motorboat,607,620,247,263
201807081114_054,14,18,Motorboat,564,578,247,265
201807081114_055,15,20,Motorboat,609,624,246,266
201807081114_056,18,23,Motorboat,515,533,247,270
201807081114_057,19,24,Motorboat,516,535,246,270
201807081114_058,45,30,Motorboat,398,443,252,282
201807081114_059,40,25,Motorboat,361,401,262,287
201807081114_060,62,29,Motorboat,213,275,270,299
201807081114_061,107,72,Miscboat,1041,1148,252,324
201807081114_062,246,91,Miscboat,844,1090,261,352
201807081114_000,156,117,Motorboat,643,799,299,416
201807081114_023,22,9,Motorboat,1004,1026,251,260
201807081114_023,16,15,Motorboat,978,994,249,264
201807081114_023,18,11,Boat,958,976,253,264
201807081114_032,10,6,Passengership,672,682,258,264
201807081114_044,87,164,Miscboat,1193,1280,292,456
201807081114_047,96,42,Motorboat,23,119,290,332
201807081114_047,76,36,Motorboat,116,192,281,317
201807081114_059,60,69,Motorboat,1023,1083,243,312
201807081114_062,95,34,Motorboat,602,697,268,302
201807081114_044,26,62,Sailboat,441,467,209,271
201807081114_046,68,176,Sailboat,50,118,148,324
201807081114_050,127,206,Sailboat,128,255,113,319
201807081114_053,40,110,Sailboat,837,877,168,278
201807081114_046,60,18,Ferry,523,583,252,270
201807081114_052,84,53,Passengership,1,85,272,325
201807081114_052,79,64,Passengership,92,171,253,317
201807081114_049,102,85,Miscboat,1073,1175,273,358
201807081114_056,26,16,Boat,330,356,276,292
201807081114_057,57,27,Boat,0,57,319,346
201807081114_012,36,53,Cruiseship,55,91,237,290
201807081114_029,23,47,Militaryship,708,731,212,259
201807081114_030,80,78,Militaryship,790,870,192,270
201807081114_037,81,146,Militaryship,872,953,140,286
201807081114_035,137,165,Militaryship,31,168,171,336
201807081114_008,48,17,Miscboat,180,228,267,284
201807081114_017,17,13,Miscboat,841,858,251,264
201807081114_045,55,16,Ferry,573,628,249,265
201807081114_059,37,19,Boat,59,96,315,334
201807081114_001,6,15,Seamark,433,439,265,280
201807081114_002,4,11,Seamark,230,234,270,281
201807081114_007,6,16,Seamark,299,305,265,281
201807081114_016,7,29,Seamark,1068,1075,259,288
201807081114_041,18,9,Ferry,424,442,257,266
201807081114_047,48,19,Ferry,529,577,251,270
201807081144_000,150,73,Motorboat,797,947,235,308
201807081144_001,88,109,Motorboat,0,88,248,357
201807081144_001,29,31,Motorboat,465,494,245,276
201807081144_002,41,33,Motorboat,252,293,252,285
201807081144_003,59,45,Motorboat,291,350,247,292
201807081144_004,115,82,Motorboat,99,214,244,326
201807081144_001,83,48,Passengership,905,988,229,277
201807081144_002,133,61,Passengership,825,958,227,288
201807081144_003,201,136,Passengership,1067,1268,184,320
201807081144_003,26,30,Miscboat,345,371,256,286
201807081144_004,45,40,Motorboat,255,300,256,296
201807081144_005,89,194,Sailboat,29,118,130,324
201807081144_002,49,16,Ferry,376,425,250,266
201807081144_003,66,26,Ferry,529,595,241,267
201807081144_004,75,18,Ferry,580,655,246,264
201807081144_005,86,32,Ferry,635,721,241,273
201807081144_001,36,47,Passengership,790,826,221,268
201807081144_002,52,38,Passengership,662,714,235,273
201807081144_003,55,48,Passengership,821,876,232,280
201807081144_004,76,92,Passengership,900,976,196,288
201807081144_005,158,124,Passengership,1113,1271,200,324
201807081144_002,23,22,Miscboat,307,330,256,278
201807081144_003,25,24,Miscboat,403,428,254,278
201807081144_004,28,28,Miscboat,359,387,252,280
201807081144_005,54,34,Miscboat,169,223,266,300
201807081144_001,43,49,Passengership,746,789,215,264
201807081144_002,59,51,Passengership,608,667,222,273
201807081144_003,69,62,Passengership,750,819,214,276
201807081144_004,87,87,Passengership,800,887,194,281
201807081144_005,179,133,Passengership,866,1045,168,301
201807081144_003,24,45,Sailboat,496,520,216,261
201807081144_004,24,19,Motorboat,494,518,242,261
201807081144_005,20,21,Motorboat,463,483,243,264
201807081144_006,19,20,Motorboat,543,562,242,262
201807081144_007,21,23,Motorboat,555,576,242,265
201807081144_008,28,25,Motorboat,514,542,242,267
201807081144_009,54,37,Motorboat,460,514,240,277
201807081144_010,58,49,Motorboat,378,436,234,283
201807081144_011,107,69,Motorboat,156,263,244,313
201807081144_012,60,140,Motorboat,1,61,209,349
201807081144_002,18,18,Miscboat,329,347,254,272
201807081144_003,27,26,Miscboat,425,452,249,275
201807081144_004,38,29,Miscboat,387,425,246,275
201807081144_005,63,33,Miscboat,243,306,258,291
201807081144_006,163,102,Miscboat,14,177,240,342
201807081144_005,56,43,Miscboat,820,876,239,282
201807081144_006,168,83,Miscboat,1083,1251,233,316
201807081144_003,22,28,Miscboat,384,406,251,279
201807081144_004,26,113,Sailboat,322,348,172,285
201807081144_002,26,21,Passengership,586,612,247,268
201807081144_003,29,31,Passengership,727,756,240,271
201807081144_004,30,32,Passengership,756,786,240,272
201807081144_005,31,33,Passengership,789,820,243,276
201807081144_006,77,49,Passengership,989,1066,239,288
201807081144_007,125,184,Sailboat,1155,1280,135,319
201807081144_002,25,30,Passengership,341,366,241,271
201807081144_003,18,25,Passengership,462,480,243,268
201807081144_004,29,31,Passengership,436,465,238,269
201807081144_005,46,42,Passengership,340,386,236,278
201807081144_006,97,61,Passengership,296,393,229,290
201807081144_007,201,134,Passengership,0,201,209,343
201807081144_005,31,32,Passengership,312,343,250,282
201807081144_006,120,79,Passengership,177,297,222,301
201807081144_005,37,65,Sailboat,745,782,202,267
201807081144_006,64,93,Sailboat,904,968,189,282
201807081144_006,96,28,Ferry,808,904,247,275
201807081144_007,192,72,Ferry,942,1134,226,298
201807081144_008,83,246,Sailboat,1025,1108,59,305
201807081144_009,212,42,Motorboat,1066,1278,260,302
201807081144_007,66,24,Motorboat,881,947,260,284
201807081144_008,88,38,Motorboat,1063,1151,276,314
201807081144_004,26,22,Passengership,458,484,242,264
201807081144_005,42,31,Passengership,385,427,242,273
201807081144_006,88,55,Passengership,398,486,223,278
201807081144_007,154,84,Passengership,285,439,214,298
201807081144_008,260,158,Passengership,0,260,190,348
201807081144_008,60,37,Passengership,274,334,259,296
201807081144_009,77,78,Passengership,1,78,260,338
201807081144_006,20,83,Sailboat,720,740,185,268
201807081144_008,76,162,Sailboat,813,889,114,276
201807081144_009,66,193,Sailboat,919,985,107,300
201807081144_010,162,288,Sailboat,996,1158,27,315
201807081144_011,90,335,Sailboat,1183,1273,23,358
201807081144_006,33,79,Sailboat,773,806,193,272
201807081144_007,98,125,Sailboat,836,934,163,288
201807081144_008,173,203,Sailboat,900,1073,92,295
201807081144_009,181,308,Sailboat,1092,1273,20,328
201807081144_010,178,345,Sailboat,1103,1281,5,350
201807081144_008,51,43,Motorboat,424,475,236,279
201807081144_009,72,68,Motorboat,300,372,227,295
201807081144_010,168,145,Motorboat,12,180,200,345
201807081144_008,24,23,Motorboat,488,512,253,276
201807081144_009,40,26,Motorboat,418,458,258,284
201807081144_010,48,39,Motorboat,284,332,269,308
201807081144_009,50,136,Sailboat,374,424,150,286
201807081144_010,69,228,Sailboat,215,284,80,308
201807081144_011,102,338,Sailboat,8,110,5,343
201807081144_010,64,30,Motorboat,814,878,250,280
201807081144_011,115,47,Motorboat,874,989,255,302
201807081144_012,112,170,Sailboat,936,1048,132,302
201807081144_013,133,56,Motorboat,1089,1222,270,326
201807081144_005,22,90,Sailboat,436,458,175,265
201807081144_006,25,107,Sailboat,499,524,159,266
201807081144_007,31,147,Sailboat,484,515,129,276
201807081144_008,52,205,Sailboat,388,440,78,283
201807081144_009,94,309,Sailboat,201,295,1,310
201807081144_011,53,58,Militaryship,291,344,228,286
201807081144_012,96,84,Militaryship,219,315,219,303
201807081144_009,30,132,Sailboat,442,472,148,280
201807081144_010,46,183,Sailboat,332,378,106,289
201807081144_011,17,22,Miscboat,454,471,246,268
201807081144_012,20,30,Miscboat,509,529,238,268
201807081144_013,23,29,Miscboat,447,470,241,270
201807081144_014,33,24,Miscboat,312,345,253,277
201807081144_015,66,50,Miscboat,60,126,256,306
201807081144_011,22,11,Boat,521,543,255,266
201807081144_012,29,24,Boat,579,608,245,269
201807081144_013,42,16,Boat,521,563,256,272
201807081144_014,52,20,Boat,413,465,263,283
201807081144_015,112,34,Boat,181,293,285,319
201807081144_013,26,55,Militaryship,498,524,208,263
201807081144_014,47,49,Militaryship,385,432,218,267
201807081144_015,87,93,Militaryship,236,323,186,279
201807081144_016,145,152,Militaryship,80,225,152,304
201807081144_013,32,49,Militaryship,523,555,210,259
201807081144_014,55,37,Militaryship,418,473,226,263
201807081144_015,64,93,Militaryship,325,389,181,274
201807081144_016,131,144,Militaryship,233,364,146,290
201807081144_017,257,190,Militaryship,25,282,111,301
201807081144_018,128,127,Militaryship,0,128,194,321
201807081144_014,16,12,Miscboat,665,681,250,262
201807081144_015,18,13,Miscboat,632,650,252,265
201807081144_016,36,25,Miscboat,680,716,249,274
201807081144_017,31,21,Miscboat,747,778,259,280
201807081144_018,55,45,Miscboat,844,899,260,305
201807081144_017,43,16,Cruiseship,703,746,257,273
201807081144_018,98,38,Ferry,770,868,248,286
201807081144_019,158,52,Ferry,872,1030,260,312
201807081144_020,107,78,Passengership,1165,1272,293,371
201807081144_018,11,13,Miscboat,711,722,246,259
201807081144_019,14,13,Boat,736,750,248,261
201807081144_020,17,9,Boat,821,838,253,262
201807081144_021,12,10,Boat,605,617,257,267
201807081144_022,17,15,Boat,541,558,263,278
201807081144_023,44,36,Boat,289,333,298,334
201807081144_013,50,32,Militaryship,556,606,225,257
201807081144_014,62,28,Militaryship,473,535,231,259
201807081144_015,72,31,Militaryship,406,478,232,263
201807081144_016,98,51,Militaryship,411,509,218,269
201807081144_017,123,42,Militaryship,385,508,224,266
201807081144_018,168,84,Militaryship,332,500,188,272
201807081144_019,246,140,Militaryship,223,469,156,296
201807081144_020,394,183,Militaryship,86,480,123,306
201807081144_021,105,150,Militaryship,1,106,183,333
201807081144_003,32,48,Sailboat,596,628,204,252
201807081144_004,34,70,Sailboat,603,637,189,259
201807081144_005,30,62,Sailboat,586,616,196,258
201807081144_006,33,66,Sailboat,687,720,191,257
201807081144_007,43,57,Sailboat,720,763,188,245
201807081144_008,57,76,Sailboat,708,765,176,252
201807081144_009,38,74,Sailboat,719,757,176,250
201807081144_010,60,73,Sailboat,676,736,174,247
201807081144_011,61,83,Sailboat,650,711,163,246
201807081144_012,61,91,Sailboat,731,792,165,256
201807081144_013,80,88,Sailboat,700,780,169,257
201807081144_014,67,75,Sailboat,654,721,174,249
201807081144_015,74,144,Sailboat,617,691,111,255
201807081144_016,56,175,Sailboat,684,740,76,251
201807081144_017,132,214,Sailboat,711,843,34,248
201807081144_018,174,257,Sailboat,761,935,2,259
201807081144_019,224,274,Sailboat,832,1056,0,274
201807081144_020,276,346,Sailboat,1004,1280,0,346
201807081144_021,222,367,Sailboat,1058,1280,0,367
201807081144_019,49,80,Cruiseship,849,898,180,260
201807081144_020,81,75,Cruiseship,948,1029,184,259
201807081144_021,117,109,Cruiseship,744,861,159,268
201807081144_022,168,132,Cruiseship,740,908,141,273
201807081144_023,263,191,Cruiseship,755,1018,106,297
201807081144_024,478,350,Cruiseship,803,1281,10,360
201807081144_025,204,364,Cruiseship,1077,1281,1,365
201807081144_011,33,26,Militaryship,586,619,228,254
201807081144_012,38,30,Militaryship,661,699,222,252
201807081144_013,56,34,Militaryship,609,665,220,254
201807081144_014,34,36,Militaryship,563,597,221,257
201807081144_015,82,31,Militaryship,488,570,223,254
201807081144_016,77,52,Militaryship,518,595,214,266
201807081144_017,97,61,Militaryship,524,621,203,264
201807081144_018,140,87,Militaryship,530,670,183,270
201807081144_019,153,99,Militaryship,508,661,177,276
201807081144_020,190,104,Militaryship,539,729,168,272
201807081144_021,303,159,Militaryship,206,509,123,282
201807081144_022,422,253,Militaryship,2,424,87,340
201807081144_020,7,7,Militaryship,822,829,247,254
201807081144_021,12,11,Militaryship,592,604,244,255
201807081144_022,17,14,Militaryship,563,580,242,256
201807081144_023,23,12,Militaryship,516,539,246,258
201807081144_020,68,68,Militaryship,987,1055,206,274
201807081144_021,140,115,Militaryship,824,964,171,286
201807081144_022,220,165,Militaryship,875,1095,142,307
201807081144_023,234,354,Militaryship,1039,1273,10,364
201807081144_017,26,25,Militaryship,616,642,234,259
201807081144_018,43,31,Militaryship,631,674,230,261
201807081144_019,47,36,Militaryship,646,693,228,264
201807081144_020,52,65,Militaryship,715,767,195,260
201807081144_021,60,76,Militaryship,476,536,190,266
201807081144_022,74,97,Militaryship,430,504,177,274
201807081144_023,124,83,Militaryship,300,424,200,283
201807081144_024,237,188,Militaryship,94,331,104,292
201807081144_025,245,349,Militaryship,0,245,1,350
201807081144_023,67,83,Militaryship,232,299,200,283
201807081144_024,81,157,Militaryship,1,82,147,304
201807081144_025,45,26,Miscboat,378,423,250,276
201807081144_026,84,38,Miscboat,227,311,253,291
201807081144_019,34,67,Militaryship,818,852,192,259
201807081144_020,39,62,Militaryship,907,946,198,260
201807081144_021,64,77,Militaryship,691,755,188,265
201807081144_022,62,106,Militaryship,689,751,161,267
201807081144_023,85,138,Militaryship,666,751,134,272
201807081144_024,122,186,Militaryship,670,792,87,273
201807081144_025,191,288,Militaryship,781,972,23,311
201807081144_026,361,388,Militaryship,907,1268,9,397
201807081144_027,163,367,Militaryship,1117,1280,73,440
201807081144_025,50,50,Miscboat,312,362,230,280
201807081144_026,83,75,Miscboat,92,175,229,304
201807081144_022,11,40,Sailboat,599,610,217,257
201807081144_023,13,50,Sailboat,548,561,209,259
201807081144_024,16,67,Sailboat,518,534,198,265
201807081144_025,23,79,Sailboat,574,597,193,272
201807081144_026,74,307,Sailboat,441,515,14,321
201807081144_023,7,7,Passengership,578,585,252,259
201807081144_024,8,8,Passengership,538,546,256,264
201807081144_025,23,17,Passengership,596,619,251,268
201807081144_026,21,12,Passengership,630,651,256,268
201807081144_027,18,14,Passengership,419,437,259,273
201807081144_028,20,15,Passengership,250,270,263,278
201807081144_029,29,21,Passengership,92,121,264,285
201807081144_026,26,18,Passengership,537,563,244,262
201807081144_027,23,16,Passengership,381,404,253,269
201807081144_027,15,6,Boat,516,531,256,262
201807081144_028,16,13,Boat,378,394,261,274
201807081144_029,23,17,Boat,205,228,269,286
201807081144_027,12,8,Boat,559,571,253,261
201807081144_028,11,10,Boat,406,417,260,270
201807081144_029,22,16,Boat,251,273,266,282
201807081144_028,83,74,Militaryship,694,777,192,266
201807081144_029,97,96,Militaryship,598,695,175,271
201807081144_030,138,168,Militaryship,323,461,129,297
201807081144_029,70,43,Militaryship,795,865,218,261
201807081144_030,116,58,Militaryship,574,690,204,262
201807081144_031,158,84,Militaryship,419,577,196,280
201807081144_032,200,134,Militaryship,214,414,168,302
201807081144_032,34,18,Motorboat,413,447,250,268
201807081144_033,48,21,Motorboat,72,120,255,276
201807081144_032,50,21,Motorboat,459,509,244,265
201807081144_033,56,27,Motorboat,141,197,250,277
201807081144_034,55,28,Motorboat,5,60,260,288
201807081144_031,23,12,Motorboat,732,755,252,264
201807081144_032,29,10,Motorboat,793,822,252,262
201807081144_032,42,11,Miscboat,582,624,250,261
201807081144_033,30,13,Boat,297,327,264,277
201807081144_034,27,12,Boat,351,378,267,279
201807081144_032,17,11,Miscboat,947,964,247,258
201807081144_035,13,7,Miscboat,582,595,246,253
201807081144_032,100,103,Militaryship,980,1080,160,263
201807081144_033,184,148,Militaryship,703,887,126,274
201807081144_034,208,187,Militaryship,625,833,94,281
201807081144_035,339,300,Militaryship,43,382,7,307
201807081144_035,27,12,Motorboat,439,466,254,266
201807081144_036,26,18,Motorboat,451,477,254,272
201807081144_037,31,16,Motorboat,361,392,258,274
201807081144_035,53,70,Militaryship,383,436,192,262
201807081144_036,62,83,Militaryship,295,357,187,270
201807081144_037,73,103,Militaryship,33,106,184,287
201807081144_035,46,45,Militaryship,741,787,214,259
201807081144_036,75,65,Militaryship,677,752,202,267
201807081144_037,58,50,Militaryship,592,650,215,265
201807081144_038,79,54,Militaryship,442,521,214,268
201807081144_039,67,84,Militaryship,305,372,196,280
201807081144_040,219,115,Militaryship,111,330,180,295
201807081144_041,200,132,Militaryship,0,200,204,336
201807081144_042,23,31,Motorboat,1,24,279,310
201807081144_037,138,115,Militaryship,406,544,172,287
201807081144_038,227,200,Militaryship,16,243,127,327
201807081144_038,11,19,Seamark,334,345,252,271
201807081144_039,6,12,Seamark,156,162,254,266
201807081144_038,34,47,Sailboat,264,298,229,276
201807081144_039,30,54,Sailboat,153,183,228,282
201807081144_040,18,35,Sailboat,68,86,242,277
201807081144_039,19,18,Motorboat,409,428,250,268
201807081144_040,27,24,Motorboat,345,372,252,276
201807081144_038,12,8,Boat,370,382,256,264
201807081144_039,14,10,Boat,266,280,256,266
201807081144_040,23,15,Passengership,290,313,241,256
201807081144_041,17,24,Passengership,191,208,246,270
201807081144_042,26,32,Passengership,61,87,246,278
201807081144_043,297,73,Cargoship,748,1045,192,265
201807081144_044,336,76,Cargoship,937,1273,199,275
201807081144_042,6,10,Seamark,133,139,256,266
201807081144_043,5,15,Seamark,78,83,260,275
201807081144_044,6,16,Seamark,128,134,253,269
201807081144_045,11,17,Seamark,136,147,257,274
201807081144_046,9,18,Seamark,169,178,261,279
201807081144_047,10,20,Seamark,394,404,253,273
201807081144_048,18,29,Seamark,200,218,257,286
201807081144_049,10,34,Seamark,1,11,264,298
201807081144_047,39,18,Miscboat,714,753,243,261
201807081144_048,50,24,Miscboat,590,640,243,267
201807081144_049,40,28,Miscboat,518,558,240,268
201807081144_050,53,30,Miscboat,121,174,247,277
201807081144_049,45,51,Sailboat,1158,1203,226,277
201807081144_050,60,62,Sailboat,874,934,212,274
201807081144_051,54,89,Sailboat,733,787,190,279
201807081144_052,76,131,Sailboat,576,652,151,282
201807081144_053,109,177,Sailboat,437,546,114,291
201807081144_054,166,303,Sailboat,4,170,37,340
201807081144_049,41,22,Motorboat,891,932,250,272
201807081144_050,51,23,Motorboat,563,614,249,272
201807081144_051,57,24,Motorboat,322,379,260,284
201807081144_052,72,30,Motorboat,13,85,266,296
201807081144_049,36,65,Sailboat,825,861,206,271
201807081144_050,46,75,Sailboat,487,533,196,271
201807081144_049,27,12,Motorboat,1031,1058,259,271
201807081144_050,30,13,Motorboat,730,760,257,270
201807081144_051,41,16,Motorboat,537,578,261,277
201807081144_052,60,22,Motorboat,293,353,263,285
201807081144_053,76,26,Motorboat,64,140,269,295
201807081144_049,14,18,Motorboat,1094,1108,252,270
201807081144_050,28,20,Motorboat,791,819,247,267
201807081144_051,22,18,Motorboat,619,641,254,272
201807081144_052,31,35,Motorboat,419,450,244,279
201807081144_053,43,39,Motorboat,249,292,246,285
201807081144_048,33,11,Motorboat,227,260,262,273
201807081144_049,45,16,Motorboat,445,490,261,277
201807081144_050,48,14,Motorboat,431,479,262,276
201807081144_051,51,19,Motorboat,508,559,264,283
201807081144_052,76,23,Motorboat,523,599,262,285
201807081144_053,97,31,Motorboat,363,460,265,296
201807081144_051,6,18,Seamark,799,805,264,282
201807081144_052,6,42,Seamark,853,859,261,303
201807081144_053,12,65,Seamark,920,932,286,351
201807081144_052,7,32,Seamark,658,665,257,289
201807081144_053,6,35,Seamark,560,566,264,299
201807081144_054,18,61,Seamark,174,192,285,346
201807081144_055,9,15,Seamark,321,330,269,284
201807081144_056,7,18,Seamark,101,108,280,298
201807081144_055,52,19,Motorboat,724,776,259,278
201807081144_056,53,18,Motorboat,548,601,270,288
201807081144_057,79,37,Motorboat,499,578,267,304
201807081144_058,142,82,Motorboat,-2,140,315,397
201807081144_055,30,22,Motorboat,618,648,264,286
201807081144_056,43,21,Motorboat,492,535,265,286
201807081144_058,7,15,Seamark,692,699,250,265
201807081144_059,17,24,Seamark,347,364,256,280
201807081144_060,17,30,Seamark,157,174,260,290
201807081144_061,8,25,Seamark,89,97,271,296
201807081144_058,8,19,Seamark,1096,1104,246,265
201807081144_059,21,29,Seamark,889,910,247,276
201807081144_060,9,29,Seamark,799,808,247,276
201807081144_061,14,49,Seamark,904,918,241,290
201807081144_062,19,66,Seamark,856,875,243,309
201807081144_063,49,126,Seamark,913,962,242,368
201807081144_063,5,11,Seamark,811,816,250,261
201807081144_064,6,12,Seamark,819,825,248,260
201807081144_065,11,19,Seamark,716,727,246,265
201807081144_066,9,16,Seamark,731,740,251,267
201807081144_063,4,4,Seamark,740,744,251,255
201807081144_065,7,14,Seamark,620,627,248,262
201807081144_066,7,11,Seamark,617,624,252,263
201807081144_061,5,9,Seamark,758,763,248,257
201807081144_062,6,10,Seamark,606,612,250,260
201807081144_063,6,12,Seamark,511,517,254,266
201807081144_064,6,13,Seamark,491,497,254,267
201807081144_065,6,12,Seamark,348,354,259,271
201807081144_066,8,19,Seamark,288,296,262,281
201807081144_057,44,21,Motorboat,757,801,261,282
201807081144_058,25,16,Motorboat,876,901,257,273
201807081144_059,26,10,Motorboat,791,817,259,269
201807081144_060,19,19,Motorboat,785,804,249,268
201807081144_061,17,14,Motorboat,921,938,250,264
201807081144_062,13,12,Motorboat,819,832,252,264
201807081144_063,17,13,Motorboat,740,757,252,265
201807081144_064,19,14,Motorboat,731,750,250,264
201807081144_065,17,15,Motorboat,631,648,252,267
201807081144_066,13,14,Motorboat,635,648,252,266
201807081144_017,49,61,Miscboat,960,1009,214,275
201807081144_020,46,16,Miscboat,765,811,238,254
201807081144_026,11,6,Boat,593,604,251,257
201807081144_029,41,14,Miscboat,424,465,248,262
201807081144_029,23,14,Miscboat,744,767,243,257
201807081144_032,19,20,Miscboat,834,853,238,258
201807081144_032,29,12,Boat,759,788,250,262
201807081144_035,8,7,Boat,569,577,257,264
201807081144_041,17,16,Miscboat,172,189,255,271
201807081144_047,61,31,Miscboat,672,733,229,260
201807081144_047,30,14,Miscboat,638,668,247,261
201807081144_050,131,152,Militaryship,1145,1276,164,316
201807081144_050,13,14,Motorboat,638,651,252,266
201807081144_056,96,30,Miscboat,919,1015,248,278
201807081144_010,73,374,Sailboat,1207,1280,0,374
201807081144_011,224,337,Sailboat,1056,1280,0,337
201807081144_011,55,139,Sailboat,837,892,149,288
201807081144_012,62,242,Sailboat,1094,1156,77,319
201807081144_011,56,118,Sailboat,779,835,163,281
201807081144_028,29,46,Sailboat,279,308,220,266
201807081144_000,24,28,Motorboat,1182,1206,244,272
201807081144_012,143,73,Motorboat,1137,1280,267,340
201807081144_020,7,7,Motorboat,834,841,246,253
201807081144_036,36,80,Sailboat,96,132,212,292
201807081144_036,36,15,Motorboat,352,388,265,280
201807081144_037,40,21,Motorboat,179,219,268,289
201807081144_036,35,19,Motorboat,301,336,260,279
201807081144_051,38,56,Sailboat,712,750,220,276
201807081144_051,40,17,Motorboat,840,880,268,285
201807081144_066,7,6,Motorboat,446,453,260,266
201807081144_020,38,92,Militaryship,1040,1078,186,278
201807081144_023,142,183,Militaryship,0,142,184,367
201807081144_025,118,277,Militaryship,967,1085,24,301
201807081144_032,16,20,Militaryship,962,978,238,258
201807081144_032,58,27,Militaryship,871,929,231,258
201807081144_035,106,67,Militaryship,417,523,192,259
201807081144_006,17,18,Miscboat,629,646,241,259
201807081144_025,61,55,Miscboat,246,307,225,280
201807081144_032,128,34,Passengership,55,183,248,282
201807081144_036,9,9,Miscboat,529,538,251,260
201807081144_036,12,10,Miscboat,578,590,246,256
201807081144_037,21,16,Boat,851,872,276,292
201807081144_036,2,7,Seamark,488,490,247,254
201807081144_036,4,11,Seamark,590,594,252,263
201807081144_036,5,10,Seamark,494,499,246,256
201807081144_036,8,13,Seamark,658,666,246,259
201807081144_036,6,11,Seamark,615,621,247,258
201807081144_039,8,12,Seamark,21,29,262,274
201807081144_040,10,27,Seamark,32,42,256,283
201807081144_039,7,10,Seamark,126,133,262,272
201807081144_039,4,7,Seamark,53,57,260,267
201807081144_061,5,9,Seamark,1013,1018,246,255
201807081144_066,6,11,Seamark,362,368,260,271
201807081144_009,19,10,Boat,616,635,249,259
201807081214_000,13,27,Seamark,98,111,266,293
201807081214_001,11,51,Seamark,49,60,257,308
201807081214_000,13,29,Seamark,789,802,248,277
201807081214_001,17,40,Seamark,1014,1031,241,281
201807081214_000,9,16,Seamark,288,297,258,274
201807081214_001,11,26,Seamark,385,396,247,273
201807081214_002,10,24,Seamark,348,358,251,275
201807081214_003,9,22,Seamark,134,143,266,288
201807081214_004,8,27,Seamark,235,243,264,291
201807081214_005,18,44,Seamark,203,221,267,311
201807081214_006,40,87,Seamark,199,239,266,353
201807081214_000,6,12,Seamark,608,614,253,265
201807081214_001,7,18,Seamark,757,764,246,264
201807081214_002,6,16,Seamark,795,801,250,266
201807081214_003,13,26,Seamark,706,719,247,273
201807081214_004,15,34,Seamark,1060,1075,247,281
201807081214_005,10,18,Seamark,1254,1264,253,271
201807081214_000,6,10,Seamark,631,637,249,259
201807081214_001,7,11,Seamark,780,787,248,259
201807081214_002,6,9,Seamark,812,818,249,258
201807081214_000,93,50,Miscboat,213,306,255,305
201807081214_001,64,38,Miscboat,509,573,252,290
201807081214_002,35,35,Miscboat,625,660,245,280
201807081214_003,46,35,Miscboat,541,587,247,282
201807081214_004,31,28,Miscboat,883,914,244,272
201807081214_005,26,34,Miscboat,1139,1165,243,277
201807081214_009,12,10,Boat,522,534,262,272
201807081214_010,37,18,Boat,716,753,259,277
201807081214_011,60,17,Boat,352,412,274,291
201807081214_007,37,12,Motorboat,339,376,264,276
201807081214_008,49,13,Motorboat,300,349,267,280
201807081214_009,45,12,Motorboat,244,289,270,282
201807081214_010,92,25,Motorboat,215,307,282,307
201807081214_007,34,91,Sailboat,229,263,189,280
201807081214_008,22,96,Sailboat,176,198,190,286
201807081214_009,66,165,Sailboat,57,123,133,298
201807081214_008,28,73,Sailboat,222,250,210,283
201807081214_009,39,94,Sailboat,142,181,191,285
201807081214_006,24,13,Motorboat,329,353,269,282
201807081214_007,23,8,Motorboat,311,334,265,273
201807081214_008,26,11,Motorboat,266,292,267,278
201807081214_009,11,16,Miscellaneous,315,326,287,303
201807081214_010,23,30,Miscellaneous,144,167,349,379
201807081214_014,147,35,Militaryship,5,152,256,291
201807081214_015,216,56,Militaryship,543,759,216,272
201807081214_016,223,45,Militaryship,933,1156,225,270
201807081214_017,137,65,Militaryship,1140,1277,205,270
201807081214_016,163,51,Militaryship,72,235,235,286
201807081214_017,188,75,Militaryship,122,310,208,283
201807081214_018,263,87,Militaryship,380,643,189,276
201807081214_019,296,95,Militaryship,885,1181,175,270
201807081214_020,38,14,Boat,159,197,278,292
201807081214_021,34,13,Boat,41,75,283,296
201807081214_020,167,41,Militaryship,467,634,230,271
201807081214_021,210,68,Militaryship,709,919,197,265
201807081214_022,94,57,Militaryship,1186,1280,220,277
201807081214_022,71,28,Militaryship,274,345,252,280
201807081214_023,79,35,Militaryship,648,727,231,266
201807081214_024,76,43,Militaryship,400,476,231,274
201807081214_025,97,30,Militaryship,737,834,240,270
201807081214_026,83,32,Militaryship,1191,1274,240,272
201807081214_024,39,28,Militaryship,32,71,259,287
201807081214_025,59,37,Militaryship,207,266,249,286
201807081214_026,84,29,Militaryship,536,620,242,271
201807081214_027,92,43,Militaryship,996,1088,218,261
201807081214_030,9,19,Seamark,1224,1233,248,267
201807081214_031,11,19,Seamark,1256,1267,248,267
201807081214_030,30,9,Boat,569,599,262,271
201807081214_031,36,11,Boat,860,896,259,270
201807081214_032,31,13,Boat,1193,1224,260,273
201807081214_033,22,9,Boat,373,395,263,272
201807081214_034,23,10,Boat,511,534,261,271
201807081214_035,25,11,Boat,718,743,259,270
201807081214_036,32,11,Boat,981,1013,257,268
201807081214_037,27,9,Boat,1155,1182,258,267
201807081214_030,30,13,Boat,6,36,283,296
201807081214_031,22,14,Boat,79,101,280,294
201807081214_032,15,9,Boat,127,142,278,287
201807081214_033,15,10,Boat,122,137,276,286
201807081214_034,29,10,Boat,81,110,278,288
201807081214_035,14,10,Boat,86,100,279,289
201807081214_036,26,9,Boat,105,131,278,287
201807081214_037,35,9,Boat,80,115,281,290
201807081214_038,31,12,Boat,31,62,279,291
201807081214_039,13,25,Seamark,1240,1253,244,269
201807081214_040,14,28,Seamark,1225,1239,241,269
201807081214_041,15,31,Seamark,1222,1237,239,270
201807081214_042,7,16,Seamark,1241,1248,248,264
201807081214_043,8,18,Seamark,1219,1227,247,265
201807081214_044,9,20,Seamark,1219,1228,246,266
201807081214_045,8,15,Seamark,1233,1241,250,265
201807081214_046,9,16,Seamark,1222,1231,250,266
201807081214_047,10,18,Seamark,1237,1247,248,266
201807081214_048,7,16,Seamark,1230,1237,249,265
201807081214_047,55,19,Passengership,1051,1106,245,264
201807081214_048,56,18,Passengership,667,723,247,265
201807081214_053,10,25,Seamark,1142,1152,249,274
201807081214_054,13,30,Seamark,1177,1190,252,282
201807081214_055,17,45,Seamark,1196,1213,266,311
201807081214_056,25,70,Seamark,1254,1279,249,319
201807081214_053,9,17,Seamark,749,758,254,271
201807081214_054,8,15,Seamark,632,640,256,271
201807081214_055,14,24,Seamark,416,430,267,291
201807081214_056,10,34,Seamark,121,131,274,308
201807081214_054,36,12,Boat,515,551,269,281
201807081214_055,54,16,Boat,15,69,289,305
201807081214_056,7,15,Seamark,648,655,254,269
201807081214_057,8,21,Seamark,463,471,264,285
201807081214_058,10,21,Seamark,312,322,270,291
201807081214_059,10,32,Seamark,65,75,279,311
201807081214_056,6,16,Seamark,1041,1047,250,266
201807081214_057,9,21,Seamark,942,951,254,275
201807081214_058,10,26,Seamark,951,961,249,275
201807081214_059,12,37,Seamark,942,954,251,288
201807081214_060,27,73,Seamark,1173,1200,241,314
201807081214_048,18,8,Motorboat,51,69,278,286
201807081214_049,24,14,Motorboat,189,213,268,282
201807081214_050,26,15,Motorboat,364,390,269,284
201807081214_051,33,12,Motorboat,406,439,268,280
201807081214_052,39,16,Motorboat,286,325,275,291
201807081214_053,50,16,Motorboat,162,212,285,301
201807081214_054,50,18,Motorboat,621,671,272,290
201807081214_055,30,20,Motorboat,818,848,273,293
201807081214_056,19,14,Motorboat,826,845,263,277
201807081214_057,17,14,Motorboat,801,818,264,278
201807081214_058,13,15,Motorboat,846,859,258,273
201807081214_059,14,16,Motorboat,824,838,254,270
201807081214_060,13,9,Motorboat,899,912,256,265
201807081214_060,33,11,Militaryship,813,846,249,260
201807081214_061,22,11,Militaryship,767,789,249,260
201807081214_062,20,10,Militaryship,606,626,255,265
201807081214_063,18,9,Militaryship,607,625,256,265
201807081214_064,35,18,Militaryship,468,503,254,272
201807081214_065,41,17,Militaryship,465,506,256,273
201807081214_066,38,19,Militaryship,395,433,259,278
201807081214_067,42,28,Militaryship,246,288,265,293
201807081214_068,50,58,Militaryship,247,297,235,293
201807081214_069,66,35,Militaryship,131,197,265,300
201807081214_063,7,16,Seamark,310,317,265,281
201807081214_064,8,22,Seamark,84,92,272,294
201807081214_047,65,27,Passengership,13,78,259,286
201807081214_048,108,38,Passengership,240,348,239,277
201807081214_049,147,43,Passengership,533,680,225,268
201807081214_050,164,40,Passengership,853,1017,232,272
201807081214_051,162,51,Passengership,1081,1243,227,278
201807081214_052,120,40,Passengership,1160,1280,237,277
201807081214_053,77,36,Passengership,982,1059,235,271
201807081214_054,45,22,Passengership,1131,1176,246,268
201807081214_055,26,16,Passengership,1091,1117,262,278
201807081214_056,33,14,Passengership,976,1009,248,262
201807081214_057,31,24,Passengership,907,938,244,268
201807081214_058,20,20,Passengership,921,941,242,262
201807081214_059,23,13,Passengership,882,905,249,262
201807081214_060,24,12,Passengership,960,984,247,259
201807081214_061,23,18,Passengership,949,972,241,259
201807081214_062,13,14,Passengership,841,854,246,260
201807081214_063,30,15,Passengership,876,906,243,258
201807081214_062,21,29,Cruiseship,692,713,230,259
201807081214_063,26,11,Militaryship,712,738,250,261
201807081214_064,32,14,Militaryship,592,624,253,267
201807081214_065,33,12,Militaryship,591,624,253,265
201807081214_066,20,19,Militaryship,477,497,254,273
201807081214_067,41,18,Militaryship,404,445,259,277
201807081214_068,39,14,Militaryship,524,563,254,268
201807081214_069,41,15,Militaryship,513,554,255,270
201807081214_070,38,26,Militaryship,404,442,251,277
201807081214_071,45,18,Militaryship,419,464,255,273
201807081214_072,57,24,Militaryship,524,581,252,276
201807081214_073,59,34,Militaryship,605,664,246,280
201807081214_062,5,12,Seamark,801,806,254,266
201807081214_063,8,19,Seamark,840,848,250,269
201807081214_064,10,24,Seamark,759,769,253,277
201807081214_065,14,38,Seamark,813,827,248,286
201807081214_066,36,68,Seamark,879,915,251,319
201807081214_066,7,11,Seamark,808,815,255,266
201807081214_067,15,28,Seamark,731,746,243,271
201807081214_068,14,25,Seamark,806,820,245,270
201807081214_069,13,23,Seamark,762,775,249,272
201807081214_070,10,29,Seamark,648,658,253,282
201807081214_071,12,40,Seamark,675,687,249,289
201807081214_072,28,69,Seamark,814,842,238,307
201807081214_073,42,172,Seamark,1151,1193,235,407
201807081214_069,11,10,Boat,687,698,266,276
201807081214_070,43,28,Boat,425,468,293,321
201807081214_067,105,33,Militaryship,1000,1105,223,256
201807081214_068,79,36,Militaryship,1102,1181,219,255
201807081214_069,102,40,Militaryship,1058,1160,220,260
201807081214_070,90,36,Militaryship,966,1056,220,256
201807081214_071,92,41,Militaryship,1025,1117,217,258
201807081214_070,35,38,Cruiseship,174,209,240,278
201807081214_071,30,35,Cruiseship,178,208,242,277
201807081214_072,34,39,Cruiseship,249,283,235,274
201807081214_073,33,62,Cruiseship,246,279,220,282
201807081214_071,111,47,Militaryship,44,155,236,283
201807081214_072,115,40,Militaryship,113,228,238,278
201807081214_073,134,46,Militaryship,100,234,236,282
201807081214_069,9,18,Seamark,778,787,248,266
201807081214_070,12,15,Seamark,657,669,255,270
201807081214_071,11,17,Seamark,729,740,250,267
201807081214_072,17,14,Seamark,885,902,252,266
201807081214_067,26,24,Passengership,763,789,245,269
201807081214_068,28,25,Passengership,852,880,241,266
201807081214_069,26,17,Passengership,829,855,241,258
201807081214_070,56,19,Passengership,726,782,241,260
201807081214_071,58,18,Passengership,807,865,241,259
201807081214_072,39,21,Passengership,974,1013,239,260
201807081214_073,22,26,Passengership,1116,1138,236,262
201807081214_002,24,16,Boat,238,262,282,298
201807081214_007,36,15,Motorboat,277,313,271,286
201807081214_011,17,12,Boat,697,714,249,261
201807081214_011,28,19,Motorboat,1121,1149,246,265
201807081214_011,32,11,Boat,1152,1184,253,264
201807081214_020,30,15,Motorboat,18,48,268,283
201807081214_020,23,11,Boat,1194,1217,256,267
201807081214_025,36,16,Boat,146,182,267,283
201807081214_072,13,10,Boat,848,861,255,265
201807081214_007,34,51,Sailboat,35,69,241,292
201807081214_007,35,79,Sailboat,122,157,208,287
201807081214_007,32,84,Sailboat,80,112,205,289
201807081214_010,68,127,Sailboat,141,209,183,310
201807081214_008,20,81,Sailboat,201,221,217,298
201807081214_007,30,80,Sailboat,198,228,203,283
201807081214_007,36,77,Sailboat,158,194,207,284
201807081214_008,30,94,Sailboat,144,174,193,287
201807081214_008,26,100,Sailboat,118,144,191,291
201807081214_009,53,134,Sailboat,1,54,167,301
201807081214_010,81,160,Sailboat,53,134,151,311
201807081214_008,19,56,Sailboat,251,270,225,281
201807081214_065,42,123,Sailboat,230,272,194,317
201807081214_069,39,21,Passengership,1,40,272,293
201807081214_012,24,10,Motorboat,879,903,258,268
201807081214_015,29,13,Motorboat,849,878,258,271
201807081214_024,93,46,Militaryship,1123,1216,222,268
201807081214_073,63,17,Motorboat,151,214,287,304
201807081214_013,97,32,Militaryship,139,236,246,278
201807081214_013,162,95,Militaryship,1122,1284,183,278
201807081214_023,60,24,Passengership,835,895,243,267
201807081214_049,43,22,Militaryship,417,460,249,271
201807081214_072,106,47,Militaryship,6,112,269,316
201807081214_073,45,21,Militaryship,769,814,244,265
201807081214_003,17,13,Boat,233,250,274,287
201807081214_003,17,10,Motorboat,665,682,250,260
201807081214_060,20,7,Militaryship,875,895,250,257
201807081214_063,10,9,Boat,674,684,258,267
201807081214_066,17,8,Boat,661,678,260,268
201807081214_069,54,19,Militaryship,430,484,252,271
201807081214_009,10,14,Miscellaneous,130,140,305,319
201807081214_015,12,20,Seamark,1148,1160,252,272
201807081214_018,10,15,Seamark,1232,1242,259,274
201807081214_024,8,18,Seamark,1227,1235,246,264
201807081214_027,5,19,Seamark,1230,1235,244,263
201807081214_052,10,21,Seamark,659,669,253,274
201807081214_054,6,10,Seamark,999,1005,254,264
201807081214_060,6,12,Seamark,603,609,255,267
201807081214_066,6,9,Seamark,203,209,275,284
201807081214_072,7,14,Seamark,1068,1075,248,262
201807081214_072,5,12,Seamark,950,955,251,263
201807081214_073,28,55,Cruiseship,278,306,221,276
201807081214_000,9,7,Boat,337,346,266,273
201807081214_000,9,10,Boat,593,602,253,263
201807081214_003,14,11,Miscboat,724,738,242,253
201807081244_000,9,27,Seamark,619,628,252,279
201807081244_001,15,45,Seamark,413,428,250,295
201807081244_000,12,22,Seamark,885,897,257,279
201807081244_001,23,40,Seamark,832,855,256,296
201807081244_002,28,68,Seamark,869,897,290,358
201807081244_000,55,26,Militaryship,347,402,257,283
201807081244_001,63,27,Militaryship,202,265,268,295
201807081244_002,49,24,Motorboat,612,661,267,291
201807081244_003,32,27,Motorboat,646,678,268,295
201807081244_004,36,26,Motorboat,759,795,268,294
201807081244_005,10,12,Boat,845,855,263,275
201807081244_006,14,16,Boat,794,808,266,282
201807081244_007,14,14,Boat,881,895,267,281
201807081244_008,19,21,Boat,923,942,258,279
201807081244_009,13,18,Boat,1001,1014,268,286
201807081244_000,46,30,Militaryship,817,863,231,261
201807081244_001,57,37,Militaryship,703,760,228,265
201807081244_002,79,58,Militaryship,564,643,212,270
201807081244_003,76,51,Militaryship,516,592,221,272
201807081244_004,141,73,Militaryship,490,631,202,275
201807081244_005,183,125,Militaryship,351,534,164,289
201807081244_006,258,170,Militaryship,147,405,140,310
201807081244_007,368,228,Militaryship,47,415,97,325
201807081244_008,250,127,Militaryship,13,263,214,341
201807081244_001,200,72,Militaryship,862,1062,200,272
201807081244_002,269,172,Militaryship,796,1065,115,287
201807081244_003,424,298,Militaryship,857,1281,30,328
201807081244_004,425,335,Militaryship,853,1278,1,336
201807081244_000,26,22,Motorboat,504,530,271,293
201807081244_001,39,23,Motorboat,367,406,275,298
201807081244_000,47,41,Militaryship,705,752,226,267
201807081244_001,59,41,Militaryship,570,629,231,272
201807081244_002,88,58,Militaryship,394,482,222,280
201807081244_003,94,56,Militaryship,283,377,231,287
201807081244_000,47,30,Passengership,751,798,237,267
201807081244_001,62,32,Passengership,637,699,238,270
201807081244_002,62,41,Passengership,491,553,240,281
201807081244_003,58,62,Passengership,376,434,236,298
201807081244_004,106,106,Passengership,186,292,216,322
201807081244_005,125,103,Militaryship,0,125,222,325
201807081244_002,19,63,Sailboat,659,678,209,272
201807081244_003,43,122,Sailboat,474,517,174,296
201807081244_002,9,10,Boat,704,713,265,275
201807081244_003,13,13,Boat,688,701,267,280
201807081244_002,134,74,Militaryship,759,893,194,268
201807081244_003,273,157,Militaryship,738,1011,132,289
201807081244_005,104,40,Motorboat,1138,1242,268,308
201807081244_005,36,20,Motorboat,774,810,265,285
201807081244_006,31,25,Motorboat,707,738,267,292
201807081244_007,32,24,Motorboat,812,844,266,290
201807081244_008,28,21,Motorboat,809,837,262,283
201807081244_009,24,21,Motorboat,835,859,268,289
201807081244_010,25,21,Motorboat,1030,1055,263,284
201807081244_011,29,19,Motorboat,995,1024,269,288
201807081244_003,19,11,Boat,544,563,270,281
201807081244_004,28,29,Boat,410,438,284,313
201807081244_008,13,9,Motorboat,865,878,255,264
201807081244_009,20,14,Motorboat,894,914,264,278
201807081244_006,11,57,Seamark,811,822,257,314
201807081244_007,18,113,Seamark,1099,1117,259,372
201807081244_008,5,32,Seamark,1044,1049,258,290
201807081244_009,9,47,Seamark,1176,1185,269,316
201807081244_005,91,23,Motorboat,962,1053,245,268
201807081244_006,106,26,Motorboat,930,1036,249,275
201807081244_007,107,32,Motorboat,1130,1237,245,277
201807081244_009,18,17,Motorboat,810,828,257,274
201807081244_010,32,14,Motorboat,886,918,251,265
201807081244_011,29,13,Motorboat,827,856,254,267
201807081244_008,22,11,Motorboat,838,860,251,262
201807081244_009,24,10,Motorboat,844,868,253,263
201807081244_010,23,10,Motorboat,930,953,254,264
201807081244_011,21,9,Motorboat,803,824,258,267
201807081244_011,17,7,Boat,1173,1190,264,271
201807081244_012,20,17,Boat,1249,1269,264,281
201807081244_010,293,57,Militaryship,252,545,236,293
201807081244_011,381,68,Militaryship,13,394,231,299
201807081244_012,181,99,Militaryship,1,182,245,344
201807081244_011,20,8,Boat,899,919,266,274
201807081244_012,48,21,Boat,868,916,271,292
201807081244_010,37,13,Miscboat,753,790,259,272
201807081244_011,41,18,Miscboat,664,705,259,277
201807081244_012,60,22,Miscboat,707,767,262,284
201807081244_012,23,45,Seamark,362,385,264,309
201807081244_013,66,97,Seamark,769,835,257,354
201807081244_014,266,156,Militaryship,222,488,142,298
201807081244_015,243,227,Militaryship,0,243,102,329
201807081244_016,142,191,Militaryship,1,143,122,313
201807081244_013,32,21,Motorboat,330,362,262,283
201807081244_014,23,22,Motorboat,1030,1053,249,271
201807081244_015,34,30,Motorboat,955,989,244,274
201807081244_014,56,55,Militaryship,492,548,229,284
201807081244_015,65,85,Militaryship,243,308,210,295
201807081244_016,134,98,Militaryship,138,272,206,304
201807081244_017,106,109,Militaryship,6,112,220,329
201807081244_014,21,22,Militaryship,833,854,245,267
201807081244_015,22,23,Militaryship,663,685,244,267
201807081244_016,39,36,Militaryship,678,717,234,270
201807081244_017,39,45,Militaryship,761,800,226,271
201807081244_018,56,63,Militaryship,714,770,215,278
201807081244_019,70,53,Militaryship,758,828,238,291
201807081244_014,22,23,Militaryship,859,881,241,264
201807081244_015,35,47,Militaryship,695,730,223,270
201807081244_016,39,52,Militaryship,721,760,220,272
201807081244_017,43,39,Militaryship,807,850,231,270
201807081244_018,58,64,Militaryship,773,831,214,278
201807081244_019,89,63,Militaryship,837,926,227,290
201807081244_020,184,238,Militaryship,937,1121,83,321
201807081244_013,42,52,Militaryship,1,43,263,315
201807081244_014,97,36,Militaryship,572,669,260,296
201807081244_015,203,69,Militaryship,307,510,257,326
201807081244_016,214,107,Militaryship,8,222,286,393
201807081244_016,41,27,Militaryship,515,556,243,270
201807081244_017,33,26,Militaryship,556,589,243,269
201807081244_018,39,37,Militaryship,489,528,237,274
201807081244_019,57,47,Militaryship,455,512,229,276
201807081244_020,74,60,Militaryship,381,455,225,285
201807081244_021,124,101,Militaryship,375,499,193,294
201807081244_014,41,66,Militaryship,657,698,206,272
201807081244_015,57,92,Militaryship,457,514,194,286
201807081244_016,73,97,Militaryship,440,513,184,281
201807081244_017,106,113,Militaryship,417,523,175,288
201807081244_018,153,192,Militaryship,287,440,112,304
201807081244_019,337,296,Militaryship,1,338,29,325
201807081244_019,127,128,Cruiseship,299,426,163,291
201807081244_020,261,187,Cruiseship,47,308,135,322
201807081244_021,254,349,Cruiseship,0,254,1,350
201807081244_014,42,81,Militaryship,610,652,193,274
201807081244_016,97,104,Militaryship,345,442,189,293
201807081244_017,195,105,Militaryship,218,413,200,305
201807081244_018,274,216,Militaryship,20,294,115,331
201807081244_017,62,83,Cruiseship,488,550,190,273
201807081244_018,32,100,Cruiseship,443,475,176,276
201807081244_016,71,63,Militaryship,283,354,227,290
201807081244_017,171,149,Militaryship,129,300,161,310
201807081244_018,58,62,Miscboat,962,1020,253,315
201807081244_019,111,123,Miscboat,1169,1280,213,336
201807081244_017,14,12,Motorboat,641,655,257,269
201807081244_018,24,13,Motorboat,565,589,263,276
201807081244_019,62,50,Motorboat,433,495,265,315
201807081244_020,68,72,Militaryship,305,373,215,287
201807081244_021,122,109,Militaryship,253,375,197,306
201807081244_022,128,156,Militaryship,1,129,184,340
201807081244_017,33,26,Militaryship,726,759,238,264
201807081244_018,34,29,Militaryship,678,712,240,269
201807081244_019,52,66,Militaryship,688,740,200,266
201807081244_020,66,82,Militaryship,670,736,195,277
201807081244_021,90,106,Militaryship,805,895,178,284
201807081244_022,109,200,Militaryship,869,978,109,309
201807081244_023,321,421,Militaryship,946,1267,12,433
201807081244_024,231,224,Militaryship,1020,1251,92,316
201807081244_025,111,228,Militaryship,1169,1280,113,341
201807081244_022,59,38,Militaryship,415,474,257,295
201807081244_023,113,46,Militaryship,157,270,271,317
201807081244_017,8,5,Boat,690,698,261,266
201807081244_018,11,8,Boat,641,652,263,271
201807081244_019,12,9,Boat,643,655,261,270
201807081244_020,10,5,Boat,627,637,265,270
201807081244_021,12,7,Boat,756,768,264,271
201807081244_022,15,11,Boat,743,758,261,272
201807081244_023,13,10,Boat,672,685,264,274
201807081244_024,17,10,Boat,631,648,268,278
201807081244_020,5,5,Boat,602,607,259,264
201807081244_021,11,8,Boat,710,721,258,266
201807081244_022,16,14,Boat,674,690,256,270
201807081244_026,12,9,Boat,597,609,271,280
201807081244_027,20,17,Boat,739,759,268,285
201807081244_028,34,18,Boat,829,863,273,291
201807081244_029,41,26,Boat,957,998,289,315
201807081244_030,69,48,Boat,1199,1268,308,356
201807081244_025,23,13,Boat,542,565,273,286
201807081244_026,19,14,Boat,568,587,275,289
201807081244_027,29,21,Boat,669,698,277,298
201807081244_028,35,31,Boat,762,797,284,315
201807081244_029,60,49,Boat,845,905,307,356
201807081244_030,91,64,Boat,1004,1095,330,394
201807081244_022,11,6,Boat,722,733,260,266
201807081244_023,8,7,Boat,649,657,263,270
201807081244_024,12,8,Boat,621,633,265,273
201807081244_023,10,10,Motorboat,593,603,252,262
201807081244_024,11,11,Motorboat,570,581,253,264
201807081244_025,12,12,Motorboat,492,504,255,267
201807081244_026,12,12,Motorboat,577,589,253,265
201807081244_027,13,13,Motorboat,703,716,250,263
201807081244_028,20,18,Motorboat,758,778,247,265
201807081244_029,18,23,Motorboat,769,787,245,268
201807081244_030,25,26,Motorboat,831,856,244,270
201807081244_031,32,31,Motorboat,796,828,241,272
201807081244_032,40,34,Motorboat,706,746,243,277
201807081244_033,55,51,Motorboat,711,766,235,286
201807081244_034,84,70,Motorboat,865,949,232,302
201807081244_035,182,161,Motorboat,1092,1274,226,387
201807081244_023,27,19,Boat,552,579,267,286
201807081244_024,87,56,Boat,195,282,296,352
201807081244_016,45,104,Sailboat,544,589,164,268
201807081244_017,52,113,Sailboat,597,649,151,264
201807081244_018,57,118,Sailboat,535,592,147,265
201807081244_019,75,154,Sailboat,519,594,114,268
201807081244_020,85,164,Sailboat,465,550,104,268
201807081244_021,111,218,Sailboat,547,658,59,277
201807081244_022,160,281,Sailboat,428,588,7,288
201807081244_023,264,298,Sailboat,208,472,9,307
201807081244_024,383,343,Sailboat,1,384,1,344
201807081244_025,188,343,Sailboat,4,192,5,348
201807081244_020,19,9,Passengership,551,570,259,268
201807081244_021,34,18,Passengership,650,684,251,269
201807081244_022,35,18,Passengership,585,620,257,275
201807081244_023,43,23,Passengership,464,507,262,285
201807081244_024,80,31,Passengership,358,438,266,297
201807081244_025,99,39,Passengership,168,267,277,316
201807081244_025,27,24,Motorboat,283,310,273,297
201807081244_026,57,34,Motorboat,138,195,288,322
201807081244_023,111,53,Militaryship,701,812,217,270
201807081244_024,123,83,Militaryship,716,839,198,281
201807081244_025,143,100,Militaryship,660,803,181,281
201807081244_026,268,126,Militaryship,790,1058,177,303
201807081244_027,238,275,Militaryship,1040,1278,77,352
201807081244_024,28,63,Militaryship,690,718,209,272
201807081244_025,27,33,Militaryship,624,651,240,273
201807081244_026,71,106,Militaryship,729,800,181,287
201807081244_027,151,162,Militaryship,893,1044,142,304
201807081244_028,150,281,Militaryship,1133,1283,50,331
201807081244_024,32,59,Sailboat,653,685,210,269
201807081244_025,32,63,Sailboat,583,615,209,272
201807081244_026,38,116,Sailboat,682,720,159,275
201807081244_027,62,151,Sailboat,825,887,129,280
201807081244_028,109,257,Sailboat,963,1072,41,298
201807081244_029,56,69,Miscboat,1215,1271,249,318
201807081244_029,16,8,Boat,751,767,260,268
201807081244_030,30,20,Boat,809,839,254,274
201807081244_031,34,23,Boat,678,712,263,286
201807081244_032,84,53,Boat,234,318,290,343
201807081244_029,10,8,Boat,639,649,264,272
201807081244_030,19,11,Boat,659,678,268,279
201807081244_031,34,25,Boat,520,554,272,297
201807081244_032,56,26,Boat,122,178,324,350
201807081244_032,78,25,Motorboat,177,255,283,308
201807081244_033,75,38,Motorboat,1,76,305,343
201807081244_030,40,35,Miscboat,882,922,240,275
201807081244_031,69,43,Miscboat,863,932,234,277
201807081244_032,95,59,Miscboat,810,905,231,290
201807081244_033,126,152,Miscboat,866,992,157,309
201807081244_034,86,91,Miscboat,1199,1285,270,361
201807081244_032,58,29,Motorboat,309,367,259,288
201807081244_033,74,37,Motorboat,222,296,261,298
201807081244_034,105,36,Motorboat,122,227,284,320
201807081244_032,77,116,Sailboat,227,304,181,297
201807081244_033,104,179,Sailboat,73,177,143,322
201807081244_034,107,202,Sailboat,1,108,138,340
201807081244_034,73,115,Sailboat,308,381,182,297
201807081244_035,89,173,Sailboat,227,316,134,307
201807081244_036,106,284,Sailboat,17,123,65,349
201807081244_034,43,115,Sailboat,386,429,175,290
201807081244_035,93,163,Sailboat,315,408,131,294
201807081244_034,46,85,Sailboat,440,486,197,282
201807081244_036,132,41,Motorboat,215,347,267,308
201807081244_037,89,54,Motorboat,1,90,291,345
201807081244_035,35,29,Motorboat,825,860,270,299
201807081244_036,113,69,Motorboat,1052,1165,296,365
201807081244_032,28,102,Sailboat,639,667,171,273
201807081244_033,31,114,Sailboat,636,667,163,277
201807081244_034,45,138,Sailboat,767,812,143,281
201807081244_035,47,59,Motorboat,802,849,231,290
201807081244_036,105,118,Motorboat,910,1015,202,320
201807081244_032,24,100,Sailboat,679,703,175,275
201807081244_033,33,166,Sailboat,687,720,126,292
201807081244_034,35,171,Sailboat,821,856,120,291
201807081244_036,107,362,Sailboat,1155,1262,1,363
201807081244_037,207,380,Sailboat,1069,1276,1,381
201807081244_036,72,58,Passengership,781,853,225,283
201807081244_037,131,84,Passengership,829,960,207,291
201807081244_038,250,210,Passengership,1017,1267,159,369
201807081244_032,20,22,Boat,603,623,246,268
201807081244_033,26,29,Passengership,593,619,242,271
201807081244_034,25,28,Passengership,701,726,241,269
201807081244_035,25,28,Passengership,713,738,241,269
201807081244_036,37,35,Passengership,740,777,239,274
201807081244_037,53,36,Passengership,757,810,228,264
201807081244_038,101,53,Passengership,829,930,217,270
201807081244_039,184,134,Passengership,1096,1280,196,330
201807081244_034,55,19,Ferry,499,554,256,275
201807081244_035,82,20,Ferry,521,603,254,274
201807081244_036,116,28,Ferry,590,706,252,280
201807081244_037,138,39,Ferry,681,819,247,286
201807081244_038,207,65,Ferry,808,1015,239,304
201807081244_039,84,77,Passengership,1013,1097,224,301
201807081244_040,177,152,Passengership,1103,1280,195,347
201807081244_035,23,12,Miscboat,461,484,259,271
201807081244_036,47,24,Miscboat,424,471,255,279
201807081244_037,47,18,Miscboat,379,426,261,279
201807081244_038,63,37,Miscboat,321,384,254,291
201807081244_039,88,58,Miscboat,243,331,254,312
201807081244_040,128,71,Miscboat,1,129,256,327
201807081244_039,68,58,Miscboat,945,1013,232,290
201807081244_040,108,59,Miscboat,963,1071,252,311
201807081244_041,95,107,Miscboat,1173,1268,247,354
201807081244_035,38,34,Passengership,475,513,234,268
201807081244_036,45,40,Passengership,455,500,231,271
201807081244_037,57,30,Passengership,419,476,240,270
201807081244_038,66,48,Passengership,387,453,237,285
201807081244_039,107,101,Passengership,347,454,196,297
201807081244_040,150,113,Passengership,165,315,191,304
201807081244_041,153,194,Passengership,4,157,150,344
201807081244_040,45,43,Miscboat,906,951,248,291
201807081244_041,96,67,Miscboat,1004,1100,253,320
201807081244_042,103,233,Sailboat,1057,1160,86,319
201807081244_038,28,30,Passengership,453,481,248,278
201807081244_039,66,46,Passengership,435,501,234,280
201807081244_040,70,41,Passengership,311,381,245,286
201807081244_041,105,65,Passengership,169,274,243,308
201807081244_042,162,137,Passengership,5,167,200,337
201807081244_040,34,111,Sailboat,861,895,170,281
201807081244_041,32,92,Sailboat,880,912,198,290
201807081244_042,60,134,Motorboat,986,1046,175,309
201807081244_040,26,21,Motorboat,812,838,253,274
201807081244_041,41,36,Motorboat,846,887,250,286
201807081244_042,50,56,Motorboat,934,984,243,299
201807081244_043,130,80,Boat,1153,1283,268,348
201807081244_041,32,32,Miscboat,819,851,250,282
201807081244_042,42,34,Miscboat,892,934,258,292
201807081244_043,96,57,Miscboat,1019,1115,261,318
201807081244_040,32,28,Motorboat,777,809,247,275
201807081244_041,27,34,Motorboat,793,820,247,281
201807081244_042,57,42,Motorboat,840,897,244,286
201807081244_043,104,82,Motorboat,908,1012,225,307
201807081244_044,110,121,Motorboat,1166,1276,252,373
201807081244_038,27,26,Passengership,509,536,244,270
201807081244_039,35,34,Passengership,539,574,240,274
201807081244_040,36,23,Passengership,438,474,252,275
201807081244_041,51,27,Passengership,381,432,253,280
201807081244_042,77,47,Passengership,332,409,242,289
201807081244_043,93,59,Passengership,190,283,247,306
201807081244_044,108,130,Passengership,4,112,202,332
201807081244_041,26,17,Passengership,435,461,260,277
201807081244_042,36,27,Passengership,412,448,257,284
201807081244_043,42,41,Passengership,294,336,256,297
201807081244_044,96,40,Passengership,144,240,273,313
201807081244_038,25,17,Passengership,581,606,247,264
201807081244_039,28,19,Passengership,628,656,245,264
201807081244_040,34,28,Passengership,539,573,241,269
201807081244_041,36,35,Passengership,518,554,235,270
201807081244_042,43,25,Passengership,516,559,246,271
201807081244_043,50,35,Passengership,457,507,241,276
201807081244_044,65,38,Passengership,420,485,243,281
201807081244_045,89,48,Passengership,319,408,243,291
201807081244_046,122,61,Passengership,247,369,241,302
201807081244_047,181,84,Passengership,87,268,234,318
201807081244_038,11,13,Miscboat,607,618,250,263
201807081244_039,15,14,Miscboat,657,672,247,261
201807081244_040,13,17,Miscboat,571,584,250,267
201807081244_041,17,17,Miscboat,550,567,250,267
201807081244_042,20,19,Miscboat,556,576,249,268
201807081244_043,21,21,Miscboat,509,530,250,271
201807081244_044,28,27,Miscboat,488,516,249,276
201807081244_045,39,36,Miscboat,411,450,247,283
201807081244_046,44,38,Miscboat,376,420,250,288
201807081244_047,76,36,Miscboat,276,352,262,298
201807081244_048,126,79,Miscboat,3,129,253,332
201807081244_038,10,14,Motorboat,620,630,250,264
201807081244_039,11,15,Motorboat,673,684,249,264
201807081244_040,13,16,Motorboat,586,599,250,266
201807081244_041,13,16,Motorboat,570,583,250,266
201807081244_042,14,18,Motorboat,576,590,249,267
201807081244_043,18,20,Motorboat,531,549,251,271
201807081244_044,20,27,Motorboat,519,539,248,275
201807081244_045,28,20,Motorboat,451,479,260,280
201807081244_046,34,34,Motorboat,426,460,252,286
201807081244_047,46,30,Motorboat,359,405,260,290
201807081244_048,79,41,Motorboat,147,226,270,311
201807081244_002,15,9,Boat,778,793,272,281
201807081244_002,41,20,Motorboat,410,451,278,298
201807081244_005,184,100,Militaryship,1068,1252,198,298
201807081244_008,79,28,Motorboat,1201,1280,254,282
201807081244_010,46,37,Motorboat,1205,1251,270,307
201807081244_011,26,18,Miscboat,791,817,262,280
201807081244_011,28,12,Motorboat,867,895,255,267
201807081244_038,99,121,Sailboat,125,224,193,314
201807081244_047,88,70,Motorboat,1032,1120,244,314
201807081244_049,250,107,Miscboat,903,1153,256,363
201807081244_049,85,28,Motorboat,662,747,272,300
201807081244_050,17,9,Miscboat,640,657,257,266
201807081244_050,25,24,Passengership,486,511,247,271
201807081244_050,8,6,Boat,572,580,258,264
201807081244_050,10,7,Boat,584,594,259,266
201807081244_050,30,19,Militaryship,699,729,254,273
201807081244_050,29,18,Motorboat,793,822,255,273
201807081244_050,146,64,Motorboat,55,201,255,319
201807081244_037,86,200,Sailboat,136,222,122,322
201807081244_035,131,235,Sailboat,86,217,92,327
201807081244_035,51,214,Sailboat,854,905,86,300
201807081244_035,109,301,Sailboat,921,1030,19,320
201807081244_035,39,196,Sailboat,774,813,82,278
201807081244_036,61,301,Sailboat,854,915,1,302
201807081244_041,47,164,Sailboat,923,970,128,292
201807081244_000,21,23,Passengership,863,884,242,265
201807081244_001,48,41,Passengership,733,781,236,277
201807081244_002,160,189,Passengership,0,160,238,427
201807081244_035,31,38,Passengership,740,771,236,274
201807081244_050,39,30,Passengership,748,787,242,272
201807081244_050,77,36,Passengership,890,967,248,284
201807081244_050,136,96,Passengership,1141,1277,230,326
201807081244_000,60,38,Militaryship,81,141,273,311
201807081244_005,36,16,Boat,656,692,279,295
201807081244_004,23,23,Motorboat,737,760,261,284
201807081244_012,62,29,Miscboat,1096,1158,265,294
201807081244_019,48,52,Miscboat,1114,1162,261,313
201807081244_021,8,6,Boat,779,787,260,266
201807081244_048,76,39,Miscboat,985,1061,256,295
201807081244_005,111,39,Militaryship,217,328,244,283
201807081244_010,54,18,Militaryship,104,158,273,291
201807081244_014,209,84,Militaryship,6,215,240,324
201807081244_020,130,244,Militaryship,786,916,78,322
201807081244_022,279,203,Militaryship,65,344,131,334
201807081244_023,21,76,Militaryship,919,940,209,285
201807081244_022,59,36,Militaryship,351,410,259,295
201807081244_000,9,31,Seamark,603,612,264,295
201807081244_001,9,78,Seamark,263,272,281,359
201807081244_003,9,43,Seamark,289,298,285,328
201807081315_000,41,37,Motorboat,56,97,244,281
201807081315_001,58,42,Motorboat,67,125,246,288
201807081315_002,112,57,Motorboat,17,129,246,303
201807081315_000,116,61,Passengership,584,700,234,295
201807081315_001,156,115,Passengership,725,881,198,313
201807081315_002,190,150,Passengership,1090,1280,224,374
201807081315_001,28,28,Motorboat,136,164,249,277
201807081315_002,45,27,Motorboat,188,233,260,287
201807081315_000,13,8,Passengership,262,275,253,261
201807081315_001,14,9,Passengership,365,379,253,262
201807081315_002,13,11,Passengership,552,565,259,270
201807081315_003,17,15,Passengership,584,601,257,272
201807081315_004,19,16,Passengership,594,613,256,272
201807081315_005,14,11,Passengership,569,583,261,272
201807081315_006,17,13,Passengership,626,643,256,269
201807081315_007,19,14,Passengership,673,692,256,270
201807081315_008,15,10,Passengership,702,717,261,271
201807081315_009,25,15,Passengership,582,607,255,270
201807081315_000,12,10,Boat,215,227,258,268
201807081315_001,13,11,Boat,309,322,260,271
201807081315_002,18,11,Boat,432,450,271,282
201807081315_003,36,24,Boat,329,365,281,305
201807081315_004,75,42,Boat,123,198,297,339
201807081315_002,13,7,Boat,449,462,268,275
201807081315_003,23,17,Boat,386,409,271,288
201807081315_004,36,20,Boat,306,342,280,300
201807081315_002,35,19,Miscboat,302,337,256,275
201807081315_003,53,31,Miscboat,227,280,259,290
201807081315_000,34,35,Passengership,454,488,236,271
201807081315_001,44,41,Passengership,571,615,238,279
201807081315_002,64,48,Passengership,793,857,244,292
201807081315_003,81,89,Passengership,917,998,222,311
201807081315_004,203,221,Passengership,1076,1279,146,367
201807081315_000,45,44,Passengership,407,452,224,268
201807081315_001,46,48,Passengership,523,569,223,271
201807081315_002,62,48,Passengership,723,785,234,282
201807081315_003,93,114,Passengership,810,903,188,302
201807081315_004,145,154,Passengership,883,1028,167,321
201807081315_005,279,186,Passengership,991,1270,194,380
201807081315_002,22,16,Passengership,381,403,252,268
201807081315_003,42,32,Passengership,349,391,245,277
201807081315_004,63,41,Passengership,301,364,239,280
201807081315_005,90,53,Passengership,123,213,241,294
201807081315_002,31,25,Passengership,398,429,243,268
201807081315_003,42,36,Passengership,391,433,239,275
201807081315_004,54,43,Passengership,363,417,235,278
201807081315_005,79,54,Passengership,230,309,232,286
201807081315_006,174,105,Passengership,7,181,213,318
201807081315_002,24,49,Sailboat,686,710,224,273
201807081315_003,30,53,Sailboat,746,776,224,277
201807081315_004,36,70,Sailboat,787,823,214,284
201807081315_005,71,95,Sailboat,778,849,200,295
201807081315_006,116,158,Sailboat,973,1089,161,319
201807081315_002,44,26,Miscboat,337,381,250,276
201807081315_003,67,24,Miscboat,285,352,255,279
201807081315_004,75,48,Miscboat,227,302,243,291
201807081315_005,103,61,Miscboat,6,109,251,312
201807081315_005,44,15,Motorboat,672,716,267,282
201807081315_006,41,19,Motorboat,782,823,270,289
201807081315_007,104,31,Motorboat,915,1019,288,319
201807081315_008,106,57,Motorboat,1166,1272,322,379
201807081315_003,58,32,Passengership,426,484,241,273
201807081315_004,67,36,Passengership,413,480,237,273
201807081315_005,81,43,Passengership,332,413,236,279
201807081315_006,117,63,Passengership,275,392,225,288
201807081315_007,262,120,Passengership,0,262,199,319
201807081315_006,41,30,Miscboat,379,420,248,278
201807081315_007,61,37,Miscboat,268,329,255,292
201807081315_008,96,39,Miscboat,125,221,265,304
201807081315_004,18,93,Sailboat,496,514,175,268
201807081315_005,23,102,Sailboat,437,460,170,272
201807081315_006,30,137,Sailboat,447,477,137,274
201807081315_007,49,190,Sailboat,380,429,95,285
201807081315_008,74,249,Sailboat,302,376,44,293
201807081315_009,132,321,Sailboat,20,152,1,322
201807081315_010,73,248,Sailboat,72,145,59,307
201807081315_011,140,311,Sailboat,15,155,12,323
201807081315_008,179,298,Sailboat,1016,1195,48,346
201807081315_009,131,406,Sailboat,1150,1281,1,407
201807081315_007,38,36,Motorboat,424,462,246,282
201807081315_008,56,49,Motorboat,374,430,239,288
201807081315_009,88,81,Motorboat,150,238,223,304
201807081315_010,72,290,Sailboat,1,73,31,321
201807081315_008,131,197,Sailboat,835,966,100,297
201807081315_009,139,298,Sailboat,829,968,26,324
201807081315_010,156,418,Sailboat,1124,1280,0,418
201807081315_008,31,115,Sailboat,464,495,166,281
201807081315_009,41,153,Sailboat,313,354,140,293
201807081315_010,68,193,Sailboat,211,279,98,291
201807081315_005,15,18,Motorboat,487,502,250,268
201807081315_006,20,19,Motorboat,526,546,247,266
201807081315_007,31,25,Motorboat,515,546,248,273
201807081315_008,31,26,Motorboat,510,541,249,275
201807081315_009,43,33,Motorboat,375,418,246,279
201807081315_010,65,48,Motorboat,290,355,236,284
201807081315_011,105,62,Motorboat,197,302,237,299
201807081315_008,19,25,Militaryship,539,558,244,269
201807081315_009,23,30,Militaryship,422,445,240,270
201807081315_010,39,46,Militaryship,362,401,229,275
201807081315_011,59,47,Militaryship,354,413,230,277
201807081315_009,53,21,Motorboat,681,734,261,282
201807081315_010,70,25,Motorboat,625,695,260,285
201807081315_011,53,33,Motorboat,573,626,255,288
201807081315_012,42,32,Motorboat,481,523,257,289
201807081315_013,36,32,Motorboat,562,598,255,287
201807081315_014,37,31,Motorboat,602,639,255,286
201807081315_015,33,30,Motorboat,591,624,255,285
201807081315_016,31,26,Motorboat,697,728,257,283
201807081315_017,23,22,Motorboat,755,778,259,281
201807081315_018,26,23,Motorboat,712,738,256,279
201807081315_019,29,28,Motorboat,583,612,256,284
201807081315_011,30,20,Boat,687,717,261,281
201807081315_012,15,18,Militaryship,676,691,245,263
201807081315_013,14,16,Militaryship,733,747,246,262
201807081315_014,14,17,Militaryship,768,782,249,266
201807081315_015,21,19,Militaryship,742,763,247,266
201807081315_016,30,23,Militaryship,823,853,248,271
201807081315_017,35,28,Militaryship,865,900,248,276
201807081315_018,63,90,Militaryship,915,978,208,298
201807081315_017,25,19,Militaryship,826,851,250,269
201807081315_018,38,29,Militaryship,796,834,245,274
201807081315_019,46,74,Militaryship,749,795,209,283
201807081315_020,81,64,Militaryship,840,921,238,302
201807081315_021,135,117,Militaryship,878,1013,216,333
201807081315_022,223,234,Militaryship,671,894,123,357
201807081315_013,16,14,Militaryship,644,660,251,265
201807081315_014,15,10,Militaryship,678,693,254,264
201807081315_018,17,16,Motorboat,749,766,255,271
201807081315_019,31,23,Motorboat,682,713,252,275
201807081315_020,19,15,Motorboat,764,783,259,274
201807081315_020,18,18,Motorboat,816,834,259,277
201807081315_021,18,19,Motorboat,798,816,253,272
201807081315_022,37,27,Motorboat,527,564,241,268
201807081315_019,52,57,Militaryship,860,912,215,272
201807081315_020,77,60,Militaryship,927,1004,222,282
201807081315_021,29,43,Motorboat,658,687,244,287
201807081315_022,110,100,Motorboat,91,201,235,335
201807081315_013,28,102,Sailboat,528,556,166,268
201807081315_014,40,126,Sailboat,513,553,143,269
201807081315_015,59,173,Sailboat,432,491,108,281
201807081315_016,109,249,Sailboat,391,500,48,297
201807081315_013,28,26,Miscboat,498,526,245,271
201807081315_014,37,29,Miscboat,473,510,246,275
201807081315_015,49,39,Miscboat,383,432,244,283
201807081315_016,100,98,Miscboat,290,390,214,312
201807081315_018,266,296,Militaryship,273,539,30,326
201807081315_019,333,402,Militaryship,0,333,1,403
201807081315_014,41,70,Militaryship,553,594,197,267
201807081315_015,70,93,Militaryship,482,552,180,273
201807081315_016,86,117,Militaryship,505,591,165,282
201807081315_017,217,217,Militaryship,320,537,91,308
201807081315_013,32,22,Militaryship,760,792,248,270
201807081315_014,31,24,Militaryship,831,862,249,273
201807081315_015,49,38,Militaryship,834,883,243,281
201807081315_016,61,50,Militaryship,987,1048,247,297
201807081315_017,32,32,Miscboat,992,1024,256,288
201807081315_018,50,32,Miscboat,1092,1142,274,306
201807081315_017,54,24,Ferry,940,994,255,279
201807081315_018,69,30,Ferry,974,1043,259,289
201807081315_019,74,37,Ferry,992,1066,261,298
201807081315_020,85,54,Ferry,1192,1277,271,325
201807081315_016,63,112,Militaryship,589,652,162,274
201807081315_017,110,149,Militaryship,521,631,129,278
201807081315_017,28,48,Militaryship,891,919,219,267
201807081315_018,30,52,Militaryship,855,885,216,268
201807081315_019,36,57,Militaryship,785,821,208,265
201807081315_014,58,41,Militaryship,632,690,218,259
201807081315_015,67,47,Militaryship,594,661,214,261
201807081315_016,66,46,Militaryship,656,722,217,263
201807081315_017,93,58,Militaryship,634,727,212,270
201807081315_018,118,84,Militaryship,554,672,187,271
201807081315_019,148,108,Militaryship,421,569,168,276
201807081315_020,192,99,Militaryship,415,607,184,283
201807081315_021,269,178,Militaryship,269,538,120,298
201807081315_013,51,33,Militaryship,679,730,227,260
201807081315_014,48,35,Militaryship,704,752,226,261
201807081315_015,55,39,Militaryship,672,727,223,262
201807081315_016,75,50,Militaryship,737,812,213,263
201807081315_017,71,55,Militaryship,728,799,207,262
201807081315_018,82,63,Militaryship,676,758,199,262
201807081315_019,96,76,Militaryship,584,680,190,266
201807081315_020,124,85,Militaryship,617,741,187,272
201807081315_021,97,109,Militaryship,557,654,166,275
201807081315_022,144,120,Militaryship,265,409,157,277
201807081315_008,47,67,Sailboat,754,801,189,256
201807081315_009,50,72,Sailboat,663,713,184,256
201807081315_010,56,80,Sailboat,662,718,174,254
201807081315_011,49,82,Sailboat,741,790,166,248
201807081315_012,55,91,Sailboat,721,776,158,249
201807081315_013,66,110,Sailboat,776,842,145,255
201807081315_014,68,115,Sailboat,816,884,136,251
201807081315_015,84,141,Sailboat,793,877,119,260
201807081315_016,109,185,Sailboat,873,982,92,277
201807081315_017,105,190,Sailboat,918,1023,67,257
201807081315_018,145,264,Sailboat,925,1070,9,273
201807081315_019,199,295,Sailboat,876,1075,0,295
201807081315_020,275,247,Sailboat,997,1272,24,271
201807081315_021,261,336,Sailboat,1019,1280,0,336
201807081315_022,508,319,Sailboat,772,1280,0,319
201807081315_023,42,21,Militaryship,736,778,249,270
201807081315_024,27,26,Militaryship,467,494,271,297
201807081315_025,77,36,Militaryship,428,505,243,279
201807081315_026,121,47,Militaryship,359,480,248,295
201807081315_024,47,117,Cruiseship,786,833,160,277
201807081315_025,132,132,Cruiseship,640,772,145,277
201807081315_028,109,321,Militaryship,900,1009,1,322
201807081315_026,180,164,Cruiseship,703,883,129,293
201807081315_027,389,344,Cruiseship,628,1017,1,345
201807081315_028,276,499,Cruiseship,1008,1284,1,500
201807081315_024,94,99,Militaryship,825,919,190,289
201807081315_025,135,150,Militaryship,727,862,152,302
201807081315_026,430,284,Militaryship,844,1274,91,375
201807081315_023,428,359,Sailboat,845,1273,6,365
201807081315_024,252,446,Sailboat,1029,1281,1,447
201807081315_024,76,74,Militaryship,945,1021,246,320
201807081315_025,111,102,Militaryship,980,1091,259,361
201807081315_023,41,25,Militaryship,630,671,257,282
201807081315_024,105,62,Militaryship,280,385,250,312
201807081315_025,267,218,Militaryship,37,304,101,319
201807081315_026,154,147,Militaryship,9,163,186,333
201807081315_023,53,54,Militaryship,920,973,242,296
201807081315_024,66,57,Militaryship,887,953,263,320
201807081315_025,129,109,Militaryship,853,982,253,362
201807081315_023,20,14,Boat,698,718,267,281
201807081315_024,27,15,Boat,570,597,270,285
201807081315_025,104,29,Boat,486,590,280,309
201807081315_023,25,18,Boat,725,750,260,278
201807081315_024,19,15,Boat,620,639,268,283
201807081315_025,16,11,Motorboat,537,553,260,271
201807081315_026,28,21,Motorboat,565,593,261,282
201807081315_027,13,15,Motorboat,499,512,247,262
201807081315_028,12,15,Motorboat,640,652,254,269
201807081315_030,24,20,Motorboat,622,646,256,276
201807081315_025,73,95,Militaryship,327,400,179,274
201807081315_026,108,110,Militaryship,288,396,164,274
201807081315_023,33,66,Militaryship,857,890,206,272
201807081315_024,44,88,Militaryship,733,777,183,271
201807081315_025,54,101,Militaryship,588,642,169,270
201807081315_026,63,119,Militaryship,632,695,157,276
201807081315_027,83,156,Militaryship,533,616,126,282
201807081315_028,162,324,Militaryship,738,900,1,325
201807081315_030,381,508,Militaryship,899,1280,1,509
201807081315_031,188,403,Militaryship,1092,1280,1,404
201807081315_031,104,190,Militaryship,997,1101,121,311
201807081315_032,250,266,Militaryship,1026,1276,106,372
201807081315_027,12,11,Motorboat,408,420,253,264
201807081315_028,23,16,Motorboat,491,514,264,280
201807081315_030,57,52,Motorboat,344,401,270,322
201807081315_026,22,98,Sailboat,542,564,175,273
201807081315_027,62,312,Sailboat,314,376,7,319
201807081315_031,28,112,Sailboat,625,653,177,289
201807081315_032,80,254,Sailboat,263,343,78,332
201807081315_031,91,133,Militaryship,914,1005,159,292
201807081315_032,143,177,Militaryship,849,992,124,301
201807081315_033,302,304,Militaryship,942,1244,54,358
201807081315_034,131,209,Militaryship,1134,1265,134,343
201807081315_035,54,18,Militaryship,975,1029,255,273
201807081315_036,89,25,Militaryship,860,949,251,276
201807081315_037,90,25,Militaryship,921,1011,250,275
201807081315_038,91,25,Militaryship,600,691,246,271
201807081315_033,13,5,Boat,867,880,269,274
201807081315_034,24,10,Boat,639,663,275,285
201807081315_035,57,22,Boat,60,117,313,335
201807081315_030,15,10,Motorboat,754,769,262,272
201807081315_031,20,14,Motorboat,747,767,266,280
201807081315_032,36,26,Motorboat,464,500,276,302
201807081315_034,40,16,Miscboat,1024,1064,272,288
201807081315_035,47,18,Miscboat,923,970,274,292
201807081315_036,74,29,Miscboat,840,914,273,302
201807081315_037,115,53,Miscboat,1116,1231,290,343
201807081315_033,33,13,Motorboat,892,925,256,269
201807081315_034,38,17,Motorboat,857,895,255,272
201807081315_035,47,21,Motorboat,665,712,246,267
201807081315_036,52,18,Motorboat,532,584,250,268
201807081315_037,63,25,Motorboat,523,586,247,272
201807081315_038,77,38,Motorboat,128,205,237,275
201807081315_038,15,12,Motorboat,949,964,268,280
201807081315_039,25,14,Motorboat,172,197,266,280
201807081315_035,37,40,Militaryship,1105,1142,238,278
201807081315_036,46,49,Militaryship,1002,1048,232,281
201807081315_037,52,52,Militaryship,1070,1122,225,277
201807081315_038,66,57,Militaryship,762,828,214,271
201807081315_039,71,67,Militaryship,128,199,199,266
201807081315_040,75,90,Militaryship,78,153,184,274
201807081315_035,61,36,Militaryship,1130,1191,244,280
201807081315_036,80,47,Militaryship,1024,1104,236,283
201807081315_037,109,64,Militaryship,1084,1193,223,287
201807081315_038,78,61,Militaryship,792,870,211,272
201807081315_039,87,68,Militaryship,166,253,201,269
201807081315_040,95,66,Militaryship,152,247,203,269
201807081315_041,152,53,Militaryship,20,172,214,267
201807081315_039,6,13,Seamark,411,417,249,262
201807081315_040,6,15,Seamark,440,446,250,265
201807081315_041,11,18,Seamark,405,416,247,265
201807081315_042,7,18,Seamark,364,371,249,267
201807081315_039,11,14,Passengership,466,477,246,260
201807081315_040,14,22,Passengership,505,519,243,265
201807081315_041,21,28,Passengership,465,486,238,266
201807081315_042,29,35,Passengership,394,423,235,270
201807081315_043,61,54,Passengership,209,270,227,281
201807081315_043,9,19,Seamark,296,305,248,267
201807081315_044,11,28,Seamark,252,263,245,273
201807081315_046,4,8,Seamark,390,394,251,259
201807081315_047,13,15,Seamark,309,322,249,264
201807081315_048,4,9,Seamark,269,273,248,257
201807081315_044,164,34,Cargoship,900,1064,240,274
201807081315_045,165,30,Cargoship,827,992,246,276
201807081315_046,231,40,Cargoship,987,1218,242,282
201807081315_047,258,70,Cargoship,1014,1272,225,295
201807081315_052,55,85,Militaryship,1057,1112,219,304
201807081315_053,106,111,Militaryship,1108,1214,207,318
201807081315_054,149,196,Militaryship,1113,1262,157,353
201807081315_049,6,13,Seamark,202,208,259,272
201807081315_050,12,23,Seamark,322,334,247,270
201807081315_051,9,21,Seamark,186,195,248,269
201807081315_052,10,30,Seamark,34,44,249,279
201807081315_050,29,16,Miscboat,465,494,248,264
201807081315_051,30,14,Miscboat,371,401,248,262
201807081315_052,45,21,Miscboat,302,347,247,268
201807081315_053,47,20,Miscboat,95,142,251,271
201807081315_050,34,21,Miscboat,504,538,242,263
201807081315_051,43,24,Miscboat,396,439,238,262
201807081315_052,59,33,Miscboat,339,398,237,270
201807081315_053,64,32,Miscboat,151,215,236,268
201807081315_050,56,25,Passengership,590,646,241,266
201807081315_051,64,30,Passengership,499,563,235,265
201807081315_052,75,34,Passengership,471,546,237,271
201807081315_053,81,37,Passengership,305,386,229,266
201807081315_052,32,54,Sailboat,683,715,220,274
201807081315_053,36,61,Sailboat,553,589,212,273
201807081315_054,46,83,Sailboat,307,353,194,277
201807081315_055,64,111,Sailboat,160,224,171,282
201807081315_052,30,15,Motorboat,744,774,263,278
201807081315_053,38,12,Motorboat,633,671,262,274
201807081315_054,50,19,Motorboat,394,444,257,276
201807081315_055,67,24,Motorboat,275,342,255,279
201807081315_052,34,39,Sailboat,983,1017,246,285
201807081315_053,45,49,Sailboat,917,962,235,284
201807081315_053,30,9,Motorboat,777,807,268,277
201807081315_054,40,13,Motorboat,572,612,263,276
201807081315_055,50,17,Motorboat,516,566,264,281
201807081315_056,73,25,Motorboat,312,385,265,290
201807081315_056,8,62,Seamark,1133,1141,288,350
201807081315_057,26,161,Seamark,1162,1188,335,496
201807081315_055,104,41,Motorboat,255,359,287,328
201807081315_056,52,34,Motorboat,1062,1114,301,335
201807081315_057,38,26,Motorboat,1056,1094,294,320
201807081315_055,57,104,Sailboat,748,805,181,285
201807081315_056,89,155,Sailboat,652,741,139,294
201807081315_057,149,256,Sailboat,7,156,65,321
201807081315_052,12,16,Motorboat,922,934,264,280
201807081315_053,18,17,Motorboat,841,859,260,277
201807081315_054,19,19,Motorboat,650,669,257,276
201807081315_055,26,24,Motorboat,618,644,254,278
201807081315_056,31,37,Motorboat,470,501,251,288
201807081315_058,54,27,Boat,536,590,294,321
201807081315_059,78,43,Boat,1118,1196,290,333
201807081315_059,9,23,Seamark,169,178,269,292
201807081315_060,9,21,Seamark,12,21,285,306
201807081315_002,69,34,Miscboat,122,191,261,295
201807081315_002,35,28,Miscboat,229,264,257,285
201807081315_002,37,22,Miscboat,264,301,258,280
201807081315_005,113,59,Miscboat,887,1000,253,312
201807081315_005,11,9,Motorboat,477,488,260,269
201807081315_008,9,7,Boat,681,690,258,265
201807081315_008,9,7,Boat,721,730,257,264
201807081315_011,138,93,Motorboat,1135,1273,285,378
201807081315_011,59,28,Motorboat,972,1031,285,313
201807081315_020,307,220,Miscboat,828,1135,276,496
201807081315_023,362,153,Passengership,898,1260,300,453
201807081315_053,37,34,Miscboat,144,181,238,272
201807081315_053,51,27,Miscboat,219,270,243,270
201807081315_053,14,10,Motorboat,692,706,263,273
201807081315_059,115,38,Miscboat,1081,1196,252,290
201807081315_059,75,38,Miscboat,1205,1280,254,292
201807081315_008,35,127,Sailboat,428,463,156,283
201807081315_009,165,355,Sailboat,995,1160,4,359
201807081315_008,13,53,Sailboat,612,625,212,265
201807081315_012,98,214,Sailboat,956,1054,104,318
201807081315_017,193,383,Sailboat,8,201,10,393
201807081315_056,104,87,Sailboat,607,711,202,289
201807081315_007,244,98,Ferry,1037,1281,251,349
201807081315_023,77,81,Cruiseship,894,971,189,270
201807081315_000,208,220,Passengership,1076,1284,149,369
201807081315_002,37,45,Sailboat,605,642,211,256
201807081315_010,55,37,Motorboat,146,201,267,304
201807081315_012,215,123,Motorboat,68,283,288,411
201807081315_021,17,14,Boat,712,729,262,276
201807081315_022,14,11,Boat,455,469,263,274
201807081315_022,26,20,Motorboat,424,450,264,284
201807081315_022,23,18,Motorboat,407,430,243,261
201807081315_022,20,16,Motorboat,486,506,253,269
201807081315_025,14,9,Motorboat,413,427,262,271
201807081315_025,30,24,Boat,411,441,273,297
201807081315_026,216,88,Boat,690,906,312,400
201807081315_027,26,28,Boat,225,251,266,294
201807081315_027,110,108,Boat,75,185,318,426
201807081315_045,22,14,Boat,218,240,257,271
201807081315_045,17,12,Boat,21,38,254,266
201807081315_046,25,21,Miscboat,25,50,248,269
201807081315_050,14,11,Boat,406,420,260,271
201807081315_058,77,49,Motorboat,1191,1268,295,344
201807081315_058,46,45,Motorboat,839,885,269,314
201807081315_019,149,181,Militaryship,1042,1191,171,352
201807081315_023,302,207,Militaryship,12,314,102,309
201807081315_023,214,114,Militaryship,429,643,167,281
201807081315_032,137,232,Militaryship,1006,1143,69,301
201807081315_034,97,238,Militaryship,1182,1279,160,398
201807081315_035,43,29,Militaryship,1045,1088,247,276
201807081315_038,31,17,Militaryship,562,593,251,268
201807081315_000,21,15,Militaryship,283,304,251,266
201807081315_003,5,7,Miscboat,619,624,258,265
201807081315_023,35,20,Boat,126,161,296,316
201807081315_028,67,64,Miscboat,352,419,237,301
201807081315_038,4,11,Seamark,1003,1007,264,275
201807081315_055,4,24,Seamark,969,973,274,298
201807081315_057,5,56,Seamark,196,201,275,331
201807081315_058,20,158,Seamark,1057,1077,346,504
201807081315_061,7,21,Seamark,1076,1083,254,275
201807081315_005,56,22,Ferry,725,781,260,282
201807081345_000,13,31,Seamark,890,903,252,283
201807081345_001,18,59,Seamark,839,857,248,307
201807081345_002,62,184,Seamark,1038,1100,244,428
201807081345_004,8,7,Boat,401,409,269,276
201807081345_005,16,13,Boat,194,210,281,294
201807081345_003,7,20,Seamark,408,415,255,275
201807081345_004,4,13,Seamark,353,357,265,278
201807081345_005,6,21,Seamark,266,272,264,285
201807081345_006,11,24,Seamark,45,56,278,302
201807081345_004,11,43,Sailboat,499,510,227,270
201807081345_005,19,68,Sailboat,410,429,207,275
201807081345_006,36,119,Sailboat,142,178,175,294
201807081345_003,6,12,Seamark,782,788,253,265
201807081345_004,6,14,Seamark,795,801,257,271
201807081345_005,8,23,Seamark,821,829,252,275
201807081345_006,17,34,Seamark,814,831,250,284
201807081345_007,13,44,Seamark,1086,1099,248,292
201807081345_008,5,18,Seamark,938,943,251,269
201807081345_009,9,19,Seamark,1000,1009,249,268
201807081345_010,11,15,Seamark,1077,1088,253,268
201807081345_009,9,25,Seamark,1054,1063,254,279
201807081345_010,9,36,Seamark,1269,1278,257,293
201807081345_008,5,14,Seamark,465,470,259,273
201807081345_009,10,24,Seamark,418,428,261,285
201807081345_010,8,32,Seamark,323,331,259,291
201807081345_011,14,57,Seamark,175,189,265,322
201807081345_012,29,104,Seamark,34,63,266,370
201807081345_011,17,12,Motorboat,35,52,279,291
201807081345_012,16,14,Motorboat,158,174,268,282
201807081345_013,15,13,Motorboat,193,208,270,283
201807081345_014,14,12,Motorboat,216,230,274,286
201807081345_014,22,92,Sailboat,87,109,202,294
201807081345_015,31,149,Sailboat,1,32,153,302
201807081345_013,23,12,Miscboat,163,186,280,292
201807081345_014,26,15,Miscboat,126,152,286,301
201807081345_014,40,12,Motorboat,262,302,271,283
201807081345_015,58,20,Motorboat,143,201,273,293
201807081345_016,67,19,Motorboat,29,96,289,308
201807081345_017,118,24,Motorboat,43,161,301,325
201807081345_014,17,5,Motorboat,424,441,268,273
201807081345_015,28,12,Motorboat,405,433,266,278
201807081345_016,11,10,Motorboat,459,470,273,283
201807081345_017,18,13,Motorboat,717,735,272,285
201807081345_014,29,67,Sailboat,184,213,219,286
201807081345_015,31,97,Sailboat,67,98,202,299
201807081345_019,80,27,Motorboat,243,323,289,316
201807081345_020,71,38,Motorboat,1148,1219,281,319
201807081345_021,24,48,Sailboat,2,26,244,292
201807081345_022,38,54,Sailboat,266,304,225,279
201807081345_023,32,65,Sailboat,448,480,215,280
201807081345_024,37,70,Sailboat,550,587,215,285
201807081345_025,40,70,Sailboat,547,587,214,284
201807081345_026,42,88,Sailboat,394,436,209,297
201807081345_027,57,136,Sailboat,334,391,172,308
201807081345_028,47,144,Sailboat,385,432,165,309
201807081345_029,49,147,Sailboat,528,577,164,311
201807081345_030,46,169,Sailboat,440,486,148,317
201807081345_031,62,201,Sailboat,287,349,134,335
201807081345_024,8,26,Seamark,287,295,260,286
201807081345_025,11,36,Seamark,81,92,260,296
201807081345_025,5,17,Seamark,1142,1147,253,270
201807081345_026,6,21,Seamark,946,952,256,277
201807081345_027,13,26,Seamark,836,849,254,280
201807081345_028,11,41,Seamark,794,805,250,291
201807081345_029,27,84,Seamark,973,1000,252,336
201807081345_030,53,195,Seamark,1216,1269,249,444
201807081345_020,5,18,Seamark,660,665,255,273
201807081345_021,10,20,Seamark,712,722,252,272
201807081345_022,5,26,Seamark,882,887,251,277
201807081345_023,12,32,Seamark,925,937,254,286
201807081345_024,20,54,Seamark,955,975,251,305
201807081345_025,28,79,Seamark,998,1026,248,327
201807081345_020,23,13,Motorboat,408,431,265,278
201807081345_021,22,15,Motorboat,599,621,264,279
201807081345_022,17,11,Motorboat,878,895,263,274
201807081345_023,12,11,Motorboat,1023,1035,265,276
201807081345_024,13,12,Motorboat,1076,1089,268,280
201807081345_025,13,12,Motorboat,1068,1081,261,273
201807081345_026,12,9,Motorboat,895,907,265,274
201807081345_027,15,17,Motorboat,803,818,260,277
201807081345_028,14,11,Motorboat,750,764,262,273
201807081345_029,11,10,Motorboat,886,897,263,273
201807081345_026,24,12,Motorboat,677,701,264,276
201807081345_027,67,39,Motorboat,107,174,278,317
201807081345_025,5,15,Seamark,750,755,248,263
201807081345_026,7,20,Seamark,464,471,256,276
201807081345_032,65,181,Sailboat,207,272,153,334
201807081345_033,110,276,Sailboat,61,171,98,374
201807081345_034,112,314,Sailboat,10,122,76,390
201807081345_035,102,420,Sailboat,14,116,8,428
201807081345_031,4,12,Seamark,688,692,254,266
201807081345_032,5,20,Seamark,705,710,252,272
201807081345_033,9,25,Seamark,701,710,253,278
201807081345_034,8,27,Seamark,715,723,255,282
201807081345_035,14,44,Seamark,811,825,248,292
201807081345_036,36,86,Seamark,911,947,258,344
201807081345_037,13,9,Boat,604,617,264,273
201807081345_038,36,19,Boat,165,201,288,307
201807081345_033,88,29,Cruiseship,192,280,228,257
201807081345_034,81,47,Cruiseship,183,264,219,266
201807081345_035,49,31,Cargoship,227,276,236,267
201807081345_036,66,24,Cargoship,117,183,253,277
201807081345_037,54,28,Cargoship,12,66,246,274
201807081345_035,8,7,Boat,795,803,259,266
201807081345_036,18,16,Boat,680,698,264,280
201807081345_037,32,19,Boat,496,528,267,286
201807081345_037,9,22,Seamark,878,887,249,271
201807081345_038,8,20,Seamark,768,776,253,273
201807081345_039,9,23,Seamark,825,834,244,267
201807081345_040,7,33,Seamark,802,809,243,276
201807081345_041,13,44,Seamark,793,806,241,285
201807081345_042,25,62,Seamark,859,884,245,307
201807081345_043,31,120,Seamark,877,908,235,355
201807081345_021,46,22,Boat,70,116,281,303
201807081345_022,41,17,Boat,449,490,270,287
201807081345_023,33,11,Boat,777,810,275,286
201807081345_024,21,14,Boat,973,994,276,290
201807081345_025,19,13,Boat,991,1010,272,285
201807081345_026,17,12,Boat,898,915,275,287
201807081345_027,26,18,Boat,773,799,266,284
201807081345_028,16,14,Boat,716,732,264,278
201807081345_029,17,12,Boat,846,863,268,280
201807081345_030,16,13,Boat,732,748,266,279
201807081345_031,15,10,Boat,657,672,265,275
201807081345_032,13,11,Boat,669,682,263,274
201807081345_033,19,16,Boat,719,738,261,277
201807081345_034,11,9,Boat,785,796,266,275
201807081345_035,12,8,Boat,895,907,265,273
201807081345_036,9,6,Boat,905,914,268,274
201807081345_037,10,6,Boat,852,862,265,271
201807081345_038,13,13,Boat,755,768,260,273
201807081345_039,10,10,Boat,878,888,252,262
201807081345_040,9,9,Boat,864,873,253,262
201807081345_040,53,23,Miscboat,57,110,277,300
201807081345_041,51,19,Miscboat,168,219,273,292
201807081345_042,51,22,Miscboat,329,380,270,292
201807081345_043,46,17,Miscboat,389,435,272,289
201807081345_039,20,17,Motorboat,713,733,248,265
201807081345_040,19,11,Motorboat,550,569,257,268
201807081345_041,30,17,Motorboat,311,341,262,279
201807081345_042,51,23,Motorboat,90,141,278,301
201807081345_031,10,11,Motorboat,643,653,261,272
201807081345_032,10,8,Motorboat,715,725,262,270
201807081345_033,14,14,Motorboat,755,769,259,273
201807081345_034,8,7,Motorboat,811,819,263,270
201807081345_035,9,6,Motorboat,904,913,263,269
201807081345_036,10,7,Motorboat,899,909,268,275
201807081345_037,11,8,Motorboat,869,880,262,270
201807081345_038,9,11,Motorboat,801,810,257,268
201807081345_039,10,12,Motorboat,880,890,249,261
201807081345_040,24,6,Motorboat,707,731,257,263
201807081345_041,9,10,Motorboat,673,682,253,263
201807081345_042,19,14,Motorboat,616,635,258,272
201807081345_043,25,12,Motorboat,351,376,275,287
201807081345_040,35,21,Passengership,997,1032,230,251
201807081345_041,46,20,Passengership,904,950,233,253
201807081345_042,41,18,Passengership,898,939,239,257
201807081345_043,67,31,Passengership,718,785,235,266
201807081345_037,56,38,Militaryship,1179,1235,234,272
201807081345_038,89,34,Militaryship,1070,1159,235,269
201807081345_039,73,36,Militaryship,1129,1202,219,255
201807081345_040,79,45,Militaryship,1106,1185,210,255
201807081345_041,90,52,Militaryship,1102,1192,204,256
201807081345_042,108,49,Militaryship,1152,1260,213,262
201807081345_043,104,46,Militaryship,1096,1200,216,262
201807081345_037,98,22,Militaryship,418,516,238,260
201807081345_038,129,28,Militaryship,250,379,240,268
201807081345_039,137,27,Militaryship,251,388,243,270
201807081345_040,102,44,Militaryship,179,281,231,275
201807081345_041,111,33,Militaryship,110,221,243,276
201807081345_042,116,40,Militaryship,110,226,238,278
201807081345_043,93,50,Militaryship,7,100,233,283
201807081345_037,28,11,Miscboat,378,406,257,268
201807081345_038,23,11,Miscboat,474,497,260,271
201807081345_039,23,19,Miscboat,650,673,248,267
201807081345_040,14,14,Miscboat,736,750,248,262
201807081345_041,15,9,Miscboat,820,835,249,258
201807081345_031,18,29,Cruiseship,628,646,230,259
201807081345_032,19,33,Cruiseship,637,656,226,259
201807081345_033,19,25,Cruiseship,622,641,234,259
201807081345_034,19,33,Cruiseship,626,645,228,261
201807081345_035,22,36,Cruiseship,677,699,223,259
201807081345_036,27,45,Cruiseship,627,654,221,266
201807081345_037,23,40,Cruiseship,546,569,219,259
201807081345_038,27,42,Cruiseship,387,414,225,267
201807081345_039,26,48,Cruiseship,398,424,218,266
201807081345_040,31,52,Cruiseship,309,340,218,270
201807081345_041,35,53,Cruiseship,233,268,215,268
201807081345_042,32,59,Cruiseship,242,274,217,276
201807081345_043,36,57,Cruiseship,107,143,221,278
201807081345_011,15,7,Miscboat,764,779,258,265
201807081345_011,18,6,Miscboat,718,736,259,265
201807081345_018,289,56,Motorboat,405,694,314,370
201807081345_018,64,23,Miscboat,735,799,278,301
201807081345_014,24,11,Miscboat,232,256,274,285
201807081345_018,87,33,Miscboat,847,934,274,307
201807081345_019,45,20,Motorboat,559,604,259,279
201807081345_025,11,9,Miscboat,1030,1041,256,265
201807081345_035,15,9,Boat,836,851,256,265
201807081345_035,27,9,Boat,146,173,263,272
201807081345_040,17,25,Miscboat,1247,1264,227,252
201807081345_014,38,89,Sailboat,4,42,209,298
201807081345_014,28,87,Sailboat,53,81,208,295
201807081345_014,33,110,Sailboat,146,179,179,289
201807081345_015,17,75,Sailboat,42,59,224,299
201807081345_014,35,91,Sailboat,111,146,198,289
201807081345_017,74,120,Sailboat,67,141,202,322
201807081345_018,72,186,Sailboat,307,379,134,320
201807081345_018,110,377,Sailboat,46,156,1,378
201807081345_019,39,174,Sailboat,1234,1273,155,329
201807081345_019,63,210,Sailboat,1142,1205,108,318
201807081345_019,54,143,Sailboat,1073,1127,171,314
201807081345_019,52,196,Sailboat,1002,1054,112,308
201807081345_019,70,203,Sailboat,927,997,108,311
201807081345_019,43,74,Sailboat,466,509,210,284
201807081345_024,44,58,Sailboat,335,379,228,286
201807081345_001,54,23,Passengership,346,400,257,280
201807081345_023,26,12,Boat,738,764,261,273
201807081345_029,15,12,Boat,337,352,270,282
201807081345_028,13,9,Boat,371,384,268,277
201807081345_029,7,5,Boat,310,317,278,283
201807081345_000,7,25,Seamark,238,245,259,284
201807081345_004,2,7,Seamark,423,425,262,269
201807081345_007,3,14,Seamark,782,785,253,267
201807081345_007,3,9,Seamark,801,804,253,262
201807081345_007,10,34,Seamark,55,65,276,310
201807081345_019,16,26,Miscellaneous,462,478,337,363
201807081345_020,9,13,Seamark,392,401,258,271
201807081345_019,7,5,Miscellaneous,845,852,291,296
201807081345_022,8,21,Seamark,533,541,249,270
201807081345_027,9,27,Seamark,205,214,257,284
201807081345_034,3,10,Seamark,854,857,255,265
201807081345_031,42,12,Cargoship,451,493,250,262
201807081345_037,85,33,Cruiseship,36,121,226,259
201807081345_037,66,30,Cargoship,188,254,233,263
201807081415_000,10,30,Seamark,741,751,256,286
201807081415_001,7,69,Seamark,409,416,269,338
201807081415_000,9,23,Seamark,1018,1027,249,272
201807081415_001,10,25,Seamark,871,881,258,283
201807081415_002,20,50,Seamark,1164,1184,285,335
201807081415_000,25,18,Passengership,871,896,242,260
201807081415_001,47,23,Passengership,470,517,248,271
201807081415_002,113,59,Passengership,5,118,259,318
201807081415_001,180,83,Militaryship,896,1076,186,269
201807081415_002,235,162,Militaryship,1026,1261,124,286
201807081415_003,142,89,Militaryship,1055,1197,187,276
201807081415_004,100,51,Militaryship,1176,1276,230,281
201807081415_006,58,23,Militaryship,1085,1143,253,276
201807081415_003,6,28,Seamark,786,792,264,292
201807081415_004,11,73,Seamark,881,892,254,327
201807081415_005,17,107,Seamark,1034,1051,292,399
201807081415_002,10,9,Passengership,743,753,249,258
201807081415_003,19,15,Passengership,790,809,243,258
201807081415_004,18,15,Passengership,842,860,241,256
201807081415_005,19,21,Passengership,770,789,237,258
201807081415_006,31,39,Passengership,484,515,230,269
201807081415_007,71,40,Passengership,413,484,244,284
201807081415_008,140,61,Passengership,204,344,241,302
201807081415_010,31,57,Militaryship,76,107,233,290
201807081415_011,39,71,Militaryship,13,52,226,297
201807081415_002,31,15,Passengership,652,683,252,267
201807081415_003,43,24,Passengership,562,605,249,273
201807081415_004,74,28,Passengership,387,461,258,286
201807081415_005,79,51,Passengership,8,87,272,323
201807081415_004,96,361,Sailboat,4,100,52,413
201807081415_005,181,417,Sailboat,58,239,11,428
201807081415_006,68,464,Sailboat,0,68,1,465
201807081415_002,7,5,Boat,858,865,258,263
201807081415_003,13,7,Boat,876,889,259,266
201807081415_005,61,38,Militaryship,1215,1276,247,285
201807081415_006,135,54,Militaryship,1146,1281,247,301
201807081415_004,16,7,Boat,612,628,263,270
201807081415_005,26,12,Boat,365,391,273,285
201807081415_002,7,6,Boat,760,767,255,261
201807081415_003,8,7,Boat,773,781,253,260
201807081415_004,14,5,Boat,775,789,254,259
201807081415_006,59,16,Motorboat,936,995,242,258
201807081415_007,70,17,Motorboat,998,1068,246,263
201807081415_008,80,33,Motorboat,1050,1130,240,273
201807081415_009,76,24,Motorboat,1205,1281,246,270
201807081415_009,15,7,Boat,612,627,266,273
201807081415_010,57,27,Boat,98,155,312,339
201807081415_000,38,22,Motorboat,591,629,268,290
201807081415_001,26,22,Motorboat,378,404,276,298
201807081415_002,50,26,Motorboat,453,503,275,301
201807081415_003,60,32,Motorboat,631,691,266,298
201807081415_004,51,34,Motorboat,875,926,259,293
201807081415_005,41,33,Motorboat,963,1004,265,298
201807081415_006,44,33,Motorboat,786,830,264,297
201807081415_007,40,31,Motorboat,839,879,272,303
201807081415_008,41,25,Motorboat,883,924,270,295
201807081415_009,39,28,Motorboat,1001,1040,262,290
201807081415_010,30,22,Motorboat,1144,1174,259,281
201807081415_009,11,7,Boat,305,316,269,276
201807081415_010,11,9,Boat,217,228,278,287
201807081415_011,13,12,Boat,235,248,280,292
201807081415_010,12,10,Boat,144,156,280,290
201807081415_011,24,18,Boat,43,67,298,316
201807081415_008,14,9,Motorboat,808,822,249,258
201807081415_009,15,10,Motorboat,863,878,247,257
201807081415_010,16,11,Motorboat,911,927,245,256
201807081415_011,23,12,Motorboat,1069,1092,246,258
201807081415_008,18,8,Motorboat,780,798,249,257
201807081415_009,20,9,Motorboat,833,853,247,256
201807081415_010,22,10,Motorboat,878,900,245,255
201807081415_011,27,12,Motorboat,1034,1061,245,257
201807081415_011,51,76,Militaryship,51,102,212,288
201807081415_012,64,85,Militaryship,42,106,218,303
201807081415_014,199,219,Militaryship,53,252,101,320
201807081415_015,180,212,Militaryship,0,180,134,346
201807081415_016,175,202,Militaryship,4,179,166,368
201807081415_017,120,205,Militaryship,109,229,113,318
201807081415_015,67,120,Militaryship,183,250,173,293
201807081415_016,119,121,Militaryship,316,435,169,290
201807081415_017,254,223,Militaryship,151,405,94,317
201807081415_016,112,132,Militaryship,188,300,186,318
201807081415_017,116,178,Militaryship,9,125,177,355
201807081415_015,26,25,Miscboat,609,635,250,275
201807081415_016,38,36,Miscboat,882,920,244,280
201807081415_017,69,57,Miscboat,1091,1160,244,301
201807081415_014,32,22,Miscboat,477,509,250,272
201807081415_015,37,25,Miscboat,578,615,246,271
201807081415_016,50,34,Miscboat,839,889,238,272
201807081415_017,49,67,Miscboat,1025,1074,220,287
201807081415_017,31,62,Miscboat,985,1016,217,279
201807081415_018,95,74,Miscboat,1068,1163,225,299
201807081415_017,20,33,Militaryship,965,985,244,277
201807081415_018,42,43,Militaryship,1026,1068,246,289
201807081415_019,86,69,Militaryship,1194,1280,247,316
201807081415_017,11,8,Boat,562,573,263,271
201807081415_018,16,12,Boat,458,474,281,293
201807081415_019,58,34,Boat,294,352,318,352
201807081415_015,27,87,Militaryship,249,276,198,285
201807081415_016,73,121,Militaryship,411,484,159,280
201807081415_017,80,183,Militaryship,408,488,101,284
201807081415_018,176,252,Militaryship,190,366,59,311
201807081415_019,263,286,Militaryship,6,269,63,349
201807081415_019,103,133,Cruiseship,233,336,159,292
201807081415_020,137,415,Sailboat,124,261,3,418
201807081415_014,32,32,Militaryship,385,417,239,271
201807081415_015,40,43,Militaryship,476,516,224,267
201807081415_016,43,21,Militaryship,726,769,245,266
201807081415_017,55,89,Militaryship,801,856,178,267
201807081415_018,85,116,Militaryship,771,856,160,276
201807081415_019,114,107,Militaryship,812,926,180,287
201807081415_020,107,277,Militaryship,1170,1277,41,318
201807081415_019,22,50,Militaryship,340,362,228,278
201807081415_020,76,78,Militaryship,414,490,200,278
201807081415_021,134,117,Militaryship,193,327,190,307
201807081415_017,27,45,Militaryship,494,521,222,267
201807081415_018,41,38,Militaryship,395,436,235,273
201807081415_019,31,55,Militaryship,372,403,219,274
201807081415_020,67,82,Militaryship,490,557,200,282
201807081415_021,131,126,Militaryship,334,465,170,296
201807081415_022,249,137,Militaryship,6,255,212,349
201807081415_022,29,30,Militaryship,256,285,276,306
201807081415_023,66,38,Militaryship,0,66,301,339
201807081415_018,24,43,Sailboat,458,482,235,278
201807081415_019,30,84,Sailboat,405,435,210,294
201807081415_020,23,20,Boat,548,571,252,272
201807081415_021,40,28,Militaryship,482,522,249,277
201807081415_022,24,15,Boat,298,322,279,294
201807081415_020,23,19,Militaryship,594,617,249,268
201807081415_021,31,25,Militaryship,529,560,249,274
201807081415_022,64,46,Militaryship,360,424,248,294
201807081415_023,98,58,Militaryship,208,306,257,315
201807081415_020,19,20,Militaryship,575,594,249,269
201807081415_021,27,26,Militaryship,500,527,250,276
201807081415_022,34,34,Militaryship,348,382,256,290
201807081415_019,25,10,Ferry,561,586,254,264
201807081415_020,19,16,Passengership,720,739,239,255
201807081415_021,20,23,Passengership,700,720,238,261
201807081415_022,28,34,Passengership,598,626,235,269
201807081415_023,59,48,Passengership,577,636,230,278
201807081415_025,91,28,Passengership,92,183,284,312
201807081415_014,25,38,Militaryship,287,312,234,272
201807081415_015,25,45,Militaryship,380,405,224,269
201807081415_016,23,47,Militaryship,623,646,212,259
201807081415_017,38,60,Militaryship,668,706,203,263
201807081415_018,45,60,Militaryship,607,652,206,266
201807081415_019,42,63,Militaryship,604,646,206,269
201807081415_020,60,80,Militaryship,801,861,189,269
201807081415_021,86,136,Militaryship,814,900,149,285
201807081415_022,123,205,Militaryship,809,932,97,302
201807081415_023,353,398,Militaryship,908,1261,16,414
201807081415_024,197,330,Militaryship,1084,1281,84,414
201807081415_022,94,55,Militaryship,668,762,208,263
201807081415_023,71,60,Militaryship,714,785,205,265
201807081415_024,105,88,Militaryship,626,731,183,271
201807081415_025,166,70,Militaryship,520,686,203,273
201807081415_026,163,107,Militaryship,564,727,175,282
201807081415_027,336,266,Militaryship,780,1116,60,326
201807081415_028,262,386,Militaryship,1014,1276,26,412
201807081415_024,189,214,Militaryship,896,1085,94,308
201807081415_025,309,365,Militaryship,968,1277,2,367
201807081415_020,21,12,Militaryship,673,694,246,258
201807081415_021,23,13,Militaryship,630,653,246,259
201807081415_022,25,14,Militaryship,518,543,249,263
201807081415_023,18,19,Militaryship,517,535,247,266
201807081415_022,32,12,Passengership,488,520,261,273
201807081415_023,42,20,Passengership,448,490,261,281
201807081415_024,82,28,Ferry,782,864,252,280
201807081415_025,100,35,Ferry,561,661,256,291
201807081415_026,143,59,Ferry,130,273,275,334
201807081415_025,16,20,Motorboat,204,220,273,293
201807081415_026,35,30,Motorboat,83,118,280,310
201807081415_025,22,25,Militaryship,262,284,256,281
201807081415_026,29,38,Militaryship,209,238,246,284
201807081415_027,51,83,Militaryship,277,328,211,294
201807081415_028,81,133,Militaryship,51,132,193,326
201807081415_000,11,10,Motorboat,1007,1018,249,259
201807081415_001,10,11,Motorboat,827,837,249,260
201807081415_002,10,11,Motorboat,922,932,251,262
201807081415_003,9,10,Motorboat,967,976,249,259
201807081415_004,23,12,Motorboat,970,993,243,255
201807081415_005,21,11,Motorboat,854,875,244,255
201807081415_006,19,10,Motorboat,543,562,250,260
201807081415_007,29,14,Motorboat,463,492,251,265
201807081415_008,26,13,Motorboat,411,437,257,270
201807081415_009,24,12,Motorboat,348,372,261,273
201807081415_010,25,14,Motorboat,179,204,263,277
201807081415_011,23,13,Motorboat,133,156,266,279
201807081415_012,20,13,Motorboat,141,161,273,286
201807081415_013,15,14,Motorboat,222,237,265,279
201807081415_014,13,12,Motorboat,322,335,265,277
201807081415_015,16,12,Motorboat,362,378,263,275
201807081415_016,14,8,Motorboat,586,600,258,266
201807081415_017,14,11,Motorboat,616,630,254,265
201807081415_018,14,18,Motorboat,542,556,251,269
201807081415_019,13,25,Motorboat,522,535,248,273
201807081415_020,14,15,Motorboat,730,744,252,267
201807081415_021,20,17,Motorboat,737,757,251,268
201807081415_022,16,16,Motorboat,705,721,252,268
201807081415_023,20,20,Motorboat,717,737,250,270
201807081415_024,24,19,Motorboat,602,626,255,274
201807081415_025,23,30,Motorboat,482,505,248,278
201807081415_026,17,23,Motorboat,458,475,258,281
201807081415_027,24,28,Motorboat,625,649,250,278
201807081415_028,24,29,Motorboat,645,669,249,278
201807081415_029,27,28,Motorboat,577,604,256,284
201807081415_030,23,27,Motorboat,693,716,240,267
201807081415_031,22,26,Motorboat,698,720,243,269
201807081415_032,35,40,Motorboat,718,753,236,276
201807081415_033,60,64,Motorboat,725,785,224,288
201807081415_034,102,97,Motorboat,773,875,216,313
201807081415_016,48,96,Sailboat,490,538,163,259
201807081415_017,71,112,Sailboat,502,573,147,259
201807081415_018,56,127,Sailboat,443,499,134,261
201807081415_019,76,117,Sailboat,416,492,147,264
201807081415_020,116,169,Sailboat,556,672,94,263
201807081415_021,56,184,Sailboat,556,612,81,265
201807081415_022,155,263,Sailboat,338,493,17,280
201807081415_023,266,287,Sailboat,194,460,9,296
201807081415_024,276,335,Sailboat,0,276,1,336
201807081415_025,103,333,Sailboat,0,103,3,336
201807081415_025,24,33,Militaryship,287,311,247,280
201807081415_026,25,36,Militaryship,241,266,248,284
201807081415_027,43,49,Militaryship,323,366,242,291
201807081415_028,62,120,Militaryship,123,185,199,319
201807081415_025,9,11,Motorboat,415,424,254,265
201807081415_026,12,13,Motorboat,417,429,253,266
201807081415_025,18,6,Ferry,383,401,257,263
201807081415_026,17,8,Ferry,391,408,256,264
201807081415_023,28,27,Militaryship,679,707,235,262
201807081415_024,33,32,Militaryship,596,629,232,264
201807081415_025,36,35,Militaryship,528,564,231,266
201807081415_026,27,84,Militaryship,532,559,190,274
201807081415_027,53,117,Militaryship,728,781,163,280
201807081415_028,204,223,Militaryship,837,1041,86,309
201807081415_029,331,425,Militaryship,939,1270,10,435
201807081415_025,13,10,Passengership,347,360,258,268
201807081415_026,16,13,Passengership,341,357,260,273
201807081415_027,27,21,Passengership,504,531,253,274
201807081415_028,65,49,Passengership,420,485,246,295
201807081415_029,50,38,Boat,120,170,307,345
201807081415_028,32,27,Militaryship,300,332,262,289
201807081415_029,67,42,Militaryship,67,134,275,317
201807081415_025,24,35,Militaryship,314,338,244,279
201807081415_026,27,36,Militaryship,271,298,247,283
201807081415_027,52,51,Militaryship,367,419,239,290
201807081415_028,32,26,Miscboat,334,366,255,281
201807081415_029,44,38,Miscboat,164,208,264,302
201807081415_030,91,61,Miscboat,22,113,270,331
201807081415_024,32,71,Sailboat,562,594,194,265
201807081415_025,33,82,Sailboat,493,526,192,274
201807081415_026,33,80,Sailboat,497,530,192,272
201807081415_027,40,130,Sailboat,689,729,143,273
201807081415_028,71,181,Sailboat,755,826,99,280
201807081415_029,125,295,Sailboat,740,865,8,303
201807081415_030,276,430,Sailboat,1004,1280,0,430
201807081415_031,42,16,Motorboat,306,348,271,287
201807081415_032,69,29,Motorboat,103,172,282,311
201807081415_032,84,135,Sailboat,164,248,165,300
201807081415_033,78,160,Sailboat,40,118,158,318
201807081415_031,44,95,Sailboat,343,387,187,282
201807081415_032,66,99,Sailboat,256,322,193,292
201807081415_029,15,9,Passengership,447,462,258,267
201807081415_030,15,20,Passengership,557,572,237,257
201807081415_031,14,18,Passengership,541,555,239,257
201807081415_032,22,17,Passengership,522,544,242,259
201807081415_033,22,18,Passengership,500,522,245,263
201807081415_034,20,16,Passengership,485,505,248,264
201807081415_030,99,30,Motorboat,593,692,260,290
201807081415_031,96,172,Motorboat,4,100,308,480
201807081415_032,69,20,Motorboat,366,435,260,280
201807081415_033,75,30,Motorboat,273,348,261,291
201807081415_034,105,35,Motorboat,135,240,269,304
201807081415_031,58,65,Sailboat,423,481,207,272
201807081415_032,56,109,Sailboat,384,440,180,289
201807081415_033,54,104,Sailboat,314,368,179,283
201807081415_034,68,130,Sailboat,252,320,164,294
201807081415_032,42,84,Sailboat,427,469,189,273
201807081415_033,47,95,Sailboat,386,433,180,275
201807081415_034,45,130,Sailboat,325,370,153,283
201807081415_031,39,10,Ferry,593,632,249,259
201807081415_032,49,16,Ferry,529,578,248,264
201807081415_031,29,77,Sailboat,682,711,185,262
201807081415_032,18,117,Sailboat,690,708,153,270
201807081415_034,37,175,Sailboat,695,732,102,277
201807081415_031,12,66,Sailboat,638,650,201,267
201807081415_032,19,90,Sailboat,630,649,185,275
201807081415_033,25,116,Sailboat,609,634,162,278
201807081415_034,48,146,Sailboat,568,616,142,288
201807081415_031,31,60,Sailboat,483,514,207,267
201807081415_032,32,69,Sailboat,469,501,202,271
201807081415_033,32,71,Sailboat,435,467,197,268
201807081415_034,58,93,Sailboat,367,425,186,279
201807081415_031,40,88,Sailboat,381,421,189,277
201807081415_032,48,19,Motorboat,323,371,266,285
201807081415_033,79,33,Motorboat,164,243,271,304
201807081415_030,37,42,Miscboat,720,757,224,266
201807081415_031,37,43,Miscboat,740,777,235,278
201807081415_032,77,71,Miscboat,794,871,221,292
201807081415_033,166,283,Miscboat,876,1042,59,342
201807081415_035,63,65,Passengership,755,818,221,286
201807081415_036,121,107,Passengership,886,1007,205,312
201807081415_036,41,49,Miscboat,826,867,233,282
201807081415_037,135,90,Miscboat,878,1013,225,315
201807081415_039,122,146,Miscboat,1158,1280,235,381
201807081415_037,51,56,Miscboat,840,891,244,300
201807081415_038,124,100,Miscboat,1156,1280,258,358
201807081415_036,52,41,Passengership,394,446,238,279
201807081415_037,96,60,Passengership,213,309,236,296
201807081415_038,150,97,Passengership,6,156,228,325
201807081415_038,46,38,Miscboat,863,909,245,283
201807081415_039,87,51,Miscboat,914,1001,259,310
201807081415_043,73,55,Militaryship,1009,1082,244,299
201807081415_044,112,112,Militaryship,1163,1275,235,347
201807081415_037,34,24,Passengership,518,552,239,263
201807081415_038,41,29,Passengership,535,576,234,263
201807081415_039,55,39,Passengership,413,468,233,272
201807081415_040,73,34,Passengership,399,472,240,274
201807081415_041,85,42,Passengership,318,403,239,281
201807081415_042,117,63,Passengership,316,433,227,290
201807081415_043,160,62,Passengership,183,343,236,298
201807081415_044,126,84,Passengership,2,128,237,321
201807081415_037,17,16,Miscboat,565,582,246,262
201807081415_038,19,16,Miscboat,593,612,246,262
201807081415_039,19,16,Miscboat,490,509,250,266
201807081415_040,28,19,Miscboat,505,533,249,268
201807081415_041,33,17,Miscboat,451,484,255,272
201807081415_042,36,20,Miscboat,493,529,255,275
201807081415_043,39,25,Miscboat,423,462,255,280
201807081415_044,55,30,Miscboat,262,317,261,291
201807081415_045,61,40,Miscboat,1,62,274,314
201807081415_041,42,27,Miscboat,409,451,248,275
201807081415_042,50,33,Miscboat,441,491,244,277
201807081415_043,65,32,Miscboat,352,417,250,282
201807081415_044,103,68,Miscboat,154,257,236,304
201807081415_045,84,48,Miscboat,925,1009,251,299
201807081415_046,171,71,Miscboat,900,1071,254,325
201807081415_044,115,33,Passengership,564,679,251,284
201807081415_045,259,90,Passengership,159,418,254,344
201807081415_048,47,24,Passengership,880,927,251,275
201807081415_049,77,25,Passengership,754,831,257,282
201807081415_050,126,60,Passengership,845,971,260,320
201807081415_048,17,14,Motorboat,550,567,241,255
201807081415_049,24,20,Motorboat,315,339,246,266
201807081415_050,36,32,Motorboat,234,270,248,280
201807081415_051,34,26,Miscboat,228,262,247,273
201807081415_052,47,30,Miscboat,64,111,254,284
201807081415_048,31,25,Motorboat,426,457,238,263
201807081415_049,40,31,Motorboat,162,202,240,271
201807081415_050,50,36,Motorboat,55,105,247,283
201807081415_051,99,68,Motorboat,1,100,267,335
201807081415_048,27,21,Passengership,738,765,238,259
201807081415_049,35,24,Passengership,544,579,237,261
201807081415_050,40,39,Passengership,558,598,230,269
201807081415_051,54,78,Passengership,742,796,200,278
201807081415_052,92,73,Passengership,762,854,223,296
201807081415_053,137,223,Passengership,1142,1279,181,404
201807081415_052,52,31,Miscboat,209,261,241,272
201807081415_053,101,34,Miscboat,131,232,249,283
201807081415_052,32,30,Passengership,266,298,237,267
201807081415_053,68,42,Passengership,240,308,231,273
201807081415_054,106,78,Passengership,1,107,218,296
201807081415_052,33,35,Passengership,304,337,232,267
201807081415_053,69,44,Passengership,313,382,229,273
201807081415_054,120,74,Passengership,132,252,216,290
201807081415_055,45,103,Passengership,-1,44,209,312
201807081415_050,42,12,Ferry,307,349,247,259
201807081415_051,46,13,Ferry,498,544,245,258
201807081415_052,59,17,Ferry,501,560,244,261
201807081415_053,43,83,Sailboat,782,825,199,282
201807081415_054,77,118,Sailboat,872,949,172,290
201807081415_055,141,200,Sailboat,1139,1280,132,332
201807081415_054,8,6,Boat,500,508,260,266
201807081415_055,18,15,Boat,391,409,281,296
201807081415_055,24,18,Motorboat,569,593,238,256
201807081415_056,32,22,Motorboat,649,681,240,262
201807081415_055,22,30,Motorboat,509,531,235,265
201807081415_056,34,43,Motorboat,563,597,225,268
201807081415_050,33,15,Ferry,478,511,245,260
201807081415_051,43,19,Ferry,649,692,244,263
201807081415_052,52,25,Ferry,622,674,243,268
201807081415_053,81,31,Ferry,666,747,245,276
201807081415_054,111,30,Ferry,608,719,248,278
201807081415_055,135,41,Ferry,633,768,250,291
201807081415_056,133,61,Ferry,734,867,237,298
201807081415_055,77,23,Motorboat,868,945,264,287
201807081415_056,112,31,Motorboat,1072,1184,282,313
201807081415_054,10,6,Boat,540,550,256,262
201807081415_055,25,19,Boat,546,571,258,277
201807081415_056,56,27,Motorboat,667,723,278,305
201807081415_052,39,28,Passengership,342,381,233,261
201807081415_053,55,26,Passengership,395,450,234,260
201807081415_054,86,112,Passengership,320,406,160,272
201807081415_055,134,70,Passengership,250,384,215,285
201807081415_056,267,120,Passengership,127,394,186,306
201807081415_005,43,18,Boat,698,741,274,292
201807081415_011,20,8,Motorboat,1012,1032,250,258
201807081415_011,11,7,Boat,821,832,254,261
201807081415_029,7,11,Boat,543,550,257,268
201807081415_035,289,178,Passengership,864,1153,162,340
201807081415_035,73,117,Sailboat,91,164,195,312
201807081415_046,83,18,Motorboat,761,844,270,288
201807081415_047,115,47,Motorboat,776,891,253,300
201807081415_047,20,20,Motorboat,1113,1133,250,270
201807081415_052,55,47,Miscboat,1,56,247,294
201807081415_052,80,27,Miscboat,119,199,248,275
201807081415_056,19,13,Miscboat,631,650,251,264
201807081415_011,26,68,Sailboat,914,940,191,259
201807081415_011,21,65,Sailboat,869,890,196,261
201807081415_031,24,44,Sailboat,514,538,222,266
201807081415_034,25,209,Sailboat,743,768,84,293
201807081415_035,26,128,Sailboat,825,851,162,290
201807081415_036,75,234,Sailboat,1029,1104,97,331
201807081415_035,146,433,Sailboat,312,458,7,440
201807081415_037,33,119,Sailboat,808,841,159,278
201807081415_038,46,128,Sailboat,940,986,174,302
201807081415_038,86,203,Sailboat,995,1081,111,314
201807081415_056,84,184,Sailboat,977,1061,112,296
201807081415_024,191,181,Passengership,275,466,154,335
201807081415_034,15,22,Passengership,675,690,241,263
201807081415_037,259,171,Passengership,1021,1280,195,366
201807081415_021,184,355,Cruiseship,2,186,1,356
201807081415_020,381,228,Cruiseship,45,426,98,326
201807081415_056,39,69,Sailboat,869,908,185,254
201807081415_001,23,14,Motorboat,320,343,276,290
201807081415_000,22,9,Motorboat,698,720,262,271
201807081415_001,15,10,Motorboat,704,719,250,260
201807081415_033,40,42,Motorboat,0,40,300,342
201807081415_039,140,92,Motorboat,1024,1164,251,343
201807081415_048,84,52,Motorboat,1,85,261,313
201807081415_047,79,40,Boat,1004,1083,299,339
201807081415_051,46,30,Motorboat,154,200,248,278
201807081415_013,107,141,Militaryship,7,114,173,314
201807081415_013,61,129,Militaryship,119,180,168,297
201807081415_018,187,230,Militaryship,3,190,132,362
201807081415_023,91,60,Militaryship,116,207,258,318
201807081415_022,18,34,Militaryship,327,345,258,292
201807081415_023,13,20,Militaryship,480,493,248,268
201807081415_023,14,19,Militaryship,500,514,248,267
201807081415_028,111,125,Militaryship,190,301,196,321
201807081415_000,73,85,Miscboat,-2,71,241,326
201807081415_000,60,25,Miscboat,523,583,251,276
201807081415_000,7,4,Miscboat,819,826,259,263
201807081415_003,7,9,Miscboat,1002,1009,250,259
201807081415_009,28,18,Miscboat,57,85,293,311
201807081415_015,14,14,Miscboat,302,316,260,274
201807081415_018,103,127,Miscboat,1168,1271,192,319
201807081415_027,38,46,Miscboat,54,92,270,316
201807081415_030,143,104,Miscboat,955,1098,230,334
201807081415_036,20,71,Passengership,867,887,219,290
201807081415_048,6,5,Miscboat,531,537,246,251
201807081415_012,14,26,Seamark,1001,1015,246,272
201807081415_018,12,9,Miscellaneous,1131,1143,326,335
201807081415_018,8,8,Miscellaneous,1160,1168,327,335
201807081415_018,7,7,Miscellaneous,1187,1194,327,334
201807081415_018,7,5,Miscellaneous,1174,1181,330,335
201807081415_018,5,6,Miscellaneous,1063,1068,322,328
201807081415_035,79,54,Ferry,7,86,279,333
201807081415_055,181,53,Ferry,944,1125,248,301
201807081445_000,148,77,Motorboat,378,526,264,341
201807081445_001,129,118,Miscboat,205,334,197,315
201807081445_000,79,141,Sailboat,1006,1085,153,294
201807081445_001,63,33,Motorboat,1116,1179,278,311
201807081445_002,40,34,Miscboat,834,874,246,280
201807081445_003,72,57,Miscboat,928,1000,249,306
201807081445_002,28,24,Miscboat,800,828,251,275
201807081445_003,55,33,Miscboat,849,904,258,291
201807081445_004,95,53,Miscboat,996,1091,271,324
201807081445_001,23,19,Miscboat,532,555,244,263
201807081445_002,37,26,Miscboat,428,465,242,268
201807081445_003,49,45,Miscboat,288,337,240,285
201807081445_004,97,107,Miscboat,4,101,208,315
201807081445_001,49,81,Sailboat,531,580,186,267
201807081445_002,54,92,Sailboat,443,497,180,272
201807081445_001,11,7,Motorboat,690,701,250,257
201807081445_002,12,8,Motorboat,630,642,251,259
201807081445_003,12,8,Motorboat,595,607,257,265
201807081445_004,30,24,Motorboat,527,557,258,282
201807081445_005,149,74,Motorboat,133,282,296,370
201807081445_003,9,8,Motorboat,562,571,256,264
201807081445_004,21,14,Motorboat,446,467,260,274
201807081445_002,17,22,Militaryship,765,782,245,267
201807081445_003,23,24,Militaryship,786,809,253,277
201807081445_004,45,39,Militaryship,835,880,251,290
201807081445_005,63,77,Militaryship,995,1058,255,332
201807081445_001,17,32,Militaryship,574,591,229,261
201807081445_002,36,55,Militaryship,485,521,207,262
201807081445_003,58,44,Militaryship,391,449,223,267
201807081445_004,91,124,Militaryship,273,364,159,283
201807081445_005,198,187,Militaryship,59,257,114,301
201807081445_000,35,22,Militaryship,790,825,237,259
201807081445_001,41,26,Militaryship,763,804,235,261
201807081445_002,22,28,Militaryship,716,738,239,267
201807081445_003,29,24,Militaryship,714,743,246,270
201807081445_004,48,46,Militaryship,722,770,237,283
201807081445_005,74,71,Militaryship,779,853,229,300
201807081445_006,387,280,Militaryship,894,1281,220,500
201807081445_002,23,28,Militaryship,738,761,240,268
201807081445_003,34,34,Militaryship,746,780,244,278
201807081445_004,51,44,Militaryship,783,834,249,293
201807081445_005,92,92,Militaryship,887,979,240,332
201807081445_002,16,22,Militaryship,671,687,234,256
201807081445_003,34,28,Militaryship,616,650,232,260
201807081445_004,43,45,Militaryship,571,614,220,265
201807081445_005,72,52,Militaryship,514,586,218,270
201807081445_006,98,63,Militaryship,561,659,199,262
201807081445_007,71,79,Militaryship,543,614,187,266
201807081445_008,174,95,Militaryship,457,631,170,265
201807081445_009,230,126,Militaryship,319,549,152,278
201807081445_010,429,248,Militaryship,54,483,73,321
201807081445_011,190,183,Militaryship,7,197,152,335
201807081445_001,20,33,Militaryship,591,611,227,260
201807081445_002,26,51,Militaryship,518,544,210,261
201807081445_003,49,64,Militaryship,445,494,204,268
201807081445_004,76,82,Militaryship,364,440,190,272
201807081445_005,127,158,Militaryship,266,393,124,282
201807081445_006,255,172,Militaryship,3,258,129,301
201807081445_001,33,31,Militaryship,657,690,225,256
201807081445_002,24,32,Militaryship,619,643,223,255
201807081445_003,52,38,Militaryship,573,625,218,256
201807081445_006,219,115,Passengership,246,465,192,307
201807081445_007,180,90,Militaryship,285,465,188,278
201807081445_008,264,108,Militaryship,141,405,182,290
201807081445_001,42,19,Militaryship,611,653,237,256
201807081445_002,46,21,Militaryship,545,591,236,257
201807081445_003,52,23,Militaryship,507,559,234,257
201807081445_004,77,30,Militaryship,459,536,230,260
201807081445_005,81,37,Militaryship,436,517,221,258
201807081445_006,47,25,Motorboat,524,571,254,279
201807081445_007,45,16,Boat,244,289,320,336
201807081445_002,25,26,Militaryship,690,715,241,267
201807081445_003,26,27,Militaryship,678,704,245,272
201807081445_004,47,43,Militaryship,675,722,240,283
201807081445_005,76,71,Militaryship,703,779,231,302
201807081445_006,155,254,Sailboat,770,925,0,254
201807081445_007,207,261,Sailboat,763,970,3,264
201807081445_008,299,255,Militaryship,825,1124,7,262
201807081445_009,337,387,Sailboat,932,1269,0,387
201807081445_009,127,62,Militaryship,847,974,216,278
201807081445_010,180,146,Militaryship,889,1069,155,301
201807081445_011,383,310,Militaryship,889,1272,58,368
201807081445_012,175,225,Militaryship,1105,1280,169,394
201807081445_008,178,63,Ferry,789,967,264,327
201807081445_009,60,67,Militaryship,902,962,235,302
201807081445_010,179,107,Militaryship,1062,1241,251,358
201807081445_006,83,20,Passengership,774,857,259,279
201807081445_007,129,32,Passengership,785,914,262,294
201807081445_008,152,54,Passengership,942,1094,268,322
201807081445_006,8,7,Boat,706,714,255,262
201807081445_007,10,9,Boat,669,679,258,267
201807081445_010,9,5,Boat,608,617,256,261
201807081445_011,15,10,Boat,459,474,254,264
201807081445_012,19,14,Boat,409,428,260,274
201807081445_007,40,95,Cruiseship,778,818,168,263
201807081445_008,70,71,Cruiseship,806,876,191,262
201807081445_009,89,75,Cruiseship,785,874,192,267
201807081445_010,106,181,Cruiseship,788,894,94,275
201807081445_011,189,148,Cruiseship,689,878,137,285
201807081445_012,327,223,Cruiseship,704,1031,81,304
201807081445_013,302,396,Cruiseship,980,1282,1,397
201807081445_010,62,89,Militaryship,480,542,177,266
201807081445_011,93,71,Militaryship,276,369,203,274
201807081445_012,233,75,Militaryship,73,306,201,276
201807081445_013,266,279,Militaryship,2,268,33,312
201807081445_013,76,246,Militaryship,903,979,58,304
201807081445_014,259,366,Militaryship,1014,1273,13,379
201807081445_009,7,6,Boat,633,640,253,259
201807081445_011,9,8,Boat,534,543,253,261
201807081445_012,10,8,Boat,514,524,252,260
201807081445_006,36,46,Militaryship,770,806,210,256
201807081445_007,32,65,Militaryship,745,777,196,261
201807081445_008,37,63,Militaryship,764,801,196,259
201807081445_009,71,82,Militaryship,716,787,184,266
201807081445_010,60,103,Militaryship,720,780,166,269
201807081445_011,77,115,Militaryship,595,672,151,266
201807081445_012,100,144,Militaryship,578,678,135,279
201807081445_013,158,258,Militaryship,753,911,51,309
201807081445_014,370,346,Militaryship,725,1095,2,348
201807081445_015,329,510,Militaryship,936,1265,0,510
201807081445_015,169,262,Militaryship,854,1023,69,331
201807081445_016,225,229,Militaryship,872,1097,120,349
201807081445_017,221,349,Militaryship,1052,1273,8,357
201807081445_015,10,8,Boat,620,630,257,265
201807081445_016,21,15,Boat,450,471,265,280
201807081445_014,43,64,Militaryship,676,719,207,271
201807081445_015,82,112,Militaryship,771,853,163,275
201807081445_016,131,177,Militaryship,745,876,125,302
201807081445_017,256,299,Militaryship,807,1063,33,332
201807081445_018,217,454,Passengership,1064,1281,1,455
201807081445_019,193,230,Militaryship,1088,1281,122,352
201807081445_019,47,20,Motorboat,554,601,244,264
201807081445_020,62,32,Motorboat,246,308,232,264
201807081445_020,75,23,Militaryship,665,740,239,262
201807081445_021,83,35,Militaryship,373,456,231,266
201807081445_020,53,52,Militaryship,821,874,210,262
201807081445_021,43,24,Militaryship,588,631,238,262
201807081445_022,75,77,Militaryship,289,364,185,262
201807081445_023,78,91,Militaryship,64,142,177,268
201807081445_020,81,57,Militaryship,848,929,205,262
201807081445_021,115,63,Militaryship,584,699,201,264
201807081445_022,79,58,Militaryship,363,442,200,258
201807081445_023,126,83,Militaryship,120,246,180,263
201807081445_024,83,64,Militaryship,0,83,212,276
201807081445_024,3,16,Seamark,351,354,248,264
201807081445_025,7,21,Seamark,287,294,244,265
201807081445_026,8,30,Seamark,106,114,245,275
201807081445_022,15,63,Sailboat,635,650,197,260
201807081445_023,18,85,Sailboat,424,442,180,265
201807081445_024,62,162,Sailboat,78,140,122,284
201807081445_025,15,13,Motorboat,302,317,254,267
201807081445_027,11,6,Boat,332,343,258,264
201807081445_028,12,7,Boat,242,254,260,267
201807081445_029,13,8,Boat,133,146,260,268
201807081445_030,11,10,Boat,25,36,259,269
201807081445_022,11,7,Boat,758,769,261,268
201807081445_023,12,8,Boat,610,622,260,268
201807081445_024,13,9,Boat,526,539,258,267
201807081445_025,14,8,Boat,498,512,259,267
201807081445_026,14,8,Boat,363,377,259,267
201807081445_027,15,9,Boat,329,344,255,264
201807081445_028,4,7,Seamark,351,355,249,256
201807081445_029,13,16,Seamark,294,307,243,259
201807081445_030,11,17,Seamark,234,245,242,259
201807081445_031,5,10,Seamark,264,269,249,259
201807081445_032,6,11,Seamark,290,296,250,261
201807081445_033,11,18,Seamark,157,168,248,266
201807081445_034,8,24,Seamark,73,81,246,270
201807081445_032,43,13,Passengership,533,576,243,256
201807081445_033,60,18,Passengership,462,522,237,255
201807081445_033,34,15,Passengership,652,686,247,262
201807081445_034,48,33,Passengership,527,575,234,267
201807081445_035,56,41,Passengership,313,369,234,275
201807081445_036,42,17,Miscboat,100,142,246,263
201807081445_032,38,23,Miscboat,454,492,234,257
201807081445_033,44,26,Miscboat,373,417,229,255
201807081445_034,56,33,Miscboat,331,387,226,259
201807081445_035,36,35,Miscboat,239,275,225,260
201807081445_036,42,33,Miscboat,51,93,232,265
201807081445_032,40,22,Miscboat,494,534,235,257
201807081445_033,48,26,Miscboat,420,468,230,256
201807081445_034,56,30,Miscboat,385,441,228,258
201807081445_035,34,19,Miscboat,279,313,241,260
201807081445_036,40,20,Miscboat,134,174,242,262
201807081445_036,100,112,Militaryship,896,996,198,310
201807081445_037,165,197,Militaryship,1035,1200,146,343
201807081445_037,6,19,Seamark,922,928,264,283
201807081445_038,13,29,Seamark,947,960,265,294
201807081445_039,4,70,Seamark,944,948,275,345
201807081445_036,36,16,Motorboat,633,669,250,266
201807081445_037,37,16,Motorboat,637,674,252,268
201807081445_038,43,16,Motorboat,583,626,255,271
201807081445_039,75,23,Motorboat,239,314,263,286
201807081445_035,14,13,Boat,788,802,252,265
201807081445_036,19,17,Motorboat,704,723,248,265
201807081445_037,26,26,Motorboat,718,744,244,270
201807081445_038,30,22,Motorboat,676,706,248,270
201807081445_039,41,27,Motorboat,404,445,252,279
201807081445_037,57,53,Sailboat,804,861,220,273
201807081445_038,60,64,Sailboat,791,851,214,278
201807081445_036,49,15,Boat,125,174,258,273
201807081445_037,60,17,Boat,452,512,259,276
201807081445_038,45,16,Boat,723,768,267,283
201807081445_039,36,25,Boat,887,923,276,301
201807081445_040,54,41,Boat,624,678,266,307
201807081445_041,65,56,Boat,335,400,301,357
201807081445_042,42,30,Motorboat,1041,1083,283,313
201807081445_043,124,45,Motorboat,1148,1272,309,354
201807081445_042,29,51,Sailboat,849,878,219,270
201807081445_043,30,41,Sailboat,663,693,230,271
201807081445_044,31,78,Sailboat,575,606,204,282
201807081445_045,69,123,Sailboat,219,288,177,300
201807081445_046,27,60,Sailboat,288,315,224,284
201807081445_042,26,7,Boat,429,455,267,274
201807081445_043,26,7,Boat,494,520,266,273
201807081445_043,5,11,Seamark,757,762,254,265
201807081445_044,6,12,Seamark,790,796,253,265
201807081445_045,7,13,Seamark,686,693,253,266
201807081445_046,5,15,Seamark,554,559,257,272
201807081445_045,4,18,Seamark,688,692,253,271
201807081445_046,11,33,Seamark,549,560,244,277
201807081445_047,10,30,Seamark,82,92,266,296
201807081445_048,9,27,Seamark,24,33,275,302
201807081445_045,7,20,Seamark,1086,1093,254,274
201807081445_046,9,13,Seamark,1030,1039,248,261
201807081445_047,8,12,Seamark,694,702,249,261
201807081445_048,7,11,Seamark,744,751,247,258
201807081445_049,8,12,Seamark,669,677,251,263
201807081445_050,11,13,Seamark,533,544,253,266
201807081445_051,8,9,Seamark,465,473,258,267
201807081445_046,8,22,Seamark,1043,1051,255,277
201807081445_047,9,33,Seamark,770,779,251,284
201807081445_048,15,58,Seamark,865,880,240,298
201807081445_049,24,74,Seamark,901,925,253,327
201807081445_045,25,7,Boat,1186,1211,258,265
201807081445_046,17,8,Boat,1203,1220,260,268
201807081445_047,23,8,Boat,1024,1047,254,262
201807081445_048,28,8,Boat,1156,1184,252,260
201807081445_049,3,7,Seamark,866,869,254,261
201807081445_050,7,12,Seamark,742,749,254,266
201807081445_051,6,11,Seamark,701,707,255,266
201807081445_052,5,10,Seamark,609,614,261,271
201807081445_053,8,20,Seamark,617,625,250,270
201807081445_054,7,18,Seamark,750,757,250,268
201807081445_055,6,16,Seamark,720,726,253,269
201807081445_049,4,9,Seamark,647,651,257,266
201807081445_050,7,11,Seamark,504,511,258,269
201807081445_051,6,10,Seamark,423,429,262,272
201807081445_052,5,14,Seamark,268,273,273,287
201807081445_053,15,26,Seamark,187,202,262,288
201807081445_054,12,33,Seamark,147,159,266,299
201807081445_051,8,6,Miscboat,580,588,255,261
201807081445_052,10,6,Miscboat,455,465,265,271
201807081445_053,11,7,Miscboat,441,452,260,267
201807081445_054,8,10,Miscboat,538,546,256,266
201807081445_054,13,9,Passengership,534,547,258,267
201807081445_055,12,11,Passengership,444,456,259,270
201807081445_053,9,16,Boat,626,635,274,290
201807081445_054,10,18,Boat,637,647,259,277
201807081445_055,11,8,Boat,571,582,256,264
201807081445_050,8,19,Seamark,821,829,253,272
201807081445_051,11,17,Seamark,806,817,253,270
201807081445_052,7,15,Seamark,740,747,262,277
201807081445_053,6,26,Seamark,780,786,248,274
201807081445_054,17,33,Seamark,996,1013,253,286
201807081445_055,20,54,Seamark,1240,1260,262,316
201807081445_046,28,14,Boat,874,902,256,270
201807081445_047,16,8,Boat,662,678,262,270
201807081445_048,17,8,Boat,773,790,258,266
201807081445_049,10,6,Boat,755,765,263,269
201807081445_050,12,11,Boat,674,686,261,272
201807081445_051,13,9,Boat,650,663,258,267
201807081445_052,10,6,Boat,547,557,268,274
201807081445_053,19,9,Boat,554,573,259,268
201807081445_054,12,6,Boat,699,711,258,264
201807081445_055,8,6,Boat,682,690,258,264
201807081445_045,17,6,Boat,830,847,261,267
201807081445_046,17,6,Boat,877,894,261,267
201807081445_048,12,7,Boat,778,790,257,264
201807081445_049,13,8,Boat,752,765,259,267
201807081445_054,7,16,Boat,703,710,257,273
201807081445_000,128,171,Sailboat,1043,1171,129,300
201807081445_003,66,150,Sailboat,330,396,123,273
201807081445_005,68,36,Motorboat,113,181,282,318
201807081445_008,88,56,Motorboat,364,452,264,320
201807081445_014,110,52,Miscboat,13,123,240,292
201807081445_014,60,53,Miscboat,132,192,227,280
201807081445_014,59,29,Miscboat,231,290,249,278
201807081445_021,32,17,Boat,270,302,256,273
201807081445_020,43,16,Boat,963,1006,269,285
201807081445_036,83,34,Passengership,172,255,230,264
201807081445_035,47,22,Miscboat,194,241,240,262
201807081445_036,47,17,Motorboat,484,531,248,265
201807081445_044,202,152,Sailboat,977,1179,142,294
201807081445_001,106,223,Sailboat,1172,1278,101,324
201807081445_004,124,268,Sailboat,110,234,32,300
201807081445_007,153,361,Sailboat,80,233,1,362
201807081445_017,37,35,Sailboat,236,273,225,260
201807081445_017,34,51,Sailboat,370,404,206,257
201807081445_017,26,53,Sailboat,340,366,204,257
201807081445_025,11,20,Sailboat,68,79,237,257
201807081445_037,39,72,Sailboat,382,421,196,268
201807081445_040,153,233,Sailboat,159,312,68,301
201807081445_000,179,380,Sailboat,0,179,0,380
201807081445_002,77,107,Sailboat,701,778,139,246
201807081445_018,47,22,Passengership,781,828,246,268
201807081445_019,80,41,Passengership,306,386,242,283
201807081445_000,65,49,Motorboat,157,222,279,328
201807081445_000,152,78,Motorboat,233,385,238,316
201807081445_010,7,4,Boat,669,676,257,261
201807081445_013,89,51,Boat,224,313,296,347
201807081445_039,42,28,Motorboat,168,210,259,287
201807081445_049,17,6,Boat,1185,1202,261,267
201807081445_055,16,13,Boat,321,337,273,286
201807081445_005,63,69,Militaryship,860,923,231,300
201807081445_011,66,73,Militaryship,205,271,201,274
201807081445_016,166,285,Militaryship,1116,1282,181,466
201807081445_007,94,34,Ferry,471,565,253,287
201807081445_052,50,68,Boat,815,865,340,408
201807081445_052,71,59,Boat,1089,1160,339,398
201807081445_053,12,17,Boat,700,712,274,291
201807081445_022,5,11,Seamark,621,626,246,257
201807081445_025,5,20,Seamark,100,105,258,278
201807081445_025,5,9,Seamark,139,144,248,257
201807081445_025,4,4,Seamark,420,424,249,253
201807081445_028,3,8,Seamark,70,73,249,257
201807081445_040,25,145,Seamark,1087,1112,333,478
201807081445_042,7,21,Seamark,195,202,270,291
201807081445_049,4,11,Seamark,929,933,254,265
201807081445_049,4,9,Seamark,674,678,254,263
201807081445_052,8,14,Seamark,339,347,265,279
201807081445_052,4,7,Seamark,626,630,261,268
201807081445_055,7,14,Seamark,286,293,263,277
201807081445_028,244,59,Cargoship,966,1210,217,276
201807081445_000,188,206,Ferry,1092,1280,256,462
201807081445_000,16,12,Militaryship,760,776,248,260
201807081445_000,9,13,Miscellaneous,779,788,247,260
201807081445_007,9,10,Miscellaneous,209,218,391,401
201807081445_009,13,6,Boat,680,693,254,260
201807081445_021,11,41,Sailboat,878,889,229,270
201807081445_021,13,11,Seamark,840,853,250,261
201807081445_021,86,32,Miscellaneous,978,1064,259,291
201807081445_021,10,7,Boat,920,930,267,274
201807081445_027,17,27,Sailboat,4,21,232,259
201807081445_045,21,17,Boat,64,85,291,308
201807081445_045,17,7,Boat,595,612,261,268
201807081445_048,7,13,Seamark,716,723,247,260
201807081445_048,4,9,Seamark,979,983,251,260
201807081445_051,9,13,Seamark,699,708,252,265
201807081445_051,2,4,Seamark,609,611,257,261
201807081445_051,3,5,Seamark,717,720,256,261
201807081445_051,13,6,Boat,667,680,258,264
201807081445_054,9,15,Seamark,765,774,246,261
201807081445_054,24,13,Boat,281,305,284,297
201807081445_054,19,8,Boat,806,825,252,260
201807081445_054,17,12,Boat,635,652,259,271
201807081445_054,8,6,Boat,502,510,264,270
201807081445_054,4,12,Seamark,400,404,261,273
201807081515_001,113,56,Motorboat,102,215,274,330
201807081515_002,33,21,Motorboat,239,272,263,284
201807081515_003,43,16,Motorboat,362,405,267,283
201807081515_004,30,16,Motorboat,463,493,269,285
201807081515_005,75,44,Motorboat,319,394,259,303
201807081515_006,91,35,Motorboat,256,347,279,314
201807081515_007,148,45,Motorboat,81,229,303,348
201807081515_008,30,16,Motorboat,324,354,268,284
201807081515_009,34,129,Sailboat,313,347,172,301
201807081515_010,38,144,Sailboat,165,203,167,311
201807081515_000,32,17,Motorboat,456,488,260,277
201807081515_001,10,10,Boat,307,317,262,272
201807081515_002,21,14,Boat,490,511,258,272
201807081515_003,19,11,Boat,727,746,253,264
201807081515_004,20,10,Boat,925,945,258,268
201807081515_005,25,10,Boat,1009,1034,260,270
201807081515_006,17,14,Boat,1128,1145,262,276
201807081515_000,8,33,Seamark,818,826,250,283
201807081515_001,16,39,Seamark,1009,1025,256,295
201807081515_002,22,17,Boat,644,666,265,282
201807081515_003,32,19,Boat,813,845,272,291
201807081515_004,149,63,Boat,676,825,306,369
201807081515_007,18,8,Motorboat,378,396,271,279
201807081515_009,33,15,Motorboat,978,1011,267,282
201807081515_009,64,28,Motorboat,36,100,274,302
201807081515_010,51,25,Miscboat,113,164,291,316
201807081515_009,94,30,Motorboat,213,307,280,310
201807081515_010,85,37,Motorboat,6,91,309,346
201807081515_009,55,15,Miscboat,338,393,278,293
201807081515_010,64,24,Miscboat,202,266,286,310
201807081515_010,37,19,Motorboat,1049,1086,273,292
201807081515_011,41,27,Motorboat,591,632,252,279
201807081515_012,46,14,Boat,813,859,279,293
201807081515_013,37,12,Boat,181,218,292,304
201807081515_012,40,11,Boat,838,878,266,277
201807081515_013,35,12,Boat,202,237,277,289
201807081515_014,40,18,Motorboat,627,667,252,270
201807081515_015,30,11,Motorboat,1118,1148,256,267
201807081515_014,9,22,Seamark,948,957,246,268
201807081515_015,11,19,Seamark,1077,1088,248,267
201807081515_012,27,37,Sailboat,1088,1115,236,273
201807081515_013,42,56,Sailboat,581,623,218,274
201807081515_014,56,83,Sailboat,272,328,203,286
201807081515_015,71,79,Sailboat,797,868,193,272
201807081515_016,34,13,Boat,1194,1228,261,274
201807081515_017,36,13,Boat,714,750,260,273
201807081515_018,26,14,Boat,462,488,260,274
201807081515_020,20,13,Boat,120,140,270,283
201807081515_020,9,8,Boat,52,61,278,286
201807081515_021,10,9,Boat,114,124,277,286
201807081515_022,11,5,Boat,202,213,274,279
201807081515_023,20,11,Boat,300,320,270,281
201807081515_024,22,12,Boat,431,453,267,279
201807081515_025,13,6,Boat,591,604,266,272
201807081515_026,17,14,Boat,989,1006,262,276
201807081515_022,20,12,Boat,1205,1225,269,281
201807081515_023,33,20,Boat,1030,1063,265,285
201807081515_024,36,14,Boat,809,845,267,281
201807081515_025,41,15,Boat,540,581,268,283
201807081515_026,47,20,Boat,240,287,277,297
201807081515_027,37,14,Boat,5,42,288,302
201807081515_019,119,59,Motorboat,330,449,293,352
201807081515_020,51,59,Motorboat,154,205,278,337
201807081515_021,26,27,Motorboat,159,185,284,311
201807081515_022,20,13,Motorboat,167,187,284,297
201807081515_023,28,27,Motorboat,180,208,269,296
201807081515_024,23,16,Motorboat,164,187,274,290
201807081515_025,25,18,Motorboat,137,162,271,289
201807081515_026,37,19,Motorboat,111,148,270,289
201807081515_027,41,14,Motorboat,101,142,274,288
201807081515_028,29,14,Motorboat,149,178,271,285
201807081515_029,29,16,Motorboat,154,183,271,287
201807081515_030,25,11,Motorboat,127,152,277,288
201807081515_031,22,10,Motorboat,166,188,278,288
201807081515_032,32,19,Motorboat,171,203,269,288
201807081515_033,20,9,Motorboat,193,213,274,283
201807081515_034,17,10,Motorboat,200,217,276,286
201807081515_035,20,24,Motorboat,205,225,265,289
201807081515_036,13,11,Motorboat,149,162,273,284
201807081515_037,20,11,Motorboat,115,135,276,287
201807081515_038,51,24,Motorboat,118,169,271,295
201807081515_039,42,14,Motorboat,129,171,277,291
201807081515_040,14,12,Motorboat,127,141,277,289
201807081515_041,31,20,Motorboat,107,138,276,296
201807081515_042,13,12,Motorboat,114,127,279,291
201807081515_043,14,10,Motorboat,104,118,281,291
201807081515_044,23,18,Motorboat,120,143,277,295
201807081515_045,22,12,Motorboat,112,134,282,294
201807081515_046,13,13,Motorboat,114,127,280,293
201807081515_047,23,25,Motorboat,117,140,270,295
201807081515_048,25,10,Motorboat,57,82,284,294
201807081515_045,18,6,Boat,199,217,277,283
201807081515_046,25,6,Boat,476,501,270,276
201807081515_047,38,18,Boat,832,870,259,277
201807081515_048,33,8,Boat,1184,1217,266,274
201807081515_026,28,12,Motorboat,171,199,270,282
201807081515_027,31,13,Motorboat,285,316,263,276
201807081515_028,34,14,Motorboat,420,454,260,274
201807081515_029,34,15,Motorboat,585,619,259,274
201807081515_030,38,14,Motorboat,757,795,259,273
201807081515_031,34,16,Motorboat,1041,1075,260,276
201807081515_032,30,18,Motorboat,1250,1280,260,278
201807081515_017,12,26,Seamark,1206,1218,250,276
201807081515_018,12,28,Seamark,1201,1213,250,278
201807081515_019,13,31,Seamark,1211,1224,249,280
201807081515_020,11,30,Seamark,1216,1227,249,279
201807081515_021,12,33,Seamark,1212,1224,244,277
201807081515_022,15,28,Seamark,1211,1226,248,276
201807081515_023,11,23,Seamark,1212,1223,253,276
201807081515_024,6,17,Seamark,1213,1219,256,273
201807081515_025,6,18,Seamark,1212,1218,255,273
201807081515_026,13,29,Seamark,1199,1212,251,280
201807081515_027,5,15,Seamark,1205,1210,256,271
201807081515_028,6,16,Seamark,1211,1217,258,274
201807081515_029,13,22,Seamark,1219,1232,254,276
201807081515_030,12,18,Seamark,1201,1213,253,271
201807081515_029,29,13,Boat,510,539,263,276
201807081515_030,22,9,Boat,706,728,263,272
201807081515_031,24,10,Boat,980,1004,264,274
201807081515_032,28,12,Boat,1201,1229,268,280
201807081515_030,17,17,Boat,0,17,306,323
201807081515_031,56,15,Boat,424,480,291,306
201807081515_032,69,28,Boat,786,855,275,303
201807081515_033,45,15,Boat,1117,1162,279,294
201807081515_028,24,13,Boat,10,34,290,303
201807081515_029,45,20,Boat,24,69,285,305
201807081515_030,26,12,Boat,14,40,291,303
201807081515_031,37,13,Boat,96,133,289,302
201807081515_032,48,20,Boat,343,391,273,293
201807081515_033,43,13,Boat,701,744,271,284
201807081515_034,37,13,Boat,1065,1102,272,285
201807081515_026,37,14,Boat,1111,1148,265,279
201807081515_027,33,8,Boat,945,978,261,269
201807081515_028,27,6,Boat,863,890,262,268
201807081515_029,30,10,Boat,763,793,260,270
201807081515_030,26,8,Boat,607,633,262,270
201807081515_031,25,5,Boat,521,546,267,272
201807081515_032,27,11,Boat,430,457,262,273
201807081515_031,23,16,Passengership,14,37,270,286
201807081515_032,61,33,Passengership,51,112,249,282
201807081515_033,74,20,Passengership,125,199,257,277
201807081515_034,78,21,Passengership,210,288,256,277
201807081515_035,105,37,Passengership,298,403,237,274
201807081515_036,113,26,Passengership,344,457,247,273
201807081515_037,130,25,Passengership,487,617,246,271
201807081515_036,139,46,Passengership,1096,1235,224,270
201807081515_037,142,41,Passengership,820,962,225,266
201807081515_038,158,62,Passengership,830,988,220,282
201807081515_039,89,30,Passengership,1191,1280,242,272
201807081515_034,27,12,Boat,7,34,284,296
201807081515_035,37,19,Boat,16,53,277,296
201807081515_037,5,13,Seamark,1190,1195,257,270
201807081515_038,10,23,Seamark,1206,1216,254,277
201807081515_040,5,17,Seamark,1218,1223,253,270
201807081515_041,11,20,Seamark,1211,1222,254,274
201807081515_042,7,17,Seamark,1214,1221,256,273
201807081515_043,5,15,Seamark,1202,1207,254,269
201807081515_044,13,31,Seamark,1209,1222,243,274
201807081515_045,5,16,Seamark,1209,1214,253,269
201807081515_046,5,16,Seamark,1216,1221,254,270
201807081515_047,9,21,Seamark,1206,1215,253,274
201807081515_048,14,24,Seamark,1152,1166,244,268
201807081515_032,35,131,Sailboat,39,74,176,307
201807081515_033,48,156,Sailboat,135,183,151,307
201807081515_034,76,194,Sailboat,272,348,122,316
201807081515_035,166,290,Sailboat,491,657,55,345
201807081515_036,209,334,Sailboat,870,1079,13,347
201807081515_040,20,9,Boat,321,341,267,276
201807081515_041,34,21,Boat,528,562,260,281
201807081515_042,28,9,Boat,807,835,265,274
201807081515_043,25,10,Boat,1084,1109,263,273
201807081515_041,19,16,Boat,74,93,267,283
201807081515_042,19,15,Boat,72,91,267,282
201807081515_043,20,14,Boat,61,81,266,280
201807081515_044,17,11,Boat,72,89,271,282
201807081515_050,26,22,Boat,21,47,281,303
201807081515_051,29,13,Boat,1,30,286,299
201807081515_038,136,52,Passengership,540,676,222,274
201807081515_039,109,38,Passengership,338,447,233,271
201807081515_040,84,38,Passengership,200,284,237,275
201807081515_041,39,47,Passengership,154,193,237,284
201807081515_042,40,49,Passengership,154,194,235,284
201807081515_043,92,33,Passengership,155,247,242,275
201807081515_044,88,35,Passengership,181,269,243,278
201807081515_045,81,32,Passengership,192,273,245,277
201807081515_046,80,29,Passengership,203,283,246,275
201807081515_047,91,42,Passengership,197,288,237,279
201807081515_048,85,31,Passengership,148,233,244,275
201807081515_049,81,29,Passengership,87,168,250,279
201807081515_050,93,38,Passengership,98,191,245,283
201807081515_051,82,31,Passengership,89,171,247,278
201807081515_052,47,28,Passengership,17,64,256,284
201807081515_045,29,66,Sailboat,42,71,221,287
201807081515_046,45,80,Sailboat,272,317,202,282
201807081515_047,76,100,Sailboat,543,619,182,282
201807081515_048,65,92,Sailboat,798,863,178,270
201807081515_049,67,98,Sailboat,1033,1100,177,275
201807081515_050,37,104,Sailboat,1244,1281,174,278
201807081515_051,41,12,Boat,1068,1109,259,271
201807081515_052,34,15,Boat,578,612,258,273
201807081515_053,20,11,Boat,277,297,277,288
201807081515_050,13,21,Seamark,1110,1123,248,269
201807081515_051,13,16,Seamark,1098,1111,249,265
201807081515_052,15,15,Seamark,987,1002,247,262
201807081515_053,11,25,Seamark,887,898,250,275
201807081515_051,30,15,Boat,1222,1252,259,274
201807081515_052,30,11,Boat,974,1004,256,267
201807081515_053,37,18,Boat,779,816,260,278
201807081515_054,4,19,Seamark,1164,1168,256,275
201807081515_055,8,22,Seamark,940,948,255,277
201807081515_056,12,38,Seamark,974,986,246,284
201807081515_057,16,55,Seamark,953,969,247,302
201807081515_058,38,145,Seamark,1176,1214,248,393
201807081515_050,27,16,Motorboat,82,109,273,289
201807081515_051,29,14,Motorboat,160,189,271,285
201807081515_052,44,17,Motorboat,224,268,267,284
201807081515_053,40,19,Motorboat,241,281,274,293
201807081515_053,46,31,Passengership,1235,1281,244,275
201807081515_054,68,22,Passengership,376,444,260,282
201807081515_054,45,89,Sailboat,896,941,187,276
201807081515_055,51,98,Sailboat,709,760,180,278
201807081515_056,38,111,Sailboat,946,984,166,277
201807081515_056,11,8,Boat,1207,1218,259,267
201807081515_057,18,8,Boat,1207,1225,264,272
201807081515_056,31,17,Boat,902,933,250,267
201807081515_057,44,18,Boat,467,511,263,281
201807081515_055,6,16,Seamark,630,636,256,272
201807081515_056,15,30,Seamark,551,566,250,280
201807081515_057,12,29,Seamark,310,322,264,293
201807081515_057,4,17,Seamark,866,870,250,267
201807081515_058,15,26,Seamark,661,676,250,276
201807081515_059,12,28,Seamark,447,459,252,280
201807081515_060,14,24,Seamark,257,271,265,289
201807081515_057,28,94,Sailboat,1062,1090,183,277
201807081515_058,14,81,Sailboat,1040,1054,190,271
201807081515_059,17,56,Sailboat,904,921,219,275
201807081515_060,20,66,Sailboat,846,866,207,273
201807081515_061,11,63,Sailboat,691,702,206,269
201807081515_062,22,66,Sailboat,754,776,206,272
201807081515_061,17,6,Motorboat,312,329,272,278
201807081515_062,43,28,Motorboat,12,55,281,309
201807081515_059,17,32,Seamark,953,970,244,276
201807081515_060,8,31,Seamark,891,899,251,282
201807081515_061,11,42,Seamark,753,764,251,293
201807081515_062,40,92,Seamark,876,916,242,334
201807081515_063,44,165,Seamark,1029,1073,245,410
201807081515_059,5,11,Seamark,843,848,251,262
201807081515_060,6,12,Seamark,724,730,253,265
201807081515_061,6,12,Seamark,511,517,254,266
201807081515_062,8,18,Seamark,531,539,253,271
201807081515_065,15,11,Motorboat,296,311,266,277
201807081515_066,31,19,Motorboat,64,95,286,305
201807081515_066,5,20,Seamark,223,228,265,285
201807081515_067,11,21,Seamark,123,134,267,288
201807081515_068,12,30,Seamark,10,22,269,299
201807081515_065,7,20,Seamark,756,763,250,270
201807081515_066,4,20,Seamark,782,786,251,271
201807081515_067,7,20,Seamark,753,760,253,273
201807081515_068,14,34,Seamark,744,758,248,282
201807081515_069,10,46,Seamark,772,782,242,288
201807081515_070,13,41,Seamark,771,784,253,294
201807081515_071,35,89,Seamark,813,848,242,331
201807081515_072,51,154,Seamark,968,1019,253,407
201807081515_068,9,17,Seamark,379,388,256,273
201807081515_069,10,19,Seamark,359,369,258,277
201807081515_070,11,21,Seamark,300,311,257,278
201807081515_071,10,17,Seamark,250,260,265,282
201807081515_072,9,19,Seamark,155,164,266,285
201807081515_068,15,8,Boat,673,688,257,265
201807081515_069,16,9,Boat,616,632,262,271
201807081515_070,26,12,Boat,475,501,266,278
201807081515_071,42,24,Boat,154,196,282,306
201807081515_071,13,14,Motorboat,759,772,254,268
201807081515_072,22,12,Motorboat,684,706,260,272
201807081515_073,24,17,Motorboat,584,608,266,283
201807081515_072,4,17,Seamark,844,848,252,269
201807081515_073,15,19,Seamark,810,825,253,272
201807081515_074,14,27,Seamark,804,818,251,278
201807081515_075,9,28,Seamark,773,782,252,280
201807081515_076,8,31,Seamark,786,794,250,281
201807081515_077,27,58,Seamark,796,823,242,300
201807081515_078,18,60,Seamark,813,831,247,307
201807081515_079,57,240,Seamark,1171,1228,232,472
201807081515_065,21,36,Cruiseship,695,716,225,261
201807081515_066,24,43,Cruiseship,697,721,221,264
201807081515_067,29,52,Cruiseship,648,677,217,269
201807081515_068,24,40,Cruiseship,629,653,223,263
201807081515_069,24,42,Cruiseship,628,652,222,264
201807081515_070,22,34,Cruiseship,594,616,225,259
201807081515_071,24,39,Cruiseship,573,597,223,262
201807081515_072,26,43,Cruiseship,518,544,223,266
201807081515_073,25,41,Cruiseship,470,495,226,267
201807081515_074,30,51,Cruiseship,400,430,221,272
201807081515_075,34,58,Cruiseship,320,354,218,276
201807081515_076,32,50,Cruiseship,301,333,219,269
201807081515_077,40,63,Cruiseship,265,305,215,278
201807081515_074,8,16,Seamark,935,943,252,268
201807081515_075,9,14,Seamark,900,909,250,264
201807081515_076,8,13,Seamark,913,921,250,263
201807081515_077,7,12,Seamark,924,931,253,265
201807081515_078,13,24,Seamark,906,919,247,271
201807081515_079,12,26,Seamark,947,959,239,265
201807081515_080,11,24,Seamark,766,777,251,275
201807081515_079,338,318,Passengership,9,347,81,399
201807081515_080,232,226,Passengership,278,510,131,357
201807081515_078,69,36,Boat,1138,1207,280,316
201807081515_079,37,27,Boat,1109,1146,269,296
201807081515_080,40,37,Boat,963,1003,264,301
201807081515_074,13,11,Motorboat,921,934,254,265
201807081515_075,14,12,Motorboat,816,830,253,265
201807081515_076,19,14,Motorboat,761,780,252,266
201807081515_077,26,17,Motorboat,687,713,256,273
201807081515_078,32,17,Motorboat,520,552,265,282
201807081515_073,74,28,Militaryship,1108,1182,227,255
201807081515_074,69,41,Militaryship,1120,1189,221,262
201807081515_075,92,47,Boat,1081,1173,215,262
201807081515_076,84,49,Militaryship,1106,1190,211,260
201807081515_077,95,59,Militaryship,1119,1214,207,266
201807081515_079,61,65,Militaryship,1216,1277,196,261
201807081515_080,122,86,Militaryship,1046,1168,185,271
201807081515_000,35,21,Miscboat,244,279,268,289
201807081515_000,15,13,Boat,356,371,267,280
201807081515_002,9,8,Boat,1074,1083,262,270
201807081515_008,30,13,Motorboat,1017,1047,256,269
201807081515_008,22,9,Boat,940,962,262,271
201807081515_011,39,18,Motorboat,633,672,260,278
201807081515_011,45,17,Boat,702,747,273,290
201807081515_012,34,18,Motorboat,625,659,259,277
201807081515_011,32,16,Miscboat,1049,1081,261,277
201807081515_012,24,10,Motorboat,712,736,264,274
201807081515_016,34,12,Boat,0,34,294,306
201807081515_016,32,12,Boat,2,34,280,292
201807081515_014,26,10,Boat,778,804,254,264
201807081515_038,32,11,Boat,364,396,265,276
201807081515_038,17,11,Boat,36,53,274,285
201807081515_044,25,10,Boat,787,812,256,266
201807081515_044,17,9,Boat,23,40,281,290
201807081515_050,25,8,Boat,354,379,266,274
201807081515_053,25,12,Boat,693,718,262,274
201807081515_065,15,14,Boat,357,372,269,283
201807081515_068,17,11,Boat,123,140,274,285
201807081515_080,56,23,Boat,29,85,284,307
201807081515_004,27,74,Sailboat,110,137,214,288
201807081515_004,32,72,Sailboat,35,67,219,291
201807081515_004,39,69,Sailboat,68,107,220,289
201807081515_004,24,95,Sailboat,156,180,196,291
201807081515_065,22,61,Sailboat,721,743,209,270
201807081515_071,9,22,Seamark,863,872,246,268
201807081515_080,21,20,Passengership,1005,1026,245,265
201807081515_002,22,12,Boat,1130,1152,259,271
201807081515_002,14,11,Boat,1088,1102,261,272
201807081515_008,24,13,Motorboat,667,691,253,266
201807081515_011,24,18,Motorboat,125,149,268,286
201807081515_037,23,10,Boat,768,791,255,265
201807081515_074,113,65,Motorboat,85,198,284,349
201807081515_002,8,8,Boat,999,1007,261,269
201807081515_020,24,14,Motorboat,576,600,257,271
201807081515_026,21,7,Boat,70,91,276,283
201807081515_026,15,11,Boat,149,164,268,279
201807081515_035,24,11,Boat,219,243,266,277
201807081515_035,15,8,Boat,179,194,265,273
201807081515_044,13,20,Sailboat,574,587,249,269
201807081515_059,9,10,Miscboat,792,801,252,262
201807081515_001,13,28,Seamark,34,47,278,306
201807081515_002,12,25,Seamark,1222,1234,261,286
201807081515_002,6,10,Seamark,1196,1202,266,276
201807081515_014,7,15,Seamark,473,480,257,272
201807081515_017,7,11,Seamark,752,759,256,267
201807081515_038,7,14,Seamark,750,757,256,270
201807081515_047,5,12,Seamark,751,756,256,268
201807081515_054,6,23,Seamark,206,212,265,288
201807081515_053,5,10,Seamark,414,419,270,280
201807081515_056,7,14,Seamark,989,996,250,264
201807081515_061,13,26,Cruiseship,821,834,230,256
201807081515_070,101,40,Cruiseship,123,224,228,268
201807081515_002,12,7,Miscellaneous,1181,1193,264,271
201807081515_002,6,12,Seamark,1158,1164,255,267
201807081515_002,6,10,Boat,1051,1057,255,265
201807081515_002,6,6,Boat,1008,1014,263,269
201807081515_002,4,6,Boat,1160,1164,263,269
201807081515_012,12,14,Boat,674,686,258,272
201807081515_020,8,7,Boat,601,609,263,270
201807081515_021,5,6,Boat,116,121,279,285
201807081515_024,6,7,Boat,415,421,269,276
201807081515_024,10,7,Boat,435,445,268,275
201807081515_045,23,10,Boat,467,490,261,271
201807081515_048,28,9,Boat,921,949,256,265
201807081515_051,26,7,Boat,55,81,283,290
201807081515_060,30,13,Boat,211,241,288,301
201807081515_063,17,10,Motorboat,729,746,256,266
201807081515_063,9,15,Seamark,456,465,256,271
201807081515_002,4,6,Boat,1160,1164,260,266
201807081515_002,6,10,Seamark,1152,1158,257,267
201807081545_000,16,49,Seamark,858,874,246,295
201807081545_001,32,109,Seamark,964,996,244,353
201807081545_002,16,61,Seamark,1028,1044,270,331
201807081545_001,94,68,Passengership,946,1040,217,285
201807081545_002,73,96,Passengership,688,761,195,291
201807081545_003,63,63,Passengership,582,645,219,282
201807081545_004,62,57,Passengership,524,586,223,280
201807081545_005,81,80,Passengership,433,514,208,288
201807081545_006,81,57,Passengership,409,490,223,280
201807081545_007,78,48,Passengership,343,421,230,278
201807081545_008,74,59,Passengership,82,156,233,292
201807081545_009,55,44,Passengership,260,315,248,292
201807081545_010,40,38,Passengership,344,384,236,274
201807081545_011,42,39,Passengership,379,421,243,282
201807081545_012,27,29,Passengership,528,555,242,271
201807081545_013,30,31,Passengership,579,609,238,269
201807081545_014,37,34,Passengership,540,577,234,268
201807081545_015,27,31,Passengership,580,607,239,270
201807081545_016,26,41,Passengership,646,672,223,264
201807081545_017,32,44,Passengership,720,752,219,263
201807081545_018,32,21,Passengership,674,706,242,263
201807081545_019,30,20,Passengership,641,671,243,263
201807081545_020,33,29,Passengership,684,717,237,266
201807081545_021,28,29,Passengership,621,649,236,265
201807081545_022,94,53,Passengership,417,511,243,296
201807081545_001,80,39,Passengership,836,916,234,273
201807081545_002,133,166,Passengership,1,134,210,376
201807081545_014,11,8,Militaryship,486,497,258,266
201807081545_015,12,9,Militaryship,480,492,266,275
201807081545_016,29,15,Militaryship,522,551,261,276
201807081545_017,19,17,Motorboat,561,580,262,279
201807081545_018,25,22,Motorboat,437,462,272,294
201807081545_041,75,42,Passengership,454,529,236,278
201807081545_042,102,35,Passengership,359,461,251,286
201807081545_043,131,63,Passengership,239,370,232,295
201807081545_044,186,81,Passengership,140,326,226,307
201807081545_045,223,105,Passengership,2,225,215,320
201807081545_041,125,92,Passengership,286,411,202,294
201807081545_042,219,115,Passengership,1,220,199,314
201807081545_023,29,29,Passengership,487,516,241,270
201807081545_024,25,27,Passengership,547,572,242,269
201807081545_025,25,33,Passengership,512,537,235,268
201807081545_026,30,37,Passengership,574,604,232,269
201807081545_027,28,26,Passengership,541,569,240,266
201807081545_028,21,31,Passengership,614,635,235,266
201807081545_029,27,36,Passengership,581,608,231,267
201807081545_030,27,23,Passengership,593,620,242,265
201807081545_031,22,22,Passengership,645,667,242,264
201807081545_032,28,33,Passengership,687,715,234,267
201807081545_033,31,21,Passengership,702,733,243,264
201807081545_034,24,26,Passengership,662,686,238,264
201807081545_035,37,36,Passengership,651,688,229,265
201807081545_036,46,26,Passengership,679,725,238,264
201807081545_037,78,35,Passengership,540,618,232,267
201807081545_038,118,44,Passengership,471,589,230,274
201807081545_039,132,29,Passengership,447,579,246,275
201807081545_040,104,28,Passengership,404,508,247,275
201807081545_002,215,176,Militaryship,1065,1280,124,300
201807081545_003,118,66,Militaryship,1162,1280,240,306
201807081545_002,13,10,Boat,664,677,264,274
201807081545_003,34,19,Boat,373,407,273,292
201807081545_002,7,9,Boat,825,832,256,265
201807081545_003,13,12,Boat,724,737,255,267
201807081545_004,12,11,Boat,735,747,269,280
201807081545_002,50,22,Motorboat,993,1043,246,268
201807081545_003,60,14,Motorboat,924,984,247,261
201807081545_004,72,18,Motorboat,966,1038,256,274
201807081545_005,101,38,Motorboat,1105,1206,248,286
201807081545_002,13,14,Motorboat,905,918,262,276
201807081545_003,14,14,Motorboat,826,840,255,269
201807081545_004,9,8,Motorboat,810,819,264,272
201807081545_005,10,12,Motorboat,851,861,255,267
201807081545_005,7,13,Seamark,540,547,259,272
201807081545_006,8,14,Seamark,662,670,259,273
201807081545_007,9,15,Seamark,798,807,260,275
201807081545_008,12,32,Seamark,838,850,247,279
201807081545_009,85,124,Militaryship,134,219,180,304
201807081545_010,218,171,Militaryship,55,273,138,309
201807081545_011,87,92,Militaryship,164,251,208,300
201807081545_012,99,157,Militaryship,1,100,195,352
201807081545_011,235,283,Militaryship,1,236,75,358
201807081545_012,148,134,Militaryship,106,254,192,326
201807081545_013,133,164,Militaryship,13,146,167,331
201807081545_013,54,42,Militaryship,923,977,255,297
201807081545_014,94,122,Militaryship,1186,1280,234,356
201807081545_013,35,30,Passengership,484,519,252,282
201807081545_014,14,17,Militaryship,444,458,250,267
201807081545_013,32,35,Miscboat,866,898,249,284
201807081545_014,40,40,Miscboat,949,989,249,289
201807081545_015,62,59,Miscboat,1104,1166,257,316
201807081545_014,74,82,Miscboat,972,1046,224,306
201807081545_015,105,86,Miscboat,1174,1279,251,337
201807081545_013,35,32,Miscboat,893,928,256,288
201807081545_014,91,84,Miscboat,1048,1139,235,319
201807081545_012,65,126,Militaryship,354,419,159,285
201807081545_013,85,157,Militaryship,378,463,133,290
201807081545_012,131,127,Militaryship,236,367,168,295
201807081545_013,198,167,Militaryship,169,367,143,310
201807081545_014,215,238,Militaryship,127,342,69,307
201807081545_015,274,307,Militaryship,1,275,19,326
201807081545_016,173,233,Militaryship,6,179,116,349
201807081545_014,97,115,Cruiseship,292,389,172,287
201807081545_015,144,123,Cruiseship,223,367,167,290
201807081545_016,168,176,Cruiseship,184,352,136,312
201807081545_017,323,334,Cruiseship,1,324,6,340
201807081545_018,176,336,Cruiseship,-1,175,2,338
201807081545_011,40,55,Militaryship,482,522,218,273
201807081545_012,49,65,Militaryship,659,708,208,273
201807081545_013,39,90,Militaryship,745,784,186,276
201807081545_014,84,100,Militaryship,733,817,180,280
201807081545_015,96,140,Militaryship,793,889,148,288
201807081545_016,153,145,Militaryship,909,1062,156,301
201807081545_011,39,58,Militaryship,443,482,222,280
201807081545_012,43,66,Militaryship,616,659,206,272
201807081545_013,39,63,Militaryship,692,731,214,277
201807081545_014,65,129,Militaryship,668,733,157,286
201807081545_015,73,148,Militaryship,710,783,145,293
201807081545_016,90,149,Militaryship,810,900,154,303
201807081545_017,303,375,Militaryship,954,1257,1,376
201807081545_018,134,375,Militaryship,1146,1280,33,408
201807081545_018,22,21,Miscboat,930,952,275,296
201807081545_019,40,51,Miscboat,1236,1276,289,340
201807081545_014,36,57,Militaryship,398,434,218,275
201807081545_015,75,61,Militaryship,367,442,219,280
201807081545_016,108,63,Militaryship,358,466,219,282
201807081545_017,82,88,Militaryship,425,507,194,282
201807081545_018,125,117,Militaryship,298,423,184,301
201807081545_019,270,116,Militaryship,21,291,213,329
201807081545_020,137,106,Motorboat,102,239,251,357
201807081545_017,99,88,Militaryship,328,427,207,295
201807081545_018,147,90,Militaryship,166,313,220,310
201807081545_016,17,12,Motorboat,608,625,250,262
201807081545_017,15,20,Motorboat,670,685,246,266
201807081545_018,19,20,Motorboat,611,630,252,272
201807081545_019,38,28,Motorboat,482,520,258,286
201807081545_020,22,22,Militaryship,605,627,244,266
201807081545_021,24,24,Militaryship,541,565,244,268
201807081545_019,42,30,Militaryship,405,447,257,287
201807081545_020,71,51,Militaryship,357,428,253,304
201807081545_021,127,71,Militaryship,119,246,258,329
201807081545_013,31,45,Militaryship,636,667,219,264
201807081545_014,49,42,Militaryship,596,645,226,268
201807081545_015,37,48,Militaryship,630,667,225,273
201807081545_016,44,69,Militaryship,687,731,201,270
201807081545_017,82,110,Militaryship,763,845,172,282
201807081545_018,68,123,Militaryship,736,804,163,286
201807081545_019,112,175,Militaryship,756,868,122,297
201807081545_020,83,76,Militaryship,801,884,197,273
201807081545_021,85,53,Militaryship,771,856,216,269
201807081545_022,128,79,Militaryship,657,785,200,279
201807081545_023,203,164,Militaryship,700,903,134,298
201807081545_024,438,196,Militaryship,817,1255,142,338
201807081545_025,338,401,Militaryship,932,1270,11,412
201807081545_020,222,368,Militaryship,925,1147,2,370
201807081545_021,207,377,Militaryship,1073,1280,58,435
201807081545_020,17,21,Militaryship,628,645,248,269
201807081545_021,17,16,Militaryship,567,584,253,269
201807081545_022,20,20,Militaryship,408,428,258,278
201807081545_021,16,16,Militaryship,523,539,252,268
201807081545_022,25,34,Militaryship,354,379,246,280
201807081545_023,30,58,Militaryship,327,357,227,285
201807081545_024,47,35,Militaryship,262,309,261,296
201807081545_025,55,109,Militaryship,95,150,207,316
201807081545_023,36,46,Militaryship,390,426,237,283
201807081545_024,50,37,Militaryship,363,413,256,293
201807081545_025,86,109,Militaryship,215,301,204,313
201807081545_026,61,45,Miscboat,184,245,262,307
201807081545_026,16,53,Sailboat,499,515,218,271
201807081545_031,47,71,Sailboat,468,515,206,277
201807081545_022,26,38,Militaryship,377,403,242,280
201807081545_023,34,53,Militaryship,354,388,232,285
201807081545_024,43,77,Militaryship,309,352,223,300
201807081545_025,58,99,Militaryship,153,211,216,315
201807081545_028,32,55,Sailboat,465,497,216,271
201807081545_029,34,58,Sailboat,411,445,215,273
201807081545_030,46,81,Sailboat,366,412,199,280
201807081545_031,53,106,Sailboat,353,406,181,287
201807081545_032,113,142,Sailboat,238,351,157,299
201807081545_021,67,103,Militaryship,984,1051,194,297
201807081545_022,205,264,Militaryship,1068,1273,95,359
201807081545_017,27,14,Passengership,623,650,253,267
201807081545_018,30,15,Passengership,570,600,255,270
201807081545_019,33,13,Passengership,526,559,259,272
201807081545_020,45,23,Passengership,556,601,260,283
201807081545_021,49,26,Passengership,470,519,260,286
201807081545_022,93,32,Passengership,210,303,274,306
201807081545_024,55,47,Miscboat,2,57,277,324
201807081545_013,60,111,Sailboat,496,556,153,264
201807081545_014,69,138,Sailboat,431,500,126,264
201807081545_015,70,137,Sailboat,449,519,131,268
201807081545_016,79,167,Sailboat,489,568,102,269
201807081545_017,114,190,Sailboat,523,637,80,270
201807081545_018,119,211,Sailboat,464,583,58,269
201807081545_019,167,266,Sailboat,375,542,13,279
201807081545_020,235,292,Sailboat,326,561,1,293
201807081545_021,338,302,Sailboat,138,476,4,306
201807081545_020,25,27,Militaryship,780,805,240,267
201807081545_021,31,33,Militaryship,734,765,237,270
201807081545_022,35,46,Militaryship,619,654,228,274
201807081545_023,59,89,Militaryship,654,713,188,277
201807081545_024,77,123,Militaryship,753,830,164,287
201807081545_025,172,185,Militaryship,761,933,121,306
201807081545_026,353,350,Militaryship,928,1281,32,382
201807081545_020,25,43,Sailboat,755,780,222,265
201807081545_021,37,95,Sailboat,704,741,174,269
201807081545_022,36,92,Sailboat,582,618,180,272
201807081545_023,36,105,Sailboat,621,657,168,273
201807081545_024,52,131,Sailboat,697,749,148,279
201807081545_025,60,174,Sailboat,698,758,111,285
201807081545_026,110,250,Sailboat,792,902,57,307
201807081545_027,247,350,Sailboat,834,1081,0,350
201807081545_027,18,17,Motorboat,366,384,272,289
201807081545_028,47,29,Motorboat,172,219,300,329
201807081545_028,32,89,Sailboat,356,388,192,281
201807081545_029,70,82,Sailboat,279,349,209,291
201807081545_030,75,136,Sailboat,153,228,167,303
201807081545_031,107,185,Sailboat,28,135,127,312
201807081545_032,120,155,Sailboat,58,178,169,324
201807081545_023,22,17,Miscboat,547,569,249,266
201807081545_024,18,20,Miscboat,627,645,246,266
201807081545_025,16,18,Miscboat,603,619,249,267
201807081545_026,34,31,Miscboat,664,698,241,272
201807081545_027,34,31,Miscboat,637,671,242,273
201807081545_028,36,34,Miscboat,718,754,243,277
201807081545_029,52,71,Miscboat,694,746,216,287
201807081545_030,80,61,Miscboat,717,797,229,290
201807081545_031,97,96,Miscboat,801,898,213,309
201807081545_032,192,291,Miscboat,1088,1280,154,445
201807081545_029,22,89,Sailboat,638,660,183,272
201807081545_030,18,14,Motorboat,649,667,260,274
201807081545_031,16,13,Motorboat,702,718,263,276
201807081545_032,26,23,Motorboat,753,779,264,287
201807081545_033,35,35,Motorboat,833,868,275,310
201807081545_034,109,191,Motorboat,1161,1270,241,432
201807081545_025,33,48,Sailboat,397,430,224,272
201807081545_026,32,64,Sailboat,451,483,218,282
201807081545_027,29,57,Sailboat,392,421,223,280
201807081545_028,31,61,Sailboat,422,453,219,280
201807081545_029,46,77,Sailboat,357,403,209,286
201807081545_030,54,89,Sailboat,296,350,202,291
201807081545_031,57,94,Sailboat,287,344,199,293
201807081545_032,91,46,Motorboat,49,140,282,328
201807081545_023,16,15,Motorboat,529,545,250,265
201807081545_024,16,15,Motorboat,602,618,248,263
201807081545_025,15,14,Motorboat,576,591,251,265
201807081545_026,22,20,Motorboat,642,664,250,270
201807081545_027,21,19,Motorboat,611,632,252,271
201807081545_028,23,25,Motorboat,683,706,247,272
201807081545_029,35,29,Motorboat,652,687,249,278
201807081545_030,34,38,Motorboat,670,704,245,283
201807081545_031,39,50,Motorboat,726,765,235,285
201807081545_032,94,105,Motorboat,802,896,215,320
201807081545_032,107,44,Motorboat,224,331,261,305
201807081545_033,101,59,Motorboat,2,103,282,341
201807081545_032,15,13,Boat,574,589,268,281
201807081545_033,37,27,Boat,352,389,295,322
201807081545_032,57,291,Sailboat,935,992,46,337
201807081545_033,106,347,Sailboat,932,1038,1,348
201807081545_034,173,368,Sailboat,974,1147,9,377
201807081545_031,53,88,Sailboat,409,462,194,282
201807081545_032,83,126,Sailboat,352,435,162,288
201807081545_034,91,318,Sailboat,10,101,30,348
201807081545_035,154,136,Passengership,1,155,285,421
201807081545_031,8,6,Passengership,611,619,256,262
201807081545_032,13,13,Passengership,622,635,254,267
201807081545_033,18,21,Passengership,608,626,251,272
201807081545_034,39,47,Passengership,458,497,244,291
201807081545_035,47,50,Passengership,427,474,227,277
201807081545_036,41,34,Passengership,460,501,245,279
201807081545_037,108,40,Passengership,302,410,251,291
201807081545_038,89,85,Passengership,177,266,218,303
201807081545_039,136,76,Passengership,30,166,237,313
201807081545_031,15,15,Passengership,547,562,249,264
201807081545_032,23,18,Passengership,566,589,248,266
201807081545_032,96,131,Sailboat,294,390,164,295
201807081545_033,89,174,Sailboat,241,330,132,306
201807081545_034,58,191,Sailboat,148,206,127,318
201807081545_035,184,51,Ferry,5,189,273,324
201807081545_034,108,82,Passengership,810,918,208,290
201807081545_035,223,243,Passengership,883,1106,101,344
201807081545_036,198,200,Passengership,1082,1280,199,399
201807081545_037,107,327,Sailboat,1168,1275,44,371
201807081545_035,103,107,Sailboat,154,257,196,303
201807081545_036,101,143,Sailboat,59,160,177,320
201807081545_035,34,120,Sailboat,845,879,177,297
201807081545_036,58,126,Sailboat,974,1032,186,312
201807081545_034,45,49,Passengership,755,800,232,281
201807081545_035,69,75,Passengership,779,848,215,290
201807081545_036,95,78,Passengership,878,973,222,300
201807081545_037,192,133,Passengership,927,1119,201,334
201807081545_037,30,34,Miscboat,787,817,252,286
201807081545_038,40,66,Miscboat,808,848,233,299
201807081545_037,58,45,Passengership,811,869,244,289
201807081545_039,99,64,Miscboat,935,1034,270,334
201807081545_039,50,178,Sailboat,852,902,126,304
201807081545_040,56,50,Miscboat,896,952,258,308
201807081545_038,140,89,Miscboat,834,974,236,325
201807081545_039,192,191,Miscboat,1088,1280,230,421
201807081545_032,37,16,Cruiseship,645,682,248,264
201807081545_033,40,16,Ferry,627,667,250,266
201807081545_034,56,17,Ferry,520,576,253,270
201807081545_035,55,18,Ferry,494,549,258,276
201807081545_036,77,31,Passengership,499,576,249,280
201807081545_037,32,21,Passengership,428,460,251,272
201807081545_038,45,32,Passengership,355,400,247,279
201807081545_039,54,33,Passengership,319,373,252,285
201807081545_040,100,48,Passengership,208,308,248,296
201807081545_041,147,100,Passengership,0,147,232,332
201807081545_040,27,23,Miscboat,534,561,247,270
201807081545_041,38,33,Miscboat,524,562,242,275
201807081545_042,38,36,Miscboat,463,501,244,280
201807081545_043,49,37,Miscboat,377,426,245,282
201807081545_044,80,54,Miscboat,324,404,243,297
201807081545_045,98,39,Miscboat,256,354,258,297
201807081545_040,15,18,Miscboat,563,578,250,268
201807081545_041,27,23,Miscboat,559,586,247,270
201807081545_042,22,25,Miscboat,507,529,251,276
201807081545_043,32,22,Miscboat,437,469,258,280
201807081545_044,45,31,Miscboat,411,456,257,288
201807081545_045,56,30,Miscboat,368,424,261,291
201807081545_046,76,34,Miscboat,41,117,278,312
201807081545_044,16,9,Boat,727,743,265,274
201807081545_045,18,10,Boat,720,738,268,278
201807081545_046,34,20,Boat,411,445,282,302
201807081545_047,68,47,Boat,86,154,311,358
201807081545_014,7,9,Boat,499,506,258,267
201807081545_002,28,16,Boat,406,434,277,293
201807081545_003,51,22,Motorboat,1090,1141,262,284
201807081545_005,72,52,Motorboat,945,1017,279,331
201807081545_011,48,36,Boat,1204,1252,257,293
201807081545_011,43,26,Boat,1064,1107,268,294
201807081545_011,68,27,Boat,580,648,277,304
201807081545_020,38,26,Boat,278,316,283,309
201807081545_020,66,46,Boat,486,552,280,326
201807081545_033,218,288,Motorboat,1062,1280,196,484
201807081545_039,47,48,Miscboat,804,851,248,296
201807081545_040,131,95,Miscboat,1039,1170,264,359
201807081545_040,72,70,Motorboat,964,1036,256,326
201807081545_040,64,58,Motorboat,831,895,242,300
201807081545_041,30,17,Boat,509,539,272,289
201807081545_009,15,28,Sailboat,228,243,265,293
201807081545_028,24,49,Sailboat,519,543,220,269
201807081545_028,26,82,Sailboat,393,419,200,282
201807081545_032,98,357,Sailboat,991,1089,1,358
201807081545_033,145,239,Sailboat,104,249,79,318
201807081545_033,45,252,Sailboat,872,917,55,307
201807081545_020,22,9,Ferry,651,673,251,260
201807081545_023,206,96,Ferry,942,1148,248,344
201807081545_000,48,25,Passengership,981,1029,240,265
201807081545_037,70,70,Passengership,868,938,232,302
201807081545_026,179,213,Militaryship,1,180,155,368
201807081545_038,301,261,Passengership,980,1281,117,378
201807081545_035,24,17,Passengership,570,594,247,264
201807081545_000,44,23,Boat,2,46,308,331
201807081545_000,22,21,Boat,1206,1228,263,284
201807081545_007,20,19,Boat,1206,1226,276,295
201807081545_007,32,26,Boat,315,347,278,304
201807081545_007,23,16,Militaryship,188,211,283,299
201807081545_010,37,23,Motorboat,275,312,281,304
201807081545_019,24,19,Boat,586,610,260,279
201807081545_026,52,44,Miscboat,242,294,257,301
201807081545_029,52,21,Motorboat,258,310,273,294
201807081545_032,77,48,Motorboat,1,78,284,332
201807081545_041,238,211,Motorboat,1042,1280,179,390
201807081545_038,15,13,Boat,644,659,253,266
201807081545_044,79,83,Motorboat,1023,1102,236,319
201807081545_007,46,53,Militaryship,85,131,244,297
201807081545_009,150,125,Militaryship,4,154,191,316
201807081545_014,134,222,Militaryship,1,135,118,340
201807081545_014,29,54,Militaryship,370,399,219,273
201807081545_014,17,20,Militaryship,456,473,248,268
201807081545_019,30,24,Militaryship,290,320,267,291
201807081545_019,35,23,Militaryship,342,377,265,288
201807081545_020,42,50,Militaryship,322,364,253,303
201807081545_019,26,32,Militaryship,378,404,256,288
201807081545_019,18,25,Militaryship,322,340,264,289
201807081545_000,32,98,Seamark,938,970,282,380
201807081545_005,22,76,Seamark,1242,1264,261,337
201807081545_000,167,97,Passengership,671,838,198,295
201807081545_025,26,8,Ferry,468,494,256,264
201807081545_034,134,32,Ferry,190,324,262,294
201807081545_043,23,16,Miscboat,847,870,262,278
201807081545_044,39,26,Miscboat,910,949,262,288
201807081545_045,66,28,Miscboat,985,1051,267,295
201807081545_046,102,35,Miscboat,917,1019,272,307
201807081545_047,158,71,Miscboat,918,1076,265,336
201807081615_000,211,102,Passengership,1027,1238,203,305
201807081615_001,179,173,Passengership,1101,1280,153,326
201807081615_001,15,11,Boat,434,449,269,280
201807081615_002,46,41,Boat,162,208,297,338
201807081615_001,133,87,Passengership,871,1004,207,294
201807081615_002,272,176,Passengership,949,1221,160,336
201807081615_000,23,29,Motorboat,445,468,247,276
201807081615_001,36,35,Motorboat,285,321,248,283
201807081615_002,74,60,Motorboat,61,135,246,306
201807081615_003,74,72,Motorboat,0,74,256,328
201807081615_002,37,54,Miscboat,174,211,235,289
201807081615_003,49,42,Miscboat,223,272,257,299
201807081615_000,38,26,Passengership,748,786,245,271
201807081615_001,43,34,Passengership,673,716,237,271
201807081615_002,58,56,Passengership,665,723,228,284
201807081615_003,88,67,Passengership,937,1025,236,303
201807081615_004,174,180,Passengership,1105,1279,193,373
201807081615_002,28,28,Miscboat,220,248,250,278
201807081615_003,47,39,Miscboat,316,363,247,286
201807081615_004,69,51,Miscboat,40,109,256,307
201807081615_004,58,39,Miscboat,227,285,244,283
201807081615_005,90,88,Miscboat,1,91,220,308
201807081615_002,32,25,Passengership,276,308,245,270
201807081615_003,46,37,Passengership,421,467,237,274
201807081615_004,55,44,Passengership,288,343,236,280
201807081615_005,102,78,Passengership,102,204,219,297
201807081615_006,43,83,Passengership,0,43,228,311
201807081615_002,33,50,Sailboat,543,576,221,271
201807081615_003,42,64,Sailboat,745,787,216,280
201807081615_004,54,83,Sailboat,717,771,202,285
201807081615_005,64,106,Sailboat,735,799,184,290
201807081615_006,105,178,Sailboat,910,1015,146,324
201807081615_001,50,15,Ferry,401,451,248,263
201807081615_002,55,25,Ferry,318,373,245,270
201807081615_003,62,29,Ferry,457,519,246,275
201807081615_004,81,26,Ferry,342,423,249,275
201807081615_005,119,49,Ferry,203,322,236,285
201807081615_006,178,42,Ferry,101,279,254,296
201807081615_007,189,74,Ferry,1,190,252,326
201807081615_006,67,19,Motorboat,705,772,268,287
201807081615_007,85,26,Motorboat,830,915,276,302
201807081615_008,113,230,Sailboat,896,1009,84,314
201807081615_005,29,117,Sailboat,346,375,155,272
201807081615_006,25,141,Sailboat,381,406,134,275
201807081615_007,40,174,Sailboat,402,442,110,284
201807081615_008,77,245,Sailboat,288,365,44,289
201807081615_007,45,33,Motorboat,435,480,244,277
201807081615_008,87,52,Motorboat,358,445,233,285
201807081615_005,12,8,Boat,529,541,256,264
201807081615_008,12,14,Boat,739,751,249,263
201807081615_005,20,19,Motorboat,403,423,246,265
201807081615_006,22,21,Motorboat,469,491,246,267
201807081615_007,25,22,Motorboat,528,553,248,270
201807081615_008,36,30,Motorboat,519,555,241,271
201807081615_004,17,93,Sailboat,424,441,175,268
201807081615_007,18,89,Sailboat,501,519,184,273
201807081615_008,40,117,Sailboat,484,524,156,273
201807081615_002,11,11,Motorboat,390,401,251,262
201807081615_004,12,12,Motorboat,541,553,248,260
201807081615_005,11,10,Motorboat,502,513,250,260
201807081615_006,12,11,Motorboat,594,606,251,262
201807081615_007,13,12,Motorboat,684,697,250,262
201807081615_008,11,8,Motorboat,718,729,249,257
201807081615_002,36,49,Sailboat,467,503,215,264
201807081615_005,59,91,Sailboat,586,645,181,272
201807081615_008,122,169,Sailboat,840,962,137,306
201807081615_010,37,26,Miscboat,423,460,247,273
201807081615_011,61,44,Miscboat,315,376,239,283
201807081615_012,77,39,Miscboat,191,268,258,297
201807081615_012,64,51,Miscboat,940,1004,255,306
201807081615_013,120,109,Miscboat,1063,1183,236,345
201807081615_010,42,116,Sailboat,459,501,155,271
201807081615_011,66,163,Sailboat,373,439,117,280
201807081615_012,86,200,Sailboat,273,359,87,287
201807081615_013,140,295,Sailboat,62,202,20,315
201807081615_011,31,46,Militaryship,819,850,233,279
201807081615_012,34,52,Militaryship,833,867,233,285
201807081615_013,49,53,Militaryship,808,857,245,298
201807081615_014,143,199,Militaryship,1053,1196,157,356
201807081615_015,218,470,Militaryship,1062,1280,15,485
201807081615_012,45,43,Militaryship,893,938,256,299
201807081615_013,74,54,Militaryship,956,1030,267,321
201807081615_014,89,143,Militaryship,1191,1280,220,363
201807081615_009,37,37,Militaryship,443,480,229,266
201807081615_010,48,53,Militaryship,500,548,215,268
201807081615_011,74,87,Militaryship,438,512,185,272
201807081615_012,84,89,Militaryship,380,464,182,271
201807081615_013,115,133,Militaryship,262,377,157,290
201807081615_014,279,228,Militaryship,1,280,95,323
201807081615_009,33,43,Militaryship,478,511,220,263
201807081615_010,39,51,Militaryship,549,588,215,266
201807081615_011,68,82,Militaryship,505,573,186,268
201807081615_012,58,86,Militaryship,472,530,182,268
201807081615_013,88,105,Militaryship,384,472,169,274
201807081615_014,179,182,Militaryship,297,476,118,300
201807081615_015,380,267,Militaryship,1,381,51,318
201807081615_009,15,20,Militaryship,655,670,244,264
201807081615_010,22,32,Militaryship,747,769,237,269
201807081615_011,30,51,Militaryship,760,790,224,275
201807081615_012,33,36,Militaryship,766,799,243,279
201807081615_013,44,47,Militaryship,754,798,241,288
201807081615_014,94,121,Militaryship,906,1000,210,331
201807081615_015,103,23,Passengership,841,944,255,278
201807081615_016,143,32,Passengership,817,960,263,295
201807081615_017,244,63,Passengership,931,1175,276,339
201807081615_009,21,19,Militaryship,627,648,245,264
201807081615_010,24,31,Militaryship,721,745,237,268
201807081615_011,40,54,Militaryship,721,761,224,278
201807081615_012,38,33,Militaryship,721,759,245,278
201807081615_013,48,46,Militaryship,698,746,239,285
201807081615_014,104,129,Militaryship,802,906,201,330
201807081615_015,53,37,Miscboat,942,995,256,293
201807081615_016,106,70,Miscboat,1078,1184,279,349
201807081615_016,37,67,Militaryship,800,837,205,272
201807081615_017,85,73,Militaryship,804,889,193,266
201807081615_018,50,93,Militaryship,715,765,184,277
201807081615_019,80,123,Militaryship,641,721,164,287
201807081615_020,334,225,Militaryship,719,1053,99,324
201807081615_021,343,451,Militaryship,937,1280,1,452
201807081615_018,45,54,Militaryship,771,816,239,293
201807081615_019,89,86,Militaryship,729,818,238,324
201807081615_016,20,13,Boat,398,418,268,281
201807081615_017,49,54,Boat,1,50,300,354
201807081615_010,59,46,Militaryship,595,654,214,260
201807081615_011,74,57,Militaryship,576,650,208,265
201807081615_012,70,31,Militaryship,551,621,230,261
201807081615_013,78,55,Militaryship,499,577,208,263
201807081615_014,108,50,Militaryship,517,625,218,268
201807081615_015,122,65,Militaryship,477,599,206,271
201807081615_016,179,92,Militaryship,274,453,189,281
201807081615_017,282,159,Militaryship,101,383,148,307
201807081615_018,118,119,Militaryship,3,121,187,306
201807081615_016,13,8,Boat,653,666,255,263
201807081615_017,13,16,Boat,617,630,255,271
201807081615_018,14,18,Boat,470,484,262,280
201807081615_019,40,24,Boat,223,263,279,303
201807081615_011,78,144,Sailboat,773,851,106,250
201807081615_012,96,177,Sailboat,760,856,82,259
201807081615_013,117,215,Sailboat,724,841,58,273
201807081615_014,109,190,Sailboat,822,931,45,235
201807081615_015,155,243,Sailboat,832,987,6,249
201807081615_016,212,262,Sailboat,782,994,0,262
201807081615_017,323,313,Sailboat,827,1150,1,314
201807081615_018,502,410,Sailboat,778,1280,1,411
201807081615_019,308,443,Sailboat,974,1282,1,444
201807081615_010,52,35,Militaryship,669,721,222,257
201807081615_011,71,42,Militaryship,651,722,218,260
201807081615_012,67,40,Militaryship,638,705,217,257
201807081615_013,73,46,Militaryship,589,662,214,260
201807081615_014,105,56,Militaryship,636,741,207,263
201807081615_015,68,83,Militaryship,652,720,195,278
201807081615_016,129,85,Militaryship,479,608,183,268
201807081615_017,165,106,Militaryship,424,589,171,277
201807081615_018,217,125,Militaryship,222,439,152,277
201807081615_019,283,178,Militaryship,0,283,128,306
201807081615_020,186,176,Militaryship,1,187,150,326
201807081615_018,43,57,Militaryship,822,865,238,295
201807081615_019,69,78,Militaryship,820,889,242,320
201807081615_017,13,18,Passengership,663,676,238,256
201807081615_018,14,20,Passengership,539,553,236,256
201807081615_019,41,35,Passengership,403,444,239,274
201807081615_020,30,44,Passengership,454,484,218,262
201807081615_021,39,51,Passengership,495,534,219,270
201807081615_022,77,90,Passengership,411,488,196,286
201807081615_023,356,330,Passengership,0,356,76,406
201807081615_024,121,51,Miscboat,37,158,247,298
201807081615_019,58,57,Militaryship,282,340,210,267
201807081615_020,123,224,Sailboat,272,395,92,316
201807081615_021,210,137,Militaryship,165,375,151,288
201807081615_022,249,209,Militaryship,27,276,102,311
201807081615_020,30,14,Miscboat,404,434,249,263
201807081615_021,33,15,Miscboat,395,428,253,268
201807081615_022,50,22,Miscboat,329,379,253,275
201807081615_016,40,101,Cruiseship,768,808,160,261
201807081615_017,70,117,Cruiseship,768,838,152,269
201807081615_018,88,131,Cruiseship,671,759,137,268
201807081615_019,128,128,Cruiseship,561,689,142,270
201807081615_020,138,169,Cruiseship,633,771,109,278
201807081615_021,237,300,Cruiseship,730,967,1,301
201807081615_022,508,361,Cruiseship,772,1280,1,362
201807081615_023,374,422,Cruiseship,907,1281,1,423
201807081615_023,90,243,Militaryship,850,940,47,290
201807081615_024,279,335,Militaryship,1002,1281,40,375
201807081615_022,18,15,Motorboat,495,513,256,271
201807081615_023,40,33,Boat,477,517,255,288
201807081615_015,25,56,Militaryship,829,854,204,260
201807081615_016,33,66,Militaryship,731,764,192,258
201807081615_017,49,75,Militaryship,717,766,186,261
201807081615_018,52,82,Militaryship,612,664,180,262
201807081615_019,50,94,Militaryship,513,563,168,262
201807081615_020,61,117,Militaryship,574,635,148,265
201807081615_021,61,138,Cruiseship,658,719,133,271
201807081615_022,95,191,Militaryship,657,752,90,281
201807081615_023,168,265,Militaryship,698,866,37,302
201807081615_024,315,349,Militaryship,744,1059,1,350
201807081615_025,349,535,Militaryship,935,1284,1,536
201807081615_023,45,17,Miscboat,349,394,253,270
201807081615_024,50,19,Miscboat,271,321,257,276
201807081615_025,96,46,Miscboat,173,269,249,295
201807081615_025,72,274,Militaryship,886,958,48,322
201807081615_026,316,486,Militaryship,965,1281,1,487
201807081615_025,77,113,Militaryship,811,888,162,275
201807081615_026,121,164,Militaryship,721,842,129,293
201807081615_027,181,243,Militaryship,857,1038,73,316
201807081615_028,305,457,Militaryship,975,1280,1,458
201807081615_028,37,14,Motorboat,857,894,251,265
201807081615_029,45,21,Motorboat,868,913,248,269
201807081615_030,57,24,Motorboat,312,369,242,266
201807081615_019,8,6,Boat,476,484,254,260
201807081615_020,12,10,Boat,532,544,251,261
201807081615_021,13,11,Boat,595,608,253,264
201807081615_022,9,8,Boat,593,602,255,263
201807081615_023,12,14,Boat,627,639,253,267
201807081615_024,13,15,Boat,634,647,253,268
201807081615_025,15,12,Boat,715,730,256,268
201807081615_026,20,15,Boat,624,644,258,273
201807081615_027,22,16,Boat,784,806,260,276
201807081615_028,26,18,Boat,848,874,269,287
201807081615_029,28,25,Boat,1003,1031,275,300
201807081615_030,38,26,Boat,535,573,276,302
201807081615_031,73,38,Boat,215,288,294,332
201807081615_032,78,52,Boat,111,189,295,347
201807081615_031,7,6,Motorboat,705,712,265,271
201807081615_032,9,11,Motorboat,759,768,265,276
201807081615_033,11,10,Motorboat,655,666,253,263
201807081615_034,10,9,Motorboat,645,655,258,267
201807081615_035,23,17,Motorboat,523,546,257,274
201807081615_036,41,23,Motorboat,222,263,267,290
201807081615_031,61,45,Militaryship,628,689,217,262
201807081615_032,58,56,Militaryship,509,567,196,252
201807081615_033,113,78,Militaryship,352,465,182,260
201807081615_034,130,68,Militaryship,290,420,198,266
201807081615_035,167,75,Militaryship,153,320,195,270
201807081615_036,143,113,Militaryship,0,143,162,275
201807081615_031,54,57,Militaryship,575,629,206,263
201807081615_032,65,63,Militaryship,473,538,203,266
201807081615_034,75,87,Militaryship,239,314,188,275
201807081615_035,128,110,Militaryship,65,193,174,284
201807081615_029,27,9,Boat,996,1023,269,278
201807081615_030,24,14,Boat,795,819,258,272
201807081615_031,11,9,Boat,783,794,261,270
201807081615_032,14,15,Boat,738,752,259,274
201807081615_033,40,16,Boat,536,576,254,270
201807081615_034,42,17,Boat,344,386,269,286
201807081615_031,12,9,Boat,824,836,257,266
201807081615_032,21,12,Boat,755,776,253,265
201807081615_033,25,14,Boat,610,635,252,266
201807081615_034,23,13,Boat,548,571,261,274
201807081615_035,33,21,Boat,329,362,266,287
201807081615_035,12,11,Boat,625,637,249,260
201807081615_036,9,17,Seamark,445,454,241,258
201807081615_037,11,14,Seamark,424,435,246,260
201807081615_038,11,14,Seamark,364,375,244,258
201807081615_037,3,16,Seamark,276,279,257,273
201807081615_038,10,23,Seamark,177,187,258,281
201807081615_035,7,9,Seamark,365,372,250,259
201807081615_036,8,10,Seamark,229,237,248,258
201807081615_037,5,6,Seamark,233,238,252,258
201807081615_038,6,13,Seamark,192,198,248,261
201807081615_035,8,14,Seamark,539,547,249,263
201807081615_036,9,15,Seamark,403,412,245,260
201807081615_037,7,19,Seamark,401,408,246,265
201807081615_038,6,20,Seamark,352,358,247,267
201807081615_039,11,25,Seamark,176,187,251,276
201807081615_040,10,36,Seamark,17,27,252,288
201807081615_037,11,9,Boat,341,352,253,262
201807081615_038,15,10,Boat,345,360,254,264
201807081615_037,13,17,Passengership,556,569,240,257
201807081615_038,14,19,Passengership,523,537,241,260
201807081615_039,33,30,Passengership,361,394,239,269
201807081615_040,82,61,Passengership,117,199,226,287
201807081615_041,4,9,Seamark,300,304,254,263
201807081615_042,6,10,Seamark,123,129,253,263
201807081615_043,5,9,Seamark,218,223,256,265
201807081615_044,6,15,Seamark,257,263,248,263
201807081615_045,7,14,Seamark,146,153,254,268
201807081615_046,6,13,Seamark,133,139,256,269
201807081615_047,12,21,Seamark,142,154,251,272
201807081615_049,41,66,Sailboat,589,630,197,263
201807081615_052,87,139,Sailboat,144,231,147,286
201807081615_049,46,61,Sailboat,640,686,204,265
201807081615_050,43,18,Motorboat,700,743,248,266
201807081615_051,45,101,Sailboat,578,623,171,272
201807081615_052,81,27,Motorboat,249,330,256,283
201807081615_052,51,12,Motorboat,514,565,258,270
201807081615_053,51,18,Motorboat,388,439,259,277
201807081615_054,83,21,Boat,55,138,285,306
201807081615_052,4,19,Seamark,932,936,273,292
201807081615_053,8,48,Seamark,946,954,267,315
201807081615_054,9,75,Seamark,959,968,285,360
201807081615_052,59,104,Sailboat,733,792,173,277
201807081615_053,68,133,Sailboat,650,718,150,283
201807081615_054,81,187,Sailboat,439,520,109,296
201807081615_051,28,24,Motorboat,827,855,248,272
201807081615_052,30,31,Motorboat,614,644,242,273
201807081615_053,33,34,Motorboat,511,544,244,278
201807081615_054,43,35,Motorboat,251,294,250,285
201807081615_056,42,49,Boat,557,599,262,311
201807081615_057,54,54,Boat,1163,1217,280,334
201807081615_056,46,198,Sailboat,500,546,125,323
201807081615_057,55,294,Sailboat,1089,1144,39,333
201807081615_056,84,56,Motorboat,374,458,265,321
201807081615_057,120,64,Motorboat,900,1020,266,330
201807081615_056,24,12,Motorboat,264,288,270,282
201807081615_057,22,21,Motorboat,411,433,269,290
201807081615_058,91,36,Motorboat,700,791,273,309
201807081615_059,150,130,Motorboat,1131,1281,281,411
201807081615_059,49,20,Motorboat,293,342,258,278
201807081615_060,58,24,Motorboat,99,157,267,291
201807081615_061,52,18,Motorboat,291,343,265,283
201807081615_062,48,27,Motorboat,500,548,253,280
201807081615_063,40,21,Motorboat,301,341,264,285
201807081615_058,19,8,Boat,885,904,257,265
201807081615_059,25,12,Boat,624,649,257,269
201807081615_061,6,5,Boat,995,1001,256,261
201807081615_062,10,9,Boat,1018,1028,252,261
201807081615_061,14,12,Passengership,1151,1165,249,261
201807081615_062,19,14,Passengership,1113,1132,246,260
201807081615_058,4,11,Seamark,1043,1047,254,265
201807081615_059,8,19,Seamark,1003,1011,246,265
201807081615_060,10,19,Seamark,637,647,248,267
201807081615_061,9,17,Seamark,445,454,257,274
201807081615_062,16,26,Seamark,336,352,253,279
201807081615_061,43,18,Boat,134,177,279,297
201807081615_062,48,25,Boat,287,335,271,296
201807081615_063,44,23,Boat,60,104,284,307
201807081615_061,9,24,Seamark,1053,1062,258,282
201807081615_062,18,50,Seamark,1142,1160,249,299
201807081615_063,15,55,Seamark,928,943,251,306
201807081615_000,195,84,Motorboat,14,209,275,359
201807081615_002,10,11,Boat,437,447,254,265
201807081615_005,9,7,Boat,466,475,257,264
201807081615_008,9,10,Boat,680,689,250,260
201807081615_009,44,26,Boat,296,340,267,293
201807081615_024,80,31,Miscboat,160,240,252,283
201807081615_033,95,44,Passengership,70,165,229,273
201807081615_032,13,10,Boat,806,819,264,274
201807081615_035,10,9,Boat,735,745,255,264
201807081615_035,11,7,Boat,686,697,257,264
201807081615_035,9,8,Boat,429,438,251,259
201807081615_035,7,7,Boat,475,482,251,258
201807081615_041,19,17,Boat,215,234,260,277
201807081615_050,32,16,Boat,162,194,256,272
201807081615_051,141,163,Militaryship,1112,1253,164,327
201807081615_051,109,34,Passengership,224,333,233,267
201807081615_053,26,17,Boat,332,358,266,283
201807081615_053,20,15,Boat,309,329,262,277
201807081615_056,60,43,Boat,808,868,295,338
201807081615_057,41,59,Motorboat,1239,1280,273,332
201807081615_059,39,16,Boat,254,293,269,285
201807081615_062,8,6,Boat,916,924,258,264
201807081615_062,10,8,Boat,1074,1084,257,265
201807081615_062,10,9,Boat,948,958,254,263
201807081615_062,17,13,Motorboat,792,809,252,265
201807081615_008,117,301,Sailboat,1097,1214,61,362
201807081615_008,116,287,Sailboat,958,1074,50,337
201807081615_008,61,133,Sailboat,436,497,146,279
201807081615_009,72,257,Sailboat,151,223,62,319
201807081615_053,99,151,Sailboat,38,137,151,302
201807081615_056,35,215,Sailboat,729,764,101,316
201807081615_056,39,199,Sailboat,475,514,98,297
201807081615_000,111,35,Passengership,906,1017,260,295
201807081615_001,88,57,Passengership,1020,1108,248,305
201807081615_007,96,81,Passengership,189,285,217,298
201807081615_011,34,36,Militaryship,787,821,240,276
201807081615_014,94,118,Militaryship,1000,1094,200,318
201807081615_031,122,58,Passengership,52,174,241,299
201807081615_056,108,109,Passengership,792,900,172,281
201807081615_024,62,54,Boat,298,360,275,329
201807081615_024,31,24,Boat,394,425,269,293
201807081615_031,39,17,Motorboat,236,275,259,276
201807081615_034,8,5,Boat,800,808,259,264
201807081615_034,13,6,Boat,774,787,259,265
201807081615_055,26,23,Boat,1168,1194,290,313
201807081615_056,86,67,Motorboat,982,1068,272,339
201807081615_056,107,35,Boat,1157,1264,291,326
201807081615_056,35,48,Motorboat,616,651,262,310
201807081615_056,44,46,Motorboat,665,709,266,312
201807081615_058,33,16,Motorboat,168,201,269,285
201807081615_061,7,4,Boat,1082,1089,260,264
201807081615_013,47,54,Militaryship,861,908,246,300
201807081615_020,300,275,Militaryship,981,1281,223,498
201807081615_026,162,134,Militaryship,828,990,172,306
201807081615_027,166,216,Militaryship,1115,1281,183,399
201807081615_030,93,51,Militaryship,811,904,210,261
201807081615_016,81,35,Ferry,178,259,254,289
201807081615_025,93,91,Miscboat,7,100,223,314
201807081615_034,22,24,Boat,373,395,298,322
201807081615_045,198,95,Cargoship,1073,1271,190,285
201807081615_029,18,28,Seamark,151,169,262,290
201807081615_035,6,15,Seamark,457,463,254,269
201807081615_035,4,9,Seamark,400,404,255,264
201807081615_035,5,8,Seamark,494,499,251,259
201807081615_038,8,17,Seamark,166,174,250,267
201807081615_040,5,15,Seamark,58,63,258,273
201807081615_053,7,32,Seamark,749,756,254,286
201807081615_058,6,15,Seamark,7,13,274,289
201807081615_058,11,27,Seamark,98,109,273,300
201807081615_061,4,8,Seamark,1186,1190,257,265
201807081615_062,5,12,Seamark,1115,1120,253,265
201807081615_062,7,13,Seamark,1168,1175,253,266
201807081615_062,7,11,Seamark,985,992,251,262
201807081615_062,5,10,Boat,929,934,252,262
201807081615_001,28,15,Miscellaneous,554,582,276,291
201807081615_029,12,9,Boat,909,921,264,273
